[0] MPI startup(): I_MPI_TCP_NETMASK variable has been removed from the product, its value is ignored

 
 ***********************************************************************
 *                                                                     *
 *                                                                     *
 *                                                                     *
 *              ******  ********    **    ******** ********            *
 *             ******** ********   ****   ******** ********            *
 *             **          **     **  **     **    **                  *
 *              ***        **    ********    **    ******              *
 *                ***      **   **********   **    ******              *
 *                  **     **  **        **  **    **                  *
 *             ********    ** **          ** **    ********            *
 *              ******     ** VERSION 5.6.17 **    ********            *
 *                               RICS-AIST                             *
 *                           OSAKA UNIVERSITY                          *
 *                                                                     *
 ***********************************************************************
 
 PROGRAM STATE STARTED AT: Jul  1 10:16:40 2025

 THIS JOB RUNS ON         : xs01                            
 THE CURRENT DIRECTORY IS : /home/ikutaro/work/STATE/examples/Cu/sc     
 THE PROCESS ID IS        : 81375
 THE JOB WAS SUBMITTED BY : ikutaro             
 THE NUMBER OF PROCESSORS : 16
 THE NUMBER OF THREADS    : 1
 
 ELECTRONIC WAVEFUNCTIONS INITIALIZED 
 ELECTRONIC CHARGE INITIALIZED 
 IONIC POSITIONS READ FROM STANDARD INPUT 
 IONIC VELOCITIES INITIALIZED 
 MAXIMUM SCF ITERATIONS : 200
 MAXIMUM MD STEPS : 200
 MAXIMUM ELAPSED CPU TIME :  86400.00 SEC
 TIME INCREMENT IN MOLECULAR DYNAMICS :     50.00 A.U.
 ENERGY CRITERION FOR SCF ITERATIONS :  0.100000E-09 HA/ATOM

 EXCHANGE-CORRELATION FUNCTIONAL : ggapbe
 SPIN POLARIZATION NOT ALLOWED 
 NUMBER OF BANDS CONSIDERED : 16
 METHFESSEL-PAXTON SMEARING 
 SMEARING WIDTH : 0.002000
 DAVIDSON METHOD WITH G-SPACE TECHNIQUE 
 BLUGEL MIXING PARAMETERS 
   MIXING OBJECT : CHARGE 
   MIXING INFORMATION RESET AFTER 30 STEPS
   MIXING PARAMETER : 0.300

 ********************************** TYPE *******************************
 TYPE  NAME  INITIAL CHARGE   MASS(AMU)     PP TYPE  ILOC   INITIAL SPIN
    1    Cu          0.1500     63.5460   UltraSoft     3         0.0000
 ***********************************************************************

 ********************************* ATOMS *******************************
   ATOM    X(BOHR)    Y(BOHR)    Z(BOHR)     TAUX    TAUY    TAUZ IW  IR
   1  1    0.00000    0.00000    0.00000   0.0000  0.0000  0.0000  1   0
 ***********************************************************************

 ******************************** K-POINTS *****************************
 BRAVIAS LATTICE         :        SIMPLE              
 SPACE GROUP             :        P m -3 m  
 INVERSION SYMMETRY      :        NO 
 CONV. LAT. VECTOR(BOHR) :        4.592000       0.000000       0.000000
 CONV. LAT. VECTOR(BOHR) :        0.000000       4.592000       0.000000
 CONV. LAT. VECTOR(BOHR) :        0.000000       0.000000       4.592000
 PRIM. LAT. VECTOR(BOHR) :        4.592000       0.000000       0.000000
 PRIM. LAT. VECTOR(BOHR) :        0.000000       4.592000       0.000000
 PRIM. LAT. VECTOR(BOHR) :        0.000000       0.000000       4.592000
 PRIM. CELL VOLUME       :    0.968290E+02
 PRIM. REC. VECTOR(1/BOHR) :      1.368289       0.000000       0.000000
 PRIM. REC. VECTOR(1/BOHR) :      0.000000       1.368289       0.000000
 PRIM. REC. VECTOR(1/BOHR) :      0.000000       0.000000       1.368289
 REC. PRIM. CELL VOLUME    :  0.256173E+01
 ENERGY CUTOFF FOR SOFT MODE(RY) :  36.000
 ENERGY CUTOFF FOR HARD MODE(RY) : 400.000
 NUMBER OF K-POINT MESH  :              12             12             12
 K-POINT SHIFT           :             OFF            OFF            OFF
 NUMBER OF K-POINTS      :              84
        NKP            WKP              KX             KY             KZ
          1       0.000579        0.000000       0.000000       0.000000
          2       0.003472        0.114024       0.000000       0.000000
          3       0.003472        0.228048       0.000000       0.000000
          4       0.003472        0.342072       0.000000       0.000000
          5       0.003472        0.456096       0.000000       0.000000
          6       0.003472        0.570121       0.000000       0.000000
          7       0.001736        0.684145       0.000000       0.000000
          8       0.006944        0.114024       0.114024       0.000000
          9       0.013889        0.228048       0.114024       0.000000
         10       0.013889        0.342072       0.114024       0.000000
         11       0.013889        0.456096       0.114024       0.000000
         12       0.013889        0.570121       0.114024       0.000000
         13       0.006944        0.684145       0.114024       0.000000
         14       0.006944        0.228048       0.228048       0.000000
         15       0.013889        0.342072       0.228048       0.000000
         16       0.013889        0.456096       0.228048       0.000000
         17       0.013889        0.570121       0.228048       0.000000
         18       0.006944        0.684145       0.228048       0.000000
         19       0.006944        0.342072       0.342072       0.000000
         20       0.013889        0.456096       0.342072       0.000000
         21       0.013889        0.570121       0.342072       0.000000
         22       0.006944        0.684145       0.342072       0.000000
         23       0.006944        0.456096       0.456096       0.000000
         24       0.013889        0.570121       0.456096       0.000000
         25       0.006944        0.684145       0.456096       0.000000
         26       0.006944        0.570121       0.570121       0.000000
         27       0.006944        0.684145       0.570121       0.000000
         28       0.001736        0.684145       0.684145       0.000000
         29       0.004630        0.114024       0.114024       0.114024
         30       0.013889        0.228048       0.114024       0.114024
         31       0.013889        0.342072       0.114024       0.114024
         32       0.013889        0.456096       0.114024       0.114024
         33       0.013889        0.570121       0.114024       0.114024
         34       0.006944        0.684145       0.114024       0.114024
         35       0.013889        0.228048       0.228048       0.114024
         36       0.027778        0.342072       0.228048       0.114024
         37       0.027778        0.456096       0.228048       0.114024
         38       0.027778        0.570121       0.228048       0.114024
         39       0.013889        0.684145       0.228048       0.114024
         40       0.013889        0.342072       0.342072       0.114024
         41       0.027778        0.456096       0.342072       0.114024
         42       0.027778        0.570121       0.342072       0.114024
         43       0.013889        0.684145       0.342072       0.114024
         44       0.013889        0.456096       0.456096       0.114024
         45       0.027778        0.570121       0.456096       0.114024
         46       0.013889        0.684145       0.456096       0.114024
         47       0.013889        0.570121       0.570121       0.114024
         48       0.013889        0.684145       0.570121       0.114024
         49       0.003472        0.684145       0.684145       0.114024
         50       0.004630        0.228048       0.228048       0.228048
         51       0.013889        0.342072       0.228048       0.228048
         52       0.013889        0.456096       0.228048       0.228048
         53       0.013889        0.570121       0.228048       0.228048
         54       0.006944        0.684145       0.228048       0.228048
         55       0.013889        0.342072       0.342072       0.228048
         56       0.027778        0.456096       0.342072       0.228048
         57       0.027778        0.570121       0.342072       0.228048
         58       0.013889        0.684145       0.342072       0.228048
         59       0.013889        0.456096       0.456096       0.228048
         60       0.027778        0.570121       0.456096       0.228048
         61       0.013889        0.684145       0.456096       0.228048
         62       0.013889        0.570121       0.570121       0.228048
         63       0.013889        0.684145       0.570121       0.228048
         64       0.003472        0.684145       0.684145       0.228048
         65       0.004630        0.342072       0.342072       0.342072
         66       0.013889        0.456096       0.342072       0.342072
         67       0.013889        0.570121       0.342072       0.342072
         68       0.006944        0.684145       0.342072       0.342072
         69       0.013889        0.456096       0.456096       0.342072
         70       0.027778        0.570121       0.456096       0.342072
         71       0.013889        0.684145       0.456096       0.342072
         72       0.013889        0.570121       0.570121       0.342072
         73       0.013889        0.684145       0.570121       0.342072
         74       0.003472        0.684145       0.684145       0.342072
         75       0.004630        0.456096       0.456096       0.456096
         76       0.013889        0.570121       0.456096       0.456096
         77       0.006944        0.684145       0.456096       0.456096
         78       0.013889        0.570121       0.570121       0.456096
         79       0.013889        0.684145       0.570121       0.456096
         80       0.003472        0.684145       0.684145       0.456096
         81       0.004630        0.570121       0.570121       0.570121
         82       0.006944        0.684145       0.570121       0.570121
         83       0.003472        0.684145       0.684145       0.570121
         84       0.000579        0.684145       0.684145       0.684145
 ***********************************************************************
 *I* TOTAL NUMBER OF DEGREES OF FREEDOM :     0
     
 NEIBRD =       1331
 KID  KNX  KNY  KNZ  KNL  KNM  KNN  =   19    9    9    9   18   18   18
 KIDP KNXP KNYP KNZP KNLP KNMP KNNP =   31   15   15   15   30   30   30
 NUMBER OF GENERATED VECTORS KNG,KNGP =      2801     13133
 KFFT KFFTP =      12312     55800
 IOPT IOPTP =          1         1

 ************************* SYMMETRY OPERATION **************************
                   Rc              tc               Rp             tp
         1.0000  0.0000  0.0000  0.0000   1.0000  0.0000  0.0000  0.0000
 nr.  1  0.0000  1.0000  0.0000  0.0000   0.0000  1.0000  0.0000  0.0000
         0.0000  0.0000  1.0000  0.0000   0.0000  0.0000  1.0000  0.0000

        -1.0000  0.0000  0.0000  0.0000  -1.0000  0.0000  0.0000  0.0000
 nr.  2  0.0000 -1.0000  0.0000  0.0000   0.0000 -1.0000  0.0000  0.0000
         0.0000  0.0000 -1.0000  0.0000   0.0000  0.0000 -1.0000  0.0000

         0.0000 -1.0000  0.0000  0.0000   0.0000 -1.0000  0.0000  0.0000
 nr.  3  1.0000  0.0000  0.0000  0.0000   1.0000  0.0000  0.0000  0.0000
         0.0000  0.0000  1.0000  0.0000   0.0000  0.0000  1.0000  0.0000

         0.0000  0.0000  1.0000  0.0000   0.0000  0.0000  1.0000  0.0000
 nr.  4  1.0000  0.0000  0.0000  0.0000   1.0000  0.0000  0.0000  0.0000
         0.0000  1.0000  0.0000  0.0000   0.0000  1.0000  0.0000  0.0000

         0.0000  1.0000  0.0000  0.0000   0.0000  1.0000  0.0000  0.0000
 nr.  5 -1.0000  0.0000  0.0000  0.0000  -1.0000  0.0000  0.0000  0.0000
         0.0000  0.0000 -1.0000  0.0000   0.0000  0.0000 -1.0000  0.0000

         0.0000  0.0000 -1.0000  0.0000   0.0000  0.0000 -1.0000  0.0000
 nr.  6 -1.0000  0.0000  0.0000  0.0000  -1.0000  0.0000  0.0000  0.0000
         0.0000 -1.0000  0.0000  0.0000   0.0000 -1.0000  0.0000  0.0000

        -1.0000  0.0000  0.0000  0.0000  -1.0000  0.0000  0.0000  0.0000
 nr.  7  0.0000 -1.0000  0.0000  0.0000   0.0000 -1.0000  0.0000  0.0000
         0.0000  0.0000  1.0000  0.0000   0.0000  0.0000  1.0000  0.0000

        -1.0000  0.0000  0.0000  0.0000  -1.0000  0.0000  0.0000  0.0000
 nr.  8  0.0000  0.0000  1.0000  0.0000   0.0000  0.0000  1.0000  0.0000
         0.0000  1.0000  0.0000  0.0000   0.0000  1.0000  0.0000  0.0000

         0.0000  0.0000  1.0000  0.0000   0.0000  0.0000  1.0000  0.0000
 nr.  9  0.0000 -1.0000  0.0000  0.0000   0.0000 -1.0000  0.0000  0.0000
         1.0000  0.0000  0.0000  0.0000   1.0000  0.0000  0.0000  0.0000

         0.0000  1.0000  0.0000  0.0000   0.0000  1.0000  0.0000  0.0000
 nr. 10  0.0000  0.0000  1.0000  0.0000   0.0000  0.0000  1.0000  0.0000
         1.0000  0.0000  0.0000  0.0000   1.0000  0.0000  0.0000  0.0000

         1.0000  0.0000  0.0000  0.0000   1.0000  0.0000  0.0000  0.0000
 nr. 11  0.0000  1.0000  0.0000  0.0000   0.0000  1.0000  0.0000  0.0000
         0.0000  0.0000 -1.0000  0.0000   0.0000  0.0000 -1.0000  0.0000

         1.0000  0.0000  0.0000  0.0000   1.0000  0.0000  0.0000  0.0000
 nr. 12  0.0000  0.0000 -1.0000  0.0000   0.0000  0.0000 -1.0000  0.0000
         0.0000 -1.0000  0.0000  0.0000   0.0000 -1.0000  0.0000  0.0000

         0.0000  0.0000 -1.0000  0.0000   0.0000  0.0000 -1.0000  0.0000
 nr. 13  0.0000  1.0000  0.0000  0.0000   0.0000  1.0000  0.0000  0.0000
        -1.0000  0.0000  0.0000  0.0000  -1.0000  0.0000  0.0000  0.0000

         0.0000 -1.0000  0.0000  0.0000   0.0000 -1.0000  0.0000  0.0000
 nr. 14  0.0000  0.0000 -1.0000  0.0000   0.0000  0.0000 -1.0000  0.0000
        -1.0000  0.0000  0.0000  0.0000  -1.0000  0.0000  0.0000  0.0000

         0.0000  1.0000  0.0000  0.0000   0.0000  1.0000  0.0000  0.0000
 nr. 15 -1.0000  0.0000  0.0000  0.0000  -1.0000  0.0000  0.0000  0.0000
         0.0000  0.0000  1.0000  0.0000   0.0000  0.0000  1.0000  0.0000

         0.0000  0.0000 -1.0000  0.0000   0.0000  0.0000 -1.0000  0.0000
 nr. 16 -1.0000  0.0000  0.0000  0.0000  -1.0000  0.0000  0.0000  0.0000
         0.0000  1.0000  0.0000  0.0000   0.0000  1.0000  0.0000  0.0000

         0.0000  0.0000 -1.0000  0.0000   0.0000  0.0000 -1.0000  0.0000
 nr. 17  0.0000  1.0000  0.0000  0.0000   0.0000  1.0000  0.0000  0.0000
         1.0000  0.0000  0.0000  0.0000   1.0000  0.0000  0.0000  0.0000

         0.0000  0.0000  1.0000  0.0000   0.0000  0.0000  1.0000  0.0000
 nr. 18 -1.0000  0.0000  0.0000  0.0000  -1.0000  0.0000  0.0000  0.0000
         0.0000 -1.0000  0.0000  0.0000   0.0000 -1.0000  0.0000  0.0000

         1.0000  0.0000  0.0000  0.0000   1.0000  0.0000  0.0000  0.0000
 nr. 19  0.0000  0.0000  1.0000  0.0000   0.0000  0.0000  1.0000  0.0000
         0.0000 -1.0000  0.0000  0.0000   0.0000 -1.0000  0.0000  0.0000

         0.0000 -1.0000  0.0000  0.0000   0.0000 -1.0000  0.0000  0.0000
 nr. 20  1.0000  0.0000  0.0000  0.0000   1.0000  0.0000  0.0000  0.0000
         0.0000  0.0000 -1.0000  0.0000   0.0000  0.0000 -1.0000  0.0000

         0.0000  0.0000  1.0000  0.0000   0.0000  0.0000  1.0000  0.0000
 nr. 21  1.0000  0.0000  0.0000  0.0000   1.0000  0.0000  0.0000  0.0000
         0.0000 -1.0000  0.0000  0.0000   0.0000 -1.0000  0.0000  0.0000

         0.0000  0.0000  1.0000  0.0000   0.0000  0.0000  1.0000  0.0000
 nr. 22  0.0000 -1.0000  0.0000  0.0000   0.0000 -1.0000  0.0000  0.0000
        -1.0000  0.0000  0.0000  0.0000  -1.0000  0.0000  0.0000  0.0000

         0.0000  0.0000 -1.0000  0.0000   0.0000  0.0000 -1.0000  0.0000
 nr. 23  1.0000  0.0000  0.0000  0.0000   1.0000  0.0000  0.0000  0.0000
         0.0000  1.0000  0.0000  0.0000   0.0000  1.0000  0.0000  0.0000

        -1.0000  0.0000  0.0000  0.0000  -1.0000  0.0000  0.0000  0.0000
 nr. 24  0.0000  0.0000 -1.0000  0.0000   0.0000  0.0000 -1.0000  0.0000
         0.0000  1.0000  0.0000  0.0000   0.0000  1.0000  0.0000  0.0000

         1.0000  0.0000  0.0000  0.0000   1.0000  0.0000  0.0000  0.0000
 nr. 25  0.0000  0.0000 -1.0000  0.0000   0.0000  0.0000 -1.0000  0.0000
         0.0000  1.0000  0.0000  0.0000   0.0000  1.0000  0.0000  0.0000

         0.0000 -1.0000  0.0000  0.0000   0.0000 -1.0000  0.0000  0.0000
 nr. 26  0.0000  0.0000 -1.0000  0.0000   0.0000  0.0000 -1.0000  0.0000
         1.0000  0.0000  0.0000  0.0000   1.0000  0.0000  0.0000  0.0000

         0.0000  0.0000 -1.0000  0.0000   0.0000  0.0000 -1.0000  0.0000
 nr. 27  1.0000  0.0000  0.0000  0.0000   1.0000  0.0000  0.0000  0.0000
         0.0000 -1.0000  0.0000  0.0000   0.0000 -1.0000  0.0000  0.0000

         0.0000  0.0000  1.0000  0.0000   0.0000  0.0000  1.0000  0.0000
 nr. 28  0.0000  1.0000  0.0000  0.0000   0.0000  1.0000  0.0000  0.0000
        -1.0000  0.0000  0.0000  0.0000  -1.0000  0.0000  0.0000  0.0000

         0.0000  1.0000  0.0000  0.0000   0.0000  1.0000  0.0000  0.0000
 nr. 29  0.0000  0.0000 -1.0000  0.0000   0.0000  0.0000 -1.0000  0.0000
        -1.0000  0.0000  0.0000  0.0000  -1.0000  0.0000  0.0000  0.0000

         0.0000 -1.0000  0.0000  0.0000   0.0000 -1.0000  0.0000  0.0000
 nr. 30  0.0000  0.0000  1.0000  0.0000   0.0000  0.0000  1.0000  0.0000
        -1.0000  0.0000  0.0000  0.0000  -1.0000  0.0000  0.0000  0.0000

        -1.0000  0.0000  0.0000  0.0000  -1.0000  0.0000  0.0000  0.0000
 nr. 31  0.0000  0.0000  1.0000  0.0000   0.0000  0.0000  1.0000  0.0000
         0.0000 -1.0000  0.0000  0.0000   0.0000 -1.0000  0.0000  0.0000

         0.0000  1.0000  0.0000  0.0000   0.0000  1.0000  0.0000  0.0000
 nr. 32  0.0000  0.0000  1.0000  0.0000   0.0000  0.0000  1.0000  0.0000
        -1.0000  0.0000  0.0000  0.0000  -1.0000  0.0000  0.0000  0.0000

         0.0000  0.0000  1.0000  0.0000   0.0000  0.0000  1.0000  0.0000
 nr. 33 -1.0000  0.0000  0.0000  0.0000  -1.0000  0.0000  0.0000  0.0000
         0.0000  1.0000  0.0000  0.0000   0.0000  1.0000  0.0000  0.0000

         0.0000  0.0000 -1.0000  0.0000   0.0000  0.0000 -1.0000  0.0000
 nr. 34  0.0000 -1.0000  0.0000  0.0000   0.0000 -1.0000  0.0000  0.0000
         1.0000  0.0000  0.0000  0.0000   1.0000  0.0000  0.0000  0.0000

         0.0000 -1.0000  0.0000  0.0000   0.0000 -1.0000  0.0000  0.0000
 nr. 35  0.0000  0.0000  1.0000  0.0000   0.0000  0.0000  1.0000  0.0000
         1.0000  0.0000  0.0000  0.0000   1.0000  0.0000  0.0000  0.0000

         0.0000  1.0000  0.0000  0.0000   0.0000  1.0000  0.0000  0.0000
 nr. 36  0.0000  0.0000 -1.0000  0.0000   0.0000  0.0000 -1.0000  0.0000
         1.0000  0.0000  0.0000  0.0000   1.0000  0.0000  0.0000  0.0000

        -1.0000  0.0000  0.0000  0.0000  -1.0000  0.0000  0.0000  0.0000
 nr. 37  0.0000  0.0000 -1.0000  0.0000   0.0000  0.0000 -1.0000  0.0000
         0.0000 -1.0000  0.0000  0.0000   0.0000 -1.0000  0.0000  0.0000

         0.0000  0.0000 -1.0000  0.0000   0.0000  0.0000 -1.0000  0.0000
 nr. 38  0.0000 -1.0000  0.0000  0.0000   0.0000 -1.0000  0.0000  0.0000
        -1.0000  0.0000  0.0000  0.0000  -1.0000  0.0000  0.0000  0.0000

         0.0000  1.0000  0.0000  0.0000   0.0000  1.0000  0.0000  0.0000
 nr. 39  1.0000  0.0000  0.0000  0.0000   1.0000  0.0000  0.0000  0.0000
         0.0000  0.0000 -1.0000  0.0000   0.0000  0.0000 -1.0000  0.0000

         1.0000  0.0000  0.0000  0.0000   1.0000  0.0000  0.0000  0.0000
 nr. 40  0.0000 -1.0000  0.0000  0.0000   0.0000 -1.0000  0.0000  0.0000
         0.0000  0.0000 -1.0000  0.0000   0.0000  0.0000 -1.0000  0.0000

        -1.0000  0.0000  0.0000  0.0000  -1.0000  0.0000  0.0000  0.0000
 nr. 41  0.0000  1.0000  0.0000  0.0000   0.0000  1.0000  0.0000  0.0000
         0.0000  0.0000 -1.0000  0.0000   0.0000  0.0000 -1.0000  0.0000

         1.0000  0.0000  0.0000  0.0000   1.0000  0.0000  0.0000  0.0000
 nr. 42  0.0000  0.0000  1.0000  0.0000   0.0000  0.0000  1.0000  0.0000
         0.0000  1.0000  0.0000  0.0000   0.0000  1.0000  0.0000  0.0000

         0.0000  0.0000  1.0000  0.0000   0.0000  0.0000  1.0000  0.0000
 nr. 43  0.0000  1.0000  0.0000  0.0000   0.0000  1.0000  0.0000  0.0000
         1.0000  0.0000  0.0000  0.0000   1.0000  0.0000  0.0000  0.0000

         0.0000 -1.0000  0.0000  0.0000   0.0000 -1.0000  0.0000  0.0000
 nr. 44 -1.0000  0.0000  0.0000  0.0000  -1.0000  0.0000  0.0000  0.0000
         0.0000  0.0000  1.0000  0.0000   0.0000  0.0000  1.0000  0.0000

        -1.0000  0.0000  0.0000  0.0000  -1.0000  0.0000  0.0000  0.0000
 nr. 45  0.0000  1.0000  0.0000  0.0000   0.0000  1.0000  0.0000  0.0000
         0.0000  0.0000  1.0000  0.0000   0.0000  0.0000  1.0000  0.0000

         1.0000  0.0000  0.0000  0.0000   1.0000  0.0000  0.0000  0.0000
 nr. 46  0.0000 -1.0000  0.0000  0.0000   0.0000 -1.0000  0.0000  0.0000
         0.0000  0.0000  1.0000  0.0000   0.0000  0.0000  1.0000  0.0000

         0.0000 -1.0000  0.0000  0.0000   0.0000 -1.0000  0.0000  0.0000
 nr. 47 -1.0000  0.0000  0.0000  0.0000  -1.0000  0.0000  0.0000  0.0000
         0.0000  0.0000 -1.0000  0.0000   0.0000  0.0000 -1.0000  0.0000

         0.0000  1.0000  0.0000  0.0000   0.0000  1.0000  0.0000  0.0000
 nr. 48  1.0000  0.0000  0.0000  0.0000   1.0000  0.0000  0.0000  0.0000
         0.0000  0.0000  1.0000  0.0000   0.0000  0.0000  1.0000  0.0000
 ***********************************************************************
  
           ===================================================
           ===       MPI PARALLELIZATION INFORMATION       ===
           ===================================================
           === TOTAL NUMBER OF K-POINTS          :      84 ===
           === K-POINT DIVISOR                   :       4 ===
           === TOTAL NUMBER OF BANDS             :      16 ===
           === BAND DIVISOR                      :       4 ===
           === TOTAL NUMBER OF G-VECTORS         :     365 ===
           === G-VECTOR DIVISOR                  :       1 ===
           ===================================================

 ***********************************************************************
                               ALLOCATION 
 ***********************************************************************
  NCPU  KNGP_FFT      KNGP       KNG     KNG1      KEG     KATM    KATM2
     0       673       820       175       92        4        0        0
     1       673       820       175       91        4        0        0
     2      1306       820       175       91        4        0        0
     3      1214       821       175       91        4        0        0
     4      1070       821       175       92        4        0        0
     5       902       821       175       91        4        0        0
     6       650       821       175       91        4        0        0
     7       358       821       175       91        4        0        0
     8        57       821       175       92        4        0        0
     9       194       821       175       91        4        0        0
    10       514       821       175       91        4        0        0
    11       778       821       175       91        4        0        0
    12       998       821       175       92        4        0        0
    13      1146       821       175       91        4        0        0
    14      1262       821       175       91        4        0        0
    15      1338       821       176       91        4        1        1
 -----------------------------------------------------------------------
  NCPU    KFFTPM     KFFTP    KFFTP2     KFFT    KMESH     KNMP     KNNP
     0      1860      3487      1743      770       93        1        1
     1      1860      3487      1743      768       93        1        1
     2      3720      3487      1743      770       93        2        2
     3      3720      3487      1743      768       94        2        2
     4      3720      3487      1744      770       94        2        2
     5      3720      3487      1744      768       94        2        2
     6      3720      3487      1744      770       94        2        2
     7      3720      3487      1744      768       94        2        2
     8      3720      3488      1744      770       94        2        2
     9      3720      3488      1744      770       94        2        2
    10      3720      3488      1744      770       94        2        2
    11      3720      3488      1744      770       94        2        2
    12      3720      3488      1744      770       94        2        2
    13      3720      3488      1744      770       94        2        2
    14      3720      3488      1744      770       94        2        2
    15      3720      3488      1744      770       94        2        2
 ***********************************************************************
                            END OF ALLOCATION 
 ***********************************************************************

 ********   <<  Reading Potential >>  ******** 
 F_POT(01) = pot.Cu_pbe1
 29.0000 11.0000  6      1          : NATOMN IVAL ILOC ITPCC
 ggapbe                             : XCTYPE
  7.5900  3.0200  2.6959 -1.6959    : ALP CC
 1501    96.0000 60.0000            : NMESH XH RMAX
 VALL is read from unit 37
    1   2   1                       : IL ITAU(IL1) IVAN(IL1)
    2   2   1                       : IL ITAU(IL1) IVAN(IL1)
    3   2   1                       : IL ITAU(IL1) IVAN(IL1)
    1   1   1   1   1   1  1135   8 : MM L1 T1 L2 T2 L3 NRC MORD
    2   1   1   1   2   1  1135   8 : MM L1 T1 L2 T2 L3 NRC MORD
    3   1   1   2   1   2  1135   8 : MM L1 T1 L2 T2 L3 NRC MORD
    4   1   1   2   2   2  1135   8 : MM L1 T1 L2 T2 L3 NRC MORD
    5   1   1   3   1   3  1135   8 : MM L1 T1 L2 T2 L3 NRC MORD
    6   1   1   3   2   3  1135   8 : MM L1 T1 L2 T2 L3 NRC MORD
    7   1   2   1   2   1  1135   8 : MM L1 T1 L2 T2 L3 NRC MORD
    8   1   2   2   1   2  1135   8 : MM L1 T1 L2 T2 L3 NRC MORD
    9   1   2   2   2   2  1135   8 : MM L1 T1 L2 T2 L3 NRC MORD
   10   1   2   3   1   3  1135   8 : MM L1 T1 L2 T2 L3 NRC MORD
   11   1   2   3   2   3  1135   8 : MM L1 T1 L2 T2 L3 NRC MORD
   12   2   1   2   1   1  1135   8 : MM L1 T1 L2 T2 L3 NRC MORD
   13   2   1   2   1   3  1135   8 : MM L1 T1 L2 T2 L3 NRC MORD
   14   2   1   2   2   1  1135   8 : MM L1 T1 L2 T2 L3 NRC MORD
   15   2   1   2   2   3  1135   8 : MM L1 T1 L2 T2 L3 NRC MORD
   16   2   1   3   1   2  1135   8 : MM L1 T1 L2 T2 L3 NRC MORD
   17   2   1   3   1   4  1135   8 : MM L1 T1 L2 T2 L3 NRC MORD
   18   2   1   3   2   2  1135   8 : MM L1 T1 L2 T2 L3 NRC MORD
   19   2   1   3   2   4  1135   8 : MM L1 T1 L2 T2 L3 NRC MORD
   20   2   2   2   2   1  1135   8 : MM L1 T1 L2 T2 L3 NRC MORD
   21   2   2   2   2   3  1135   8 : MM L1 T1 L2 T2 L3 NRC MORD
   22   2   2   3   1   2  1135   8 : MM L1 T1 L2 T2 L3 NRC MORD
   23   2   2   3   1   4  1135   8 : MM L1 T1 L2 T2 L3 NRC MORD
   24   2   2   3   2   2  1135   8 : MM L1 T1 L2 T2 L3 NRC MORD
   25   2   2   3   2   4  1135   8 : MM L1 T1 L2 T2 L3 NRC MORD
   26   3   1   3   1   1  1135   8 : MM L1 T1 L2 T2 L3 NRC MORD
   27   3   1   3   1   3  1127   8 : MM L1 T1 L2 T2 L3 NRC MORD
   28   3   1   3   1   5  1135   8 : MM L1 T1 L2 T2 L3 NRC MORD
   29   3   1   3   2   1  1135   8 : MM L1 T1 L2 T2 L3 NRC MORD
   30   3   1   3   2   3  1135   8 : MM L1 T1 L2 T2 L3 NRC MORD
   31   3   1   3   2   5  1135   8 : MM L1 T1 L2 T2 L3 NRC MORD
   32   3   2   3   2   1  1135   8 : MM L1 T1 L2 T2 L3 NRC MORD
   33   3   2   3   2   3  1135   8 : MM L1 T1 L2 T2 L3 NRC MORD
   34   3   2   3   2   5  1135   8 : MM L1 T1 L2 T2 L3 NRC MORD
 CHGPC  =   8.48851088
 TOTAL ENERGY CORRECTION FROM PS     =     0.4137278782D+00
 TOTAL PARTIAL CHARGE         SCHGPC =         8.4885108817
 TOTAL LOCALIZED CHARGE (QLCTOT)     =         0.0000000000
 KQITG =    34
 NUMBER OF BANDS SHOULD BE GREATER THAN 6
 KLMT  =    18
 KLMTT =    18
 KLMTA =    18
 TOTCH =      11.000000000000
 NX NY NZ  =   3   3   3
 NNEIB     =     343
 ALF       =    2.296000
 NEWLDG    =     251

 ***********************************************************************
 *                                                                     *
 *                              START SCF                              *
 *                                                                     *
 ***********************************************************************

  NSCF NADR            ETOTAL          EDEL          CDEL CONV      TCPU
     1    0      -58.93947337   0.58939E+02   0.14095E-01    0      0.89
     2    0      -59.40172746   0.46225E+00   0.52911E-01    0      0.18
     3    1      -59.73155155   0.32982E+00   0.15654E-01    0      0.18
     4    2      -59.74808554   0.16534E-01   0.43769E-02    1      0.18
     5    3      -59.74717331   0.91222E-03   0.35971E-02    1      0.18
     6    4      -59.74859080   0.14175E-02   0.10481E-03    2      0.18
     7    5      -59.74846114   0.12965E-03   0.11174E-02    1      0.18
     8    6      -59.74859041   0.12926E-03   0.80473E-04    3      0.20
     9    7      -59.74859103   0.62062E-06   0.58490E-05    3      0.18
    10    8      -59.74859103   0.27727E-08   0.25636E-05    3      0.18
    11    9      -59.74859103   0.60459E-09   0.48326E-07    3      0.18
    12   10      -59.74859103   0.21970E-10   0.12184E-07    4      0.18
    13   11      -59.74859103   0.13237E-10   0.23819E-07    5      0.18
    14   12      -59.74859103   0.62101E-11   0.40157E-08    6      0.18
 
                                   TOTAL CHARGE DENSITY =     11.0000022

                     TOTAL ENERGY AND ITS COMPONENTS 
                  TOTAL ENERGY     =         -59.74859103 A.U.
                KINETIC ENERGY     =           6.33343415 A.U.
                HARTREE ENERGY     =          18.03690152 A.U.
                     XC ENERGY     =         -19.85273825 A.U.
                  LOCAL ENERGY     =         -22.18920806 A.U.
               NONLOCAL ENERGY     =          -4.69533651 A.U.
                  EWALD ENERGY     =         -37.38164144 A.U.
                     PC ENERGY     =           0.00000000 A.U.
               ENTROPIC ENERGY     =          -0.00000245 A.U.

                                         FERMI ENERGY =      -0.07179126
 NKP=    1  NGP=       365  K=(  0.00000  0.00000  0.00000)  WKP= 0.0006
                              EIGEN VALUE 
 -0.35757 -0.20546 -0.20546 -0.11883 -0.11883 -0.11883  0.56898  0.56898
  0.56898  0.68681  0.68681  0.81897  1.41892  1.41892  1.41892  1.52275
                               OCCUPATION 
  1.00000  1.00000  1.00000  1.00000  1.00000  1.00000  0.00000  0.00000
  0.00000  0.00000  0.00000  0.00000  0.00000  0.00000  0.00000  0.00000
 NKP=    2  NGP=       357  K=(  0.11402  0.00000  0.00000)  WKP= 0.0035
                              EIGEN VALUE 
 -0.35078 -0.20473 -0.20299 -0.12073 -0.12073 -0.11867  0.48048  0.57761
  0.57761  0.69048  0.74453  0.86375  1.32287  1.37023  1.37023  1.46192
                               OCCUPATION 
  1.00000  1.00000  1.00000  1.00000  1.00000  1.00000  0.00000  0.00000
  0.00000  0.00000  0.00000  0.00000  0.00000  0.00000  0.00000  0.00000
 NKP=    3  NGP=       353  K=(  0.22805  0.00000  0.00000)  WKP= 0.0035
                              EIGEN VALUE 
 -0.33092 -0.20273 -0.19580 -0.12585 -0.12585 -0.11824  0.35598  0.60288
  0.60288  0.70162  0.77544  0.99848  1.20345  1.26371  1.26371  1.36741
                               OCCUPATION 
  1.00000  1.00000  1.00000  1.00000  1.00000  1.00000  0.00000  0.00000
  0.00000  0.00000  0.00000  0.00000  0.00000  0.00000  0.00000  0.00000
 NKP=    4  NGP=       361  K=(  0.34207  0.00000  0.00000)  WKP= 0.0035
                              EIGEN VALUE 
 -0.29992 -0.19997 -0.18419 -0.13264 -0.13264 -0.11765  0.23790  0.64319
  0.64319  0.72057  0.79398  1.09689  1.15134  1.15134  1.15743  1.28533
                               OCCUPATION 
  1.00000  1.00000  1.00000  1.00000  1.00000  1.00000  0.00000  0.00000
  0.00000  0.00000  0.00000  0.00000  0.00000  0.00000  0.00000  0.00000
 NKP=    5  NGP=       357  K=(  0.45610  0.00000  0.00000)  WKP= 0.0035
                              EIGEN VALUE 
 -0.26299 -0.19718 -0.16676 -0.13920 -0.13920 -0.11707  0.13175  0.69613
  0.69613  0.74743  0.81264  1.00612  1.04631  1.04631  1.17920  1.36817
                               OCCUPATION 
  1.00000  1.00000  1.00000  1.00000  1.00000  1.00000  0.00000  0.00000
  0.00000  0.00000  0.00000  0.00000  0.00000  0.00000  0.00000  0.00000
 NKP=    6  NGP=       352  K=(  0.57012  0.00000  0.00000)  WKP= 0.0035
                              EIGEN VALUE 
 -0.23256 -0.19511 -0.14386 -0.14386 -0.13858 -0.11664  0.04328  0.75707
  0.75707  0.78002  0.82930  0.93465  0.95430  0.95430  1.12947  1.55023
                               OCCUPATION 
  1.00000  1.00000  1.00000  1.00000  1.00000  1.00000  0.00000  0.00000
  0.00000  0.00000  0.00000  0.00000  0.00000  0.00000  0.00000  0.00000
 NKP=    7  NGP=       336  K=(  0.68414  0.00000  0.00000)  WKP= 0.0017
                              EIGEN VALUE 
 -0.22168 -0.19434 -0.14553 -0.14553 -0.11647 -0.11421 -0.00167  0.79892
  0.79892  0.80108  0.83654  0.90055  0.90216  0.90216  1.10982  1.67964
                               OCCUPATION 
  1.00000  1.00000  1.00000  1.00000  1.00000  1.00000  0.00000  0.00000
  0.00000  0.00000  0.00000  0.00000  0.00000  0.00000  0.00000  0.00000
 NKP=    8  NGP=       357  K=(  0.11402  0.11402  0.00000)  WKP= 0.0069
                              EIGEN VALUE 
 -0.34402 -0.20315 -0.20135 -0.12268 -0.12085 -0.12026  0.47723  0.49965
  0.58620  0.71971  0.79853  0.88751  1.23725  1.35009  1.35523  1.45197
                               OCCUPATION 
  1.00000  1.00000  1.00000  1.00000  1.00000  1.00000  0.00000  0.00000
  0.00000  0.00000  0.00000  0.00000  0.00000  0.00000  0.00000  0.00000
 NKP=    9  NGP=       357  K=(  0.22805  0.11402  0.00000)  WKP= 0.0139
                              EIGEN VALUE 
 -0.32427 -0.20080 -0.19444 -0.12783 -0.12569 -0.12005  0.36193  0.51199
  0.61138  0.73508  0.84553  1.00107  1.12405  1.26871  1.27260  1.43243
                               OCCUPATION 
  1.00000  1.00000  1.00000  1.00000  1.00000  1.00000  0.00000  0.00000
  0.00000  0.00000  0.00000  0.00000  0.00000  0.00000  0.00000  0.00000
 NKP=   10  NGP=       356  K=(  0.34207  0.11402  0.00000)  WKP= 0.0139
                              EIGEN VALUE 
 -0.29355 -0.19796 -0.18304 -0.13419 -0.13240 -0.11942  0.24403  0.54634
  0.65157  0.75496  0.86467  1.01193  1.14775  1.15766  1.20597  1.34213
                               OCCUPATION 
  1.00000  1.00000  1.00000  1.00000  1.00000  1.00000  0.00000  0.00000
  0.00000  0.00000  0.00000  0.00000  0.00000  0.00000  0.00000  0.00000
 NKP=   11  NGP=       354  K=(  0.45610  0.11402  0.00000)  WKP= 0.0139
                              EIGEN VALUE 
 -0.25720 -0.19506 -0.16848 -0.13890 -0.13712 -0.11879  0.13752  0.59250
  0.70445  0.78117  0.85325  0.95437  1.05256  1.08679  1.24807  1.36724
                               OCCUPATION 
  1.00000  1.00000  1.00000  1.00000  1.00000  1.00000  0.00000  0.00000
  0.00000  0.00000  0.00000  0.00000  0.00000  0.00000  0.00000  0.00000
 NKP=   12  NGP=       352  K=(  0.57012  0.11402  0.00000)  WKP= 0.0139
                              EIGEN VALUE 
 -0.22733 -0.19281 -0.16008 -0.14352 -0.12030 -0.11833  0.04768  0.64909
  0.76562  0.78804  0.80986  0.95466  0.96019  1.03093  1.18193  1.53143
                               OCCUPATION 
  1.00000  1.00000  1.00000  1.00000  1.00000  1.00000  0.00000  0.00000
  0.00000  0.00000  0.00000  0.00000  0.00000  0.00000  0.00000  0.00000
 NKP=   13  NGP=       352  K=(  0.68414  0.11402  0.00000)  WKP= 0.0069
                              EIGEN VALUE 
 -0.21651 -0.19191 -0.15990 -0.14519 -0.11816 -0.09507 -0.00012  0.71387
  0.71630  0.80834  0.82525  0.90712  0.95303  1.01829  1.15256  1.59323
                               OCCUPATION 
  1.00000  1.00000  1.00000  1.00000  1.00000  1.00000  0.00000  0.00000
  0.00000  0.00000  0.00000  0.00000  0.00000  0.00000  0.00000  0.00000
 NKP=   14  NGP=       360  K=(  0.22805  0.22805  0.00000)  WKP= 0.0069
                              EIGEN VALUE 
 -0.30497 -0.19679 -0.18901 -0.13286 -0.12591 -0.12420  0.36156  0.40765
  0.63630  0.75210  0.96619  0.97418  1.07992  1.24113  1.26910  1.32355
                               OCCUPATION 
  1.00000  1.00000  1.00000  1.00000  1.00000  1.00000  0.00000  0.00000
  0.00000  0.00000  0.00000  0.00000  0.00000  0.00000  0.00000  0.00000
 NKP=   15  NGP=       356  K=(  0.34207  0.22805  0.00000)  WKP= 0.0139
                              EIGEN VALUE 
 -0.27544 -0.19315 -0.17867 -0.13769 -0.13177 -0.12414  0.26022  0.42392
  0.67618  0.77164  0.86720  1.03766  1.16299  1.17646  1.20977  1.32950
                               OCCUPATION 
  1.00000  1.00000  1.00000  1.00000  1.00000  1.00000  0.00000  0.00000
  0.00000  0.00000  0.00000  0.00000  0.00000  0.00000  0.00000  0.00000
 NKP=   16  NGP=       359  K=(  0.45610  0.22805  0.00000)  WKP= 0.0139
                              EIGEN VALUE 
 -0.24178 -0.18980 -0.17029 -0.13809 -0.13140 -0.12342  0.15392  0.46822
  0.72888  0.76138  0.80334  1.05439  1.07133  1.12258  1.34826  1.37071
                               OCCUPATION 
  1.00000  1.00000  1.00000  1.00000  1.00000  1.00000  0.00000  0.00000
  0.00000  0.00000  0.00000  0.00000  0.00000  0.00000  0.00000  0.00000
 NKP=   17  NGP=       356  K=(  0.57012  0.22805  0.00000)  WKP= 0.0139
                              EIGEN VALUE 
 -0.21510 -0.18632 -0.17306 -0.14261 -0.12287 -0.09828  0.06104  0.52503
  0.67315  0.79065  0.82950  0.97797  1.01251  1.14964  1.30827  1.42383
                               OCCUPATION 
  1.00000  1.00000  1.00000  1.00000  1.00000  1.00000  0.00000  0.00000
  0.00000  0.00000  0.00000  0.00000  0.00000  0.00000  0.00000  0.00000
 NKP=   18  NGP=       350  K=(  0.68414  0.22805  0.00000)  WKP= 0.0069
                              EIGEN VALUE 
 -0.20511 -0.18165 -0.17944 -0.14424 -0.12266 -0.06114  0.00498  0.59096
  0.59600  0.83602  0.84495  0.92212  0.98737  1.17875  1.26959  1.46774
                               OCCUPATION 
  1.00000  1.00000  1.00000  1.00000  1.00000 -0.00000  0.00000  0.00000
  0.00000  0.00000  0.00000  0.00000  0.00000  0.00000  0.00000  0.00000
 NKP=   19  NGP=       358  K=(  0.34207  0.34207  0.00000)  WKP= 0.0069
                              EIGEN VALUE 
 -0.24943 -0.18933 -0.16865 -0.13851 -0.13176 -0.12958  0.25966  0.33825
  0.71563  0.75123  0.80173  1.14167  1.18208  1.20079  1.21830  1.23229
                               OCCUPATION 
  1.00000  1.00000  1.00000  1.00000  1.00000  1.00000  0.00000  0.00000
  0.00000  0.00000  0.00000  0.00000  0.00000  0.00000  0.00000  0.00000
 NKP=   20  NGP=       352  K=(  0.45610  0.34207  0.00000)  WKP= 0.0139
                              EIGEN VALUE 
 -0.22370 -0.18860 -0.16011 -0.13700 -0.12956 -0.12070  0.17608  0.35812
  0.65187  0.76805  0.82747  1.08780  1.10262  1.25128  1.25286  1.30684
                               OCCUPATION 
  1.00000  1.00000  1.00000  1.00000  1.00000  1.00000  0.00000  0.00000
  0.00000  0.00000  0.00000  0.00000  0.00000  0.00000  0.00000  0.00000
 NKP=   21  NGP=       352  K=(  0.57012  0.34207  0.00000)  WKP= 0.0139
                              EIGEN VALUE 
 -0.20604 -0.19084 -0.15865 -0.14135 -0.12894 -0.07380  0.08306  0.41135
  0.56020  0.83055  0.85984  1.00800  1.02963  1.30743  1.31177  1.33791
                               OCCUPATION 
  1.00000  1.00000  1.00000  1.00000  1.00000  1.02566  0.00000  0.00000
  0.00000  0.00000  0.00000  0.00000  0.00000  0.00000  0.00000  0.00000
 NKP=   22  NGP=       350  K=(  0.68414  0.34207  0.00000)  WKP= 0.0069
                              EIGEN VALUE 
 -0.19653 -0.19573 -0.15847 -0.14293 -0.12869 -0.02094  0.01538  0.47217
  0.48690  0.87859  0.88048  0.94745  1.00127  1.34027  1.35459  1.38140
                               OCCUPATION 
  1.00000  1.00000  1.00000  1.00000  1.00000  0.00000  0.00000  0.00000
  0.00000  0.00000  0.00000  0.00000  0.00000  0.00000  0.00000  0.00000
 NKP=   23  NGP=       362  K=(  0.45610  0.45610  0.00000)  WKP= 0.0069
                              EIGEN VALUE 
 -0.21189 -0.19126 -0.14172 -0.13652 -0.13494 -0.09420  0.17467  0.29362
  0.54917  0.82021  0.86117  1.07442  1.13956  1.15309  1.26108  1.40736
                               OCCUPATION 
  1.00000  1.00000  1.00000  1.00000  1.00000  1.00000  0.00000  0.00000
  0.00000  0.00000  0.00000  0.00000  0.00000  0.00000  0.00000  0.00000
 NKP=   24  NGP=       355  K=(  0.57012  0.45610  0.00000)  WKP= 0.0139
                              EIGEN VALUE 
 -0.20810 -0.19167 -0.14009 -0.13484 -0.13231 -0.04156  0.10862  0.31647
  0.45838  0.88325  0.89983  1.03638  1.05031  1.20315  1.25452  1.36038
                               OCCUPATION 
  1.00000  1.00000  1.00000  1.00000  1.00000  0.00000  0.00000  0.00000
  0.00000  0.00000  0.00000  0.00000  0.00000  0.00000  0.00000  0.00000
 NKP=   25  NGP=       358  K=(  0.68414  0.45610  0.00000)  WKP= 0.0069
                              EIGEN VALUE 
 -0.20779 -0.19117 -0.14162 -0.13457 -0.12975  0.02332  0.03465  0.36490
  0.39288  0.92435  0.93968  0.98342  1.00926  1.25523  1.25788  1.29586
                               OCCUPATION 
  1.00000  1.00000  1.00000  1.00000  1.00000  0.00000  0.00000  0.00000
  0.00000  0.00000  0.00000  0.00000  0.00000  0.00000  0.00000  0.00000
 NKP=   26  NGP=       354  K=(  0.57012  0.57012  0.00000)  WKP= 0.0069
                              EIGEN VALUE 
 -0.21321 -0.18894 -0.13937 -0.13886 -0.11356  0.00590  0.11185  0.26691
  0.37192  0.94573  0.94674  1.03084  1.09062  1.12519  1.19138  1.26533
                               OCCUPATION 
  1.00000  1.00000  1.00000  1.00000  1.00000  0.00000  0.00000  0.00000
  0.00000  0.00000  0.00000  0.00000  0.00000  0.00000  0.00000  0.00000
 NKP=   27  NGP=       364  K=(  0.68414  0.57012  0.00000)  WKP= 0.0069
                              EIGEN VALUE 
 -0.21520 -0.18781 -0.14065 -0.13878 -0.10748  0.06483  0.06552  0.27745
  0.32062  0.97858  1.01125  1.01427  1.02980  1.16787  1.17056  1.19328
                               OCCUPATION 
  1.00000  1.00000  1.00000  1.00000  1.00000  0.00000  0.00000  0.00000
  0.00000  0.00000  0.00000  0.00000  0.00000  0.00000  0.00000  0.00000
 NKP=   28  NGP=       356  K=(  0.68414  0.68414  0.00000)  WKP= 0.0017
                              EIGEN VALUE 
 -0.21768 -0.18663 -0.14030 -0.14030 -0.09946  0.08623  0.08623  0.23644
  0.28986  1.01608  1.01608  1.07153  1.07830  1.11603  1.11603  1.11836
                               OCCUPATION 
  1.00000  1.00000  1.00000  1.00000  1.00000  0.00000  0.00000  0.00000
  0.00000  0.00000  0.00000  0.00000  0.00000  0.00000  0.00000  0.00000
 NKP=   29  NGP=       365  K=(  0.11402  0.11402  0.11402)  WKP= 0.0046
                              EIGEN VALUE 
 -0.33729 -0.20062 -0.20062 -0.12291 -0.12228 -0.12228  0.48464  0.48464
  0.52046  0.80354  0.80354  0.90608  1.22374  1.22374  1.36795  1.43840
                               OCCUPATION 
  1.00000  1.00000  1.00000  1.00000  1.00000  1.00000  0.00000  0.00000
  0.00000  0.00000  0.00000  0.00000  0.00000  0.00000  0.00000  0.00000
 NKP=   30  NGP=       358  K=(  0.22805  0.11402  0.11402)  WKP= 0.0139
                              EIGEN VALUE 
 -0.31766 -0.19861 -0.19332 -0.12769 -0.12753 -0.12193  0.36806  0.50630
  0.53388  0.81837  0.86636  1.00563  1.10173  1.16655  1.32631  1.38176
                               OCCUPATION 
  1.00000  1.00000  1.00000  1.00000  1.00000  1.00000  0.00000  0.00000
  0.00000  0.00000  0.00000  0.00000  0.00000  0.00000  0.00000  0.00000
 NKP=   31  NGP=       354  K=(  0.34207  0.11402  0.11402)  WKP= 0.0139
                              EIGEN VALUE 
 -0.28724 -0.19580 -0.18203 -0.13489 -0.13293 -0.12125  0.25026  0.54086
  0.56799  0.84094  0.88568  0.99443  1.05526  1.19377  1.27886  1.31681
                               OCCUPATION 
  1.00000  1.00000  1.00000  1.00000  1.00000  1.00000  0.00000  0.00000
  0.00000  0.00000  0.00000  0.00000  0.00000  0.00000  0.00000  0.00000
 NKP=   32  NGP=       352  K=(  0.45610  0.11402  0.11402)  WKP= 0.0139
                              EIGEN VALUE 
 -0.25149 -0.19290 -0.16948 -0.14189 -0.13247 -0.12054  0.14344  0.58678
  0.61430  0.84705  0.87210  0.92745  1.01245  1.17947  1.26783  1.34800
                               OCCUPATION 
  1.00000  1.00000  1.00000  1.00000  1.00000  1.00000  0.00000  0.00000
  0.00000  0.00000  0.00000  0.00000  0.00000  0.00000  0.00000  0.00000
 NKP=   33  NGP=       355  K=(  0.57012  0.11402  0.11402)  WKP= 0.0139
                              EIGEN VALUE 
 -0.22209 -0.19070 -0.16483 -0.14694 -0.12016 -0.10967  0.05237  0.64271
  0.67103  0.78366  0.81206  0.95431  1.01989  1.09076  1.20659  1.42896
                               OCCUPATION 
  1.00000  1.00000  1.00000  1.00000  1.00000  1.00000  0.00000  0.00000
  0.00000  0.00000  0.00000  0.00000  0.00000  0.00000  0.00000  0.00000
 NKP=   34  NGP=       350  K=(  0.68414  0.11402  0.11402)  WKP= 0.0069
                              EIGEN VALUE 
 -0.21108 -0.18986 -0.16553 -0.14878 -0.11992 -0.08067  0.00169  0.69872
  0.71991  0.72584  0.75188  1.01246  1.01718  1.03355  1.17760  1.46349
                               OCCUPATION 
  1.00000  1.00000  1.00000  1.00000  1.00000  1.00000  0.00000  0.00000
  0.00000  0.00000  0.00000  0.00000  0.00000  0.00000  0.00000  0.00000
 NKP=   35  NGP=       355  K=(  0.22805  0.22805  0.11402)  WKP= 0.0139
                              EIGEN VALUE 
 -0.29851 -0.19412 -0.18833 -0.13260 -0.12736 -0.12649  0.36907  0.41152
  0.54392  0.85449  0.97455  0.97947  1.06763  1.11902  1.25091  1.39716
                               OCCUPATION 
  1.00000  1.00000  1.00000  1.00000  1.00000  1.00000  0.00000  0.00000
  0.00000  0.00000  0.00000  0.00000  0.00000  0.00000  0.00000  0.00000
 NKP=   36  NGP=       357  K=(  0.34207  0.22805  0.11402)  WKP= 0.0278
                              EIGEN VALUE 
 -0.26937 -0.19059 -0.17803 -0.13827 -0.13223 -0.12599  0.26689  0.42904
  0.57719  0.87297  0.87811  1.02387  1.05898  1.17344  1.25665  1.33215
                               OCCUPATION 
  1.00000  1.00000  1.00000  1.00000  1.00000  1.00000  0.00000  0.00000
  0.00000  0.00000  0.00000  0.00000  0.00000  0.00000  0.00000  0.00000
 NKP=   37  NGP=       357  K=(  0.45610  0.22805  0.11402)  WKP= 0.0278
                              EIGEN VALUE 
 -0.23644 -0.18743 -0.17028 -0.14334 -0.12716 -0.12351  0.16027  0.47346
  0.62178  0.77326  0.88253  0.97369  1.09590  1.20244  1.26010  1.39203
                               OCCUPATION 
  1.00000  1.00000  1.00000  1.00000  1.00000  1.00000  0.00000  0.00000
  0.00000  0.00000  0.00000  0.00000  0.00000  0.00000  0.00000  0.00000
 NKP=   38  NGP=       356  K=(  0.57012  0.22805  0.11402)  WKP= 0.0278
                              EIGEN VALUE 
 -0.21004 -0.18460 -0.17332 -0.14788 -0.12490 -0.09008  0.06655  0.53002
  0.66179  0.69859  0.82253  0.99663  1.11776  1.16318  1.26868  1.35513
                               OCCUPATION 
  1.00000  1.00000  1.00000  1.00000  1.00000  1.00000  0.00000  0.00000
  0.00000  0.00000  0.00000  0.00000  0.00000  0.00000  0.00000  0.00000
 NKP=   39  NGP=       354  K=(  0.68414  0.22805  0.11402)  WKP= 0.0139
                              EIGEN VALUE 
 -0.19915 -0.18065 -0.18021 -0.14965 -0.12462 -0.04965  0.00759  0.59349
  0.60169  0.74118  0.75816  1.03843  1.07244  1.18369  1.26406  1.33771
                               OCCUPATION 
  1.00000  1.00000  1.00000  1.00000  1.00000  0.00000  0.00000  0.00000
  0.00000  0.00000  0.00000  0.00000  0.00000  0.00000  0.00000  0.00000
 NKP=   40  NGP=       355  K=(  0.34207  0.34207  0.11402)  WKP= 0.0139
                              EIGEN VALUE 
 -0.24399 -0.18659 -0.16831 -0.14090 -0.13206 -0.12902  0.26767  0.34246
  0.60881  0.76553  0.90701  1.03434  1.11161  1.18123  1.28966  1.32569
                               OCCUPATION 
  1.00000  1.00000  1.00000  1.00000  1.00000  1.00000  0.00000  0.00000
  0.00000  0.00000  0.00000  0.00000  0.00000  0.00000  0.00000  0.00000
 NKP=   41  NGP=       353  K=(  0.45610  0.34207  0.11402)  WKP= 0.0278
                              EIGEN VALUE 
 -0.21936 -0.18583 -0.16003 -0.14282 -0.13210 -0.11308  0.18333  0.36307
  0.63582  0.68064  0.91973  0.99013  1.12057  1.23713  1.28563  1.39994
                               OCCUPATION 
  1.00000  1.00000  1.00000  1.00000  1.00000  1.00000  0.00000  0.00000
  0.00000  0.00000  0.00000  0.00000  0.00000  0.00000  0.00000  0.00000
 NKP=   42  NGP=       351  K=(  0.57012  0.34207  0.11402)  WKP= 0.0278
                              EIGEN VALUE 
 -0.20270 -0.18776 -0.15857 -0.14677 -0.13083 -0.06616  0.08971  0.41641
  0.56363  0.71661  0.85698  1.02012  1.12834  1.21067  1.30265  1.37290
                               OCCUPATION 
  1.00000  1.00000  1.00000  1.00000  1.00000 -0.00026  0.00000  0.00000
  0.00000  0.00000  0.00000  0.00000  0.00000  0.00000  0.00000  0.00000
 NKP=   43  NGP=       354  K=(  0.68414  0.34207  0.11402)  WKP= 0.0139
                              EIGEN VALUE 
 -0.19500 -0.19101 -0.15840 -0.14842 -0.13043 -0.01063  0.01937  0.47641
  0.49220  0.77180  0.79270  1.06505  1.09138  1.21924  1.29666  1.36399
                               OCCUPATION 
  1.00000  1.00000  1.00000  1.00000  1.00000  0.00000  0.00000  0.00000
  0.00000  0.00000  0.00000  0.00000  0.00000  0.00000  0.00000  0.00000
 NKP=   44  NGP=       351  K=(  0.45610  0.45610  0.11402)  WKP= 0.0139
                              EIGEN VALUE 
 -0.20910 -0.18747 -0.14502 -0.14208 -0.13456 -0.08591  0.18342  0.29729
  0.55217  0.70597  0.97033  0.97225  1.06581  1.26555  1.32052  1.37532
                               OCCUPATION 
  1.00000  1.00000  1.00000  1.00000  1.00000  1.00000  0.00000  0.00000
  0.00000  0.00000  0.00000  0.00000  0.00000  0.00000  0.00000  0.00000
 NKP=   45  NGP=       354  K=(  0.57012  0.45610  0.11402)  WKP= 0.0278
                              EIGEN VALUE 
 -0.20652 -0.18678 -0.14531 -0.14152 -0.12859 -0.03344  0.11680  0.32073
  0.46278  0.75977  0.90190  1.03323  1.07161  1.20443  1.26478  1.38917
                               OCCUPATION 
  1.00000  1.00000  1.00000  1.00000  1.00000  0.00000  0.00000  0.00000
  0.00000  0.00000  0.00000  0.00000  0.00000  0.00000  0.00000  0.00000
 NKP=   46  NGP=       352  K=(  0.68414  0.45610  0.11402)  WKP= 0.0139
                              EIGEN VALUE 
 -0.20651 -0.18594 -0.14685 -0.14093 -0.12625  0.03323  0.04067  0.36922
  0.39776  0.81431  0.83875  1.08032  1.08614  1.14332  1.24562  1.40900
                               OCCUPATION 
  1.00000  1.00000  1.00000  1.00000  1.00000  0.00000  0.00000  0.00000
  0.00000  0.00000  0.00000  0.00000  0.00000  0.00000  0.00000  0.00000
 NKP=   47  NGP=       354  K=(  0.57012  0.57012  0.11402)  WKP= 0.0139
                              EIGEN VALUE 
 -0.21176 -0.18380 -0.14433 -0.14388 -0.11257  0.01464  0.12166  0.26994
  0.37637  0.81413  0.93423  0.99043  1.06758  1.18335  1.23372  1.33288
                               OCCUPATION 
  1.00000  1.00000  1.00000  1.00000  1.00000  0.00000  0.00000  0.00000
  0.00000  0.00000  0.00000  0.00000  0.00000  0.00000  0.00000  0.00000
 NKP=   48  NGP=       356  K=(  0.68414  0.57012  0.11402)  WKP= 0.0139
                              EIGEN VALUE 
 -0.21372 -0.18259 -0.14564 -0.14367 -0.10682  0.07339  0.07565  0.28082
  0.32485  0.86815  0.88972  1.01312  1.05002  1.17318  1.22427  1.31876
                               OCCUPATION 
  1.00000  1.00000  1.00000  1.00000  1.00000  0.00000  0.00000  0.00000
  0.00000  0.00000  0.00000  0.00000  0.00000  0.00000  0.00000  0.00000
 NKP=   49  NGP=       356  K=(  0.68414  0.68414  0.11402)  WKP= 0.0035
                              EIGEN VALUE 
 -0.21617 -0.18137 -0.14519 -0.14519 -0.09937  0.09679  0.09679  0.23841
  0.29353  0.92141  0.92141  0.94971  1.01937  1.22286  1.22286  1.25447
                               OCCUPATION 
  1.00000  1.00000  1.00000  1.00000  1.00000  0.00000  0.00000  0.00000
  0.00000  0.00000  0.00000  0.00000  0.00000  0.00000  0.00000  0.00000
 NKP=   50  NGP=       350  K=(  0.22805  0.22805  0.22805)  WKP= 0.0046
                              EIGEN VALUE 
 -0.27998 -0.18643 -0.18643 -0.13262 -0.13262 -0.12994  0.39104  0.39104
  0.45654  0.97995  0.97995  1.01111  1.01111  1.01741  1.20875  1.49684
                               OCCUPATION 
  1.00000  1.00000  1.00000  1.00000  1.00000  1.00000  0.00000  0.00000
  0.00000  0.00000  0.00000  0.00000  0.00000  0.00000  0.00000  0.00000
 NKP=   51  NGP=       356  K=(  0.34207  0.22805  0.22805)  WKP= 0.0139
                              EIGEN VALUE 
 -0.25250 -0.18368 -0.17558 -0.14081 -0.13405 -0.12825  0.28520  0.42610
  0.47392  0.87691  0.91392  1.03003  1.03481  1.11137  1.26638  1.44772
                               OCCUPATION 
  1.00000  1.00000  1.00000  1.00000  1.00000  1.00000  0.00000  0.00000
  0.00000  0.00000  0.00000  0.00000  0.00000  0.00000  0.00000  0.00000
 NKP=   52  NGP=       358  K=(  0.45610  0.22805  0.22805)  WKP= 0.0139
                              EIGEN VALUE 
 -0.22298 -0.18060 -0.16966 -0.14898 -0.13151 -0.11418  0.17836  0.47270
  0.51455  0.77592  0.81646  1.07085  1.08690  1.15233  1.35509  1.39484
                               OCCUPATION 
  1.00000  1.00000  1.00000  1.00000  1.00000  1.00000  0.00000  0.00000
  0.00000  0.00000  0.00000  0.00000  0.00000  0.00000  0.00000  0.00000
 NKP=   53  NGP=       351  K=(  0.57012  0.22805  0.22805)  WKP= 0.0139
                              EIGEN VALUE 
 -0.19963 -0.17787 -0.17401 -0.15519 -0.12999 -0.07188  0.08286  0.52883
  0.56654  0.68736  0.72827  1.12425  1.14926  1.17630  1.26720  1.32036
                               OCCUPATION 
  1.00000  1.00000  1.00000  1.00000  1.00000  0.53753  0.00000  0.00000
  0.00000  0.00000  0.00000  0.00000  0.00000  0.00000  0.00000  0.00000
 NKP=   54  NGP=       354  K=(  0.68414  0.22805  0.22805)  WKP= 0.0069
                              EIGEN VALUE 
 -0.18442 -0.18375 -0.17667 -0.15765 -0.12956 -0.02154  0.01584  0.57573
  0.60892  0.62971  0.67353  1.17741  1.18905  1.19061  1.22228  1.24434
                               OCCUPATION 
  1.00000  1.00000  1.00000  1.00000  1.00000  0.00000  0.00000  0.00000
  0.00000  0.00000  0.00000  0.00000  0.00000  0.00000  0.00000  0.00000
 NKP=   55  NGP=       357  K=(  0.34207  0.34207  0.22805)  WKP= 0.0139
                              EIGEN VALUE 
 -0.22973 -0.17829 -0.16746 -0.14490 -0.13851 -0.12234  0.29089  0.35195
  0.48693  0.78312  0.91043  0.96223  1.08902  1.19918  1.30224  1.44240
                               OCCUPATION 
  1.00000  1.00000  1.00000  1.00000  1.00000  1.00000  0.00000  0.00000
  0.00000  0.00000  0.00000  0.00000  0.00000  0.00000  0.00000  0.00000
 NKP=   56  NGP=       355  K=(  0.45610  0.34207  0.22805)  WKP= 0.0278
                              EIGEN VALUE 
 -0.20952 -0.17679 -0.16048 -0.15112 -0.13725 -0.09811  0.20396  0.37637
  0.52554  0.68446  0.83028  0.98687  1.12408  1.25767  1.32037  1.41728
                               OCCUPATION 
  1.00000  1.00000  1.00000  1.00000  1.00000  1.00000  0.00000  0.00000
  0.00000  0.00000  0.00000  0.00000  0.00000  0.00000  0.00000  0.00000
 NKP=   57  NGP=       351  K=(  0.57012  0.34207  0.22805)  WKP= 0.0278
                              EIGEN VALUE 
 -0.19737 -0.17634 -0.15939 -0.15693 -0.13473 -0.04720  0.10891  0.42990
  0.55237  0.62078  0.74248  1.03926  1.15104  1.22760  1.31122  1.37483
                               OCCUPATION 
  1.00000  1.00000  1.00000  1.00000  1.00000  0.00000  0.00000  0.00000
  0.00000  0.00000  0.00000  0.00000  0.00000  0.00000  0.00000  0.00000
 NKP=   58  NGP=       352  K=(  0.68414  0.34207  0.22805)  WKP= 0.0139
                              EIGEN VALUE 
 -0.19349 -0.17604 -0.16010 -0.15863 -0.13388  0.01614  0.03145  0.48441
  0.50732  0.65083  0.67910  1.08158  1.13064  1.23625  1.27589  1.38293
                               OCCUPATION 
  1.00000  1.00000  1.00000  1.00000  1.00000  0.00000  0.00000  0.00000
  0.00000  0.00000  0.00000  0.00000  0.00000  0.00000  0.00000  0.00000
 NKP=   59  NGP=       348  K=(  0.45610  0.45610  0.22805)  WKP= 0.0139
                              EIGEN VALUE 
 -0.20330 -0.17619 -0.15336 -0.15150 -0.13373 -0.06618  0.20842  0.30768
  0.53770  0.61254  0.85031  0.90827  1.13572  1.23193  1.40183  1.45361
                               OCCUPATION 
  1.00000  1.00000  1.00000  1.00000  1.00000 -0.00027  0.00000  0.00000
  0.00000  0.00000  0.00000  0.00000  0.00000  0.00000  0.00000  0.00000
 NKP=   60  NGP=       349  K=(  0.57012  0.45610  0.22805)  WKP= 0.0278
                              EIGEN VALUE 
 -0.20269 -0.17366 -0.15669 -0.15136 -0.12558 -0.01212  0.13984  0.33305
  0.47311  0.64101  0.78273  0.93895  1.08555  1.24412  1.36954  1.52778
                               OCCUPATION 
  1.00000  1.00000  1.00000  1.00000  1.00000  0.00000  0.00000  0.00000
  0.00000  0.00000  0.00000  0.00000  0.00000  0.00000  0.00000  0.00000
 NKP=   61  NGP=       350  K=(  0.68414  0.45610  0.22805)  WKP= 0.0139
                              EIGEN VALUE 
 -0.20307 -0.17193 -0.15915 -0.15093 -0.12283  0.05793  0.05976  0.38068
  0.41224  0.69205  0.71868  0.98027  1.03641  1.27802  1.32514  1.56485
                               OCCUPATION 
  1.00000  1.00000  1.00000  1.00000  1.00000  0.00000  0.00000  0.00000
  0.00000  0.00000  0.00000  0.00000  0.00000  0.00000  0.00000  0.00000
 NKP=   62  NGP=       351  K=(  0.57012  0.57012  0.22805)  WKP= 0.0139
                              EIGEN VALUE 
 -0.20777 -0.17019 -0.15558 -0.15518 -0.11091  0.03810  0.14900  0.27899
  0.38908  0.69196  0.81384  0.87021  1.00452  1.28899  1.38954  1.48890
                               OCCUPATION 
  1.00000  1.00000  1.00000  1.00000  1.00000  0.00000  0.00000  0.00000
  0.00000  0.00000  0.00000  0.00000  0.00000  0.00000  0.00000  0.00000
 NKP=   63  NGP=       350  K=(  0.68414  0.57012  0.22805)  WKP= 0.0139
                              EIGEN VALUE 
 -0.20967 -0.16836 -0.15775 -0.15483 -0.10563  0.09686  0.10322  0.29077
  0.33769  0.74527  0.76842  0.89044  0.95342  1.33120  1.36223  1.48549
                               OCCUPATION 
  1.00000  1.00000  1.00000  1.00000  1.00000  0.00000  0.00000  0.00000
  0.00000  0.00000  0.00000  0.00000  0.00000  0.00000  0.00000  0.00000
 NKP=   64  NGP=       360  K=(  0.68414  0.68414  0.22805)  WKP= 0.0035
                              EIGEN VALUE 
 -0.21200 -0.16656 -0.15716 -0.15716 -0.09911  0.12571  0.12571  0.24446
  0.30481  0.80163  0.80163  0.82182  0.90904  1.37907  1.37907  1.42527
                               OCCUPATION 
  1.00000  1.00000  1.00000  1.00000  1.00000  0.00000  0.00000  0.00000
  0.00000  0.00000  0.00000  0.00000  0.00000  0.00000  0.00000  0.00000
 NKP=   65  NGP=       359  K=(  0.34207  0.34207  0.34207)  WKP= 0.0046
                              EIGEN VALUE 
 -0.21317 -0.16667 -0.16667 -0.14639 -0.14639 -0.10801  0.32742  0.32742
  0.41834  0.79732  0.79732  0.87515  1.22942  1.22942  1.25689  1.42787
                               OCCUPATION 
  1.00000  1.00000  1.00000  1.00000  1.00000  1.00000  0.00000  0.00000
  0.00000  0.00000  0.00000  0.00000  0.00000  0.00000  0.00000  0.00000
 NKP=   66  NGP=       350  K=(  0.45610  0.34207  0.34207)  WKP= 0.0139
                              EIGEN VALUE 
 -0.20135 -0.16699 -0.16220 -0.15261 -0.14056 -0.07508  0.23415  0.37491
  0.43939  0.69632  0.73560  0.87830  1.16891  1.27174  1.34049  1.51996
                               OCCUPATION 
  1.00000  1.00000  1.00000  1.00000  1.00000  1.02092  0.00000  0.00000
  0.00000  0.00000  0.00000  0.00000  0.00000  0.00000  0.00000  0.00000
 NKP=   67  NGP=       348  K=(  0.57012  0.34207  0.34207)  WKP= 0.0139
                              EIGEN VALUE 
 -0.19550 -0.16875 -0.16241 -0.15535 -0.13499 -0.01956  0.13867  0.42936
  0.48202  0.61024  0.65400  0.92710  1.08460  1.32598  1.40065  1.46887
                               OCCUPATION 
  1.00000  1.00000  1.00000  1.00000  1.00000  0.00000  0.00000  0.00000
  0.00000  0.00000  0.00000  0.00000  0.00000  0.00000  0.00000  0.00000
 NKP=   68  NGP=       350  K=(  0.68414  0.34207  0.34207)  WKP= 0.0069
                              EIGEN VALUE 
 -0.19389 -0.16980 -0.16256 -0.15590 -0.13317  0.05262  0.05347  0.46660
  0.51324  0.56254  0.60918  0.96905  1.03113  1.38731  1.39692  1.42592
                               OCCUPATION 
  1.00000  1.00000  1.00000  1.00000  1.00000  0.00000  0.00000  0.00000
  0.00000  0.00000  0.00000  0.00000  0.00000  0.00000  0.00000  0.00000
 NKP=   69  NGP=       351  K=(  0.45610  0.45610  0.34207)  WKP= 0.0139
                              EIGEN VALUE 
 -0.19809 -0.16936 -0.16373 -0.14879 -0.13269 -0.03706  0.24675  0.31957
  0.45187  0.61761  0.73860  0.79847  1.07200  1.34332  1.45387  1.58972
                               OCCUPATION 
  1.00000  1.00000  1.00000  1.00000  1.00000  0.00000  0.00000  0.00000
  0.00000  0.00000  0.00000  0.00000  0.00000  0.00000  0.00000  0.00000
 NKP=   70  NGP=       351  K=(  0.57012  0.45610  0.34207)  WKP= 0.0278
                              EIGEN VALUE 
 -0.19822 -0.17162 -0.16556 -0.14812 -0.12305  0.01932  0.17441  0.35011
  0.46558  0.56458  0.67397  0.82638  0.98414  1.39898  1.51650  1.57586
                               OCCUPATION 
  1.00000  1.00000  1.00000  1.00000  1.00000  0.00000  0.00000  0.00000
  0.00000  0.00000  0.00000  0.00000  0.00000  0.00000  0.00000  0.00000
 NKP=   71  NGP=       350  K=(  0.68414  0.45610  0.34207)  WKP= 0.0139
                              EIGEN VALUE 
 -0.19871 -0.17258 -0.16590 -0.14790 -0.11971  0.08546  0.09765  0.39166
  0.43451  0.58495  0.61788  0.86693  0.92973  1.45258  1.47150  1.60021
                               OCCUPATION 
  1.00000  1.00000  1.00000  1.00000  1.00000  0.00000  0.00000  0.00000
  0.00000  0.00000  0.00000  0.00000  0.00000  0.00000  0.00000  0.00000
 NKP=   72  NGP=       346  K=(  0.57012  0.57012  0.34207)  WKP= 0.0139
                              EIGEN VALUE 
 -0.20233 -0.17151 -0.16895 -0.14627 -0.10956  0.07230  0.18956  0.29313
  0.40621  0.58852  0.70335  0.75740  0.89589  1.45548  1.55727  1.66050
                               OCCUPATION 
  1.00000  1.00000  1.00000  1.00000  1.00000  0.00000  0.00000  0.00000
  0.00000  0.00000  0.00000  0.00000  0.00000  0.00000  0.00000  0.00000
 NKP=   73  NGP=       346  K=(  0.68414  0.57012  0.34207)  WKP= 0.0139
                              EIGEN VALUE 
 -0.20406 -0.17175 -0.16967 -0.14578 -0.10455  0.13119  0.14298  0.30597
  0.35937  0.63533  0.65991  0.77748  0.84313  1.50597  1.52605  1.66555
                               OCCUPATION 
  1.00000  1.00000  1.00000  1.00000  1.00000  0.00000  0.00000  0.00000
  0.00000  0.00000  0.00000  0.00000  0.00000  0.00000  0.00000  0.00000
 NKP=   74  NGP=       352  K=(  0.68414  0.68414  0.34207)  WKP= 0.0035
                              EIGEN VALUE 
 -0.20617 -0.17115 -0.17115 -0.14524 -0.09874  0.16767  0.16767  0.25489
  0.32448  0.69161  0.69161  0.70838  0.79738  1.54966  1.54966  1.61037
                               OCCUPATION 
  1.00000  1.00000  1.00000  1.00000  1.00000  0.00000  0.00000  0.00000
  0.00000  0.00000  0.00000  0.00000  0.00000  0.00000  0.00000  0.00000
 NKP=   75  NGP=       347  K=(  0.45610  0.45610  0.45610)  WKP= 0.0046
                              EIGEN VALUE 
 -0.19540 -0.17319 -0.17319 -0.13166 -0.13166  0.00468  0.29492  0.29492
  0.40242  0.63945  0.63945  0.71509  0.97150  1.49847  1.49847  1.66296
                               OCCUPATION 
  1.00000  1.00000  1.00000  1.00000  1.00000  0.00000  0.00000  0.00000
  0.00000  0.00000  0.00000  0.00000  0.00000  0.00000  0.00000  0.00000
 NKP=   76  NGP=       346  K=(  0.57012  0.45610  0.45610)  WKP= 0.0139
                              EIGEN VALUE 
 -0.19559 -0.17967 -0.17463 -0.13092 -0.11872  0.06148  0.21580  0.34670
  0.42242  0.55763  0.59815  0.72737  0.88268  1.55291  1.60904  1.69293
                               OCCUPATION 
  1.00000  1.00000  1.00000  1.00000  1.00000  0.00000  0.00000  0.00000
  0.00000  0.00000  0.00000  0.00000  0.00000  0.00000  0.00000  0.00000
 NKP=   77  NGP=       350  K=(  0.68414  0.45610  0.45610)  WKP= 0.0069
                              EIGEN VALUE 
 -0.19617 -0.18196 -0.17463 -0.13065 -0.11419  0.12383  0.14302  0.37693
  0.44267  0.51746  0.56402  0.76572  0.82827  1.60674  1.63223  1.65032
                               OCCUPATION 
  1.00000  1.00000  1.00000  1.00000  1.00000  0.00000  0.00000  0.00000
  0.00000  0.00000  0.00000  0.00000  0.00000  0.00000  0.00000  0.00000
 NKP=   78  NGP=       346  K=(  0.57012  0.57012  0.45610)  WKP= 0.0139
                              EIGEN VALUE 
 -0.19704 -0.18224 -0.18051 -0.12466 -0.10859  0.11593  0.23861  0.30586
  0.41066  0.52742  0.60591  0.66161  0.79482  1.63269  1.71818  1.77968
                               OCCUPATION 
  1.00000  1.00000  1.00000  1.00000  1.00000  0.00000  0.00000  0.00000
  0.00000  0.00000  0.00000  0.00000  0.00000  0.00000  0.00000  0.00000
 NKP=   79  NGP=       344  K=(  0.68414  0.57012  0.45610)  WKP= 0.0139
                              EIGEN VALUE 
 -0.19842 -0.18374 -0.18102 -0.12371 -0.10359  0.17372  0.19040  0.32011
  0.38825  0.54307  0.57312  0.67772  0.74346  1.69244  1.69591  1.83569
                               OCCUPATION 
  1.00000  1.00000  1.00000  1.00000  1.00000  0.00000  0.00000  0.00000
  0.00000  0.00000  0.00000  0.00000  0.00000  0.00000  0.00000  0.00000
 NKP=   80  NGP=       340  K=(  0.68414  0.68414  0.45610)  WKP= 0.0035
                              EIGEN VALUE 
 -0.20020 -0.18327 -0.18327 -0.12245 -0.09838  0.21738  0.21738  0.26938
  0.35354  0.59488  0.59488  0.61043  0.70063  1.73113  1.73113  1.80898
                               OCCUPATION 
  1.00000  1.00000  1.00000  1.00000  1.00000  0.00000  0.00000  0.00000
  0.00000  0.00000  0.00000  0.00000  0.00000  0.00000  0.00000  0.00000
 NKP=   81  NGP=       347  K=(  0.57012  0.57012  0.57012)  WKP= 0.0046
                              EIGEN VALUE 
 -0.19441 -0.18818 -0.18818 -0.10798 -0.10798  0.16913  0.28844  0.28844
  0.40078  0.52764  0.52764  0.59728  0.71015  1.80004  1.80004  1.90616
                               OCCUPATION 
  1.00000  1.00000  1.00000  1.00000  1.00000  0.00000  0.00000  0.00000
  0.00000  0.00000  0.00000  0.00000  0.00000  0.00000  0.00000  0.00000
 NKP=   82  NGP=       342  K=(  0.68414  0.57012  0.57012)  WKP= 0.0069
                              EIGEN VALUE 
 -0.19501 -0.19085 -0.18865 -0.10777 -0.10176  0.22285  0.23925  0.31485
  0.40623  0.49184  0.52549  0.59237  0.66546  1.84712  1.88378  1.88869
                               OCCUPATION 
  1.00000  1.00000  1.00000  1.00000  1.00000  0.00000  0.00000  0.00000
  0.00000  0.00000  0.00000  0.00000  0.00000  0.00000  0.00000  0.00000
 NKP=   83  NGP=       352  K=(  0.68414  0.68414  0.57012)  WKP= 0.0035
                              EIGEN VALUE 
 -0.19575 -0.19131 -0.19131 -0.10474 -0.09812  0.26665  0.26665  0.28465
  0.39206  0.51796  0.51796  0.52967  0.63141  1.91827  1.91827  2.01338
                               OCCUPATION 
  1.00000  1.00000  1.00000  1.00000  1.00000  0.00000  0.00000  0.00000
  0.00000  0.00000  0.00000  0.00000  0.00000  0.00000  0.00000  0.00000
 NKP=   84  NGP=       360  K=(  0.68414  0.68414  0.68414)  WKP= 0.0006
                              EIGEN VALUE 
 -0.19410 -0.19410 -0.19410 -0.09803 -0.09803  0.29192  0.29192  0.29192
  0.42393  0.48355  0.48355  0.48355  0.60528  2.05891  2.05902  2.05971
                               OCCUPATION 
  1.00000  1.00000  1.00000  1.00000  1.00000  0.00000  0.00000  0.00000
  0.00000  0.00000  0.00000  0.00000  0.00000  0.00000  0.00000  0.00000
 
 QMDQMDQMDQMDQMDQMDQMDQMDQMDQMDQMDQMDQMDQMDQMDQMDQMDQMDQMDQMDQMDQMDQMDQM

 MD ITERATION NR.      1:014          TOTAL CPU TIME =      6.57 SECONDS

                       CONVERGED ENERGY AND FORCES 
   NIT     TotalEnergy     f_max     f_rms      edel      vdel      fdel
     1    -59.74859103  0.000000  0.000000  0.62D-11  0.40D-08  0.62D-11

    ATOM              COORDINATES                        FORCES
MD:    1
MD:    1 Cu   0.000000   0.000000   0.000000   0.00000  0.00000  0.00000
 
CHGPRO:     0.0000      0.2647323110     -0.4916832904      0.1383589707
CHGPRO:     0.1531      0.2594279853     -0.4922450591      0.1311311374
CHGPRO:     0.3061      0.2438326472     -0.4939914911      0.1098898347
CHGPRO:     0.4592      0.2191879343     -0.4969958287      0.0762570571
CHGPRO:     0.6123      0.1880305619     -0.5005906636      0.0338471820
CHGPRO:     0.7653      0.1539605642     -0.5033004767     -0.0112298102
CHGPRO:     0.9184      0.1208917557     -0.5026453781     -0.0511569754
CHGPRO:     1.0715      0.0921276623     -0.4952717687     -0.0792059976
CHGPRO:     1.2245      0.0695372933     -0.4773802009     -0.0910076823
CHGPRO:     1.3776      0.0532547867     -0.4473700440     -0.0851380294
CHGPRO:     1.5307      0.0421506624     -0.4082447931     -0.0651699742
CHGPRO:     1.6837      0.0347609794     -0.3694025472     -0.0394079942
CHGPRO:     1.8368      0.0299337078     -0.3377546936     -0.0161678502
CHGPRO:     1.9899      0.0269201273     -0.3170844699      0.0006650256
CHGPRO:     2.1429      0.0252743148     -0.3076763398      0.0105859801
CHGPRO:     2.2960      0.0247541179     -0.3049100226      0.0138572226
CHGPRO:     2.4491      0.0252743148     -0.3076763398      0.0105859801
CHGPRO:     2.6021      0.0269201273     -0.3170844699      0.0006650256
CHGPRO:     2.7552      0.0299337078     -0.3377546936     -0.0161678502
CHGPRO:     2.9083      0.0347609794     -0.3694025472     -0.0394079942
CHGPRO:     3.0613      0.0421506624     -0.4082447931     -0.0651699742
CHGPRO:     3.2144      0.0532547867     -0.4473700440     -0.0851380294
CHGPRO:     3.3675      0.0695372933     -0.4773802009     -0.0910076823
CHGPRO:     3.5205      0.0921276623     -0.4952717687     -0.0792059976
CHGPRO:     3.6736      0.1208917557     -0.5026453781     -0.0511569754
CHGPRO:     3.8267      0.1539605642     -0.5033004767     -0.0112298102
CHGPRO:     3.9797      0.1880305619     -0.5005906636      0.0338471820
CHGPRO:     4.1328      0.2191879343     -0.4969958287      0.0762570571
CHGPRO:     4.2859      0.2438326472     -0.4939914911      0.1098898347
CHGPRO:     4.4389      0.2594279853     -0.4922450591      0.1311311374

 *I* wavefunction data written in zaj.data

 *I* writing eko_l

 *I* writing fsr_l, fsi_l

 *I* potential data written in potential.data

           <<<  Atomic Charge >>>
  ia is   rd d_rd  Charge(1)  Charge(2)  Charge(3)
   1  1 2.30 0.10   9.800312  10.009069  10.220941

 ***********************************************************************
 *                                                                     *
 *                               TIMING                                *
 *                                                                     *
 ***********************************************************************
      SUBROUTINE        CALLS        TOTAL CPU TIME           <CPU TIME>
             SCF            1                3.4501               3.4501
          WF_Dav           15                2.7622               0.1841
     diagonalize          945                1.4038               0.0015
           kbint            1                0.9097               0.9097
        dav_hphi          945                0.7715               0.0008
         fftw3c3         8736                0.6878               0.0001
         swffftx         3780                0.2809               0.0001
        swffftx2         3780                0.2526               0.0001
           fd_vq           14                0.1487               0.0106
           pspot            1                0.1467               0.1467
         dav_mgs          630                0.1285               0.0002
         Writing            1                0.1260               0.1260
             Dos            2                0.1127               0.0564
       dav_mgs_2          630                0.1059               0.0002
      xc_gga_chg           28                0.1034               0.0037
          Chgfft           14                0.0987               0.0071
            symm            1                0.0872               0.0872
          swffft         1176                0.0831               0.0001
      dav_nonloc          945                0.0830               0.0001
           Force            1                0.0816               0.0816
         dav_hij          945                0.0790               0.0001
          ptfft1           15                0.0640               0.0043
    dav_residual          630                0.0511               0.0001
      dav_grmsmd            1                0.0504               0.0504
     fdchgq0_fft           14                0.0499               0.0036
       dav_mgs_t           21                0.0434               0.0021
    dav_nonloc_3         7470                0.0427               0.0000
  dav_residual_1          630                0.0363               0.0001
      dav_sumset          630                0.0304               0.0000
 dav_band2g_hphi          945                0.0284               0.0000
   fdchgq0_fft_1           14                0.0280               0.0020
    dav_nonloc_2         7470                0.0278               0.0000
        fdforce0            1                0.0261               0.0261
      dav_precon          630                0.0227               0.0000
           Fermi           14                0.0175               0.0013
    dav_sumset_1          630                0.0167               0.0000
         FFT_SET            1                0.0153               0.0153
 dav_refresh_phi          315                0.0136               0.0000
    dav_sumset_2          630                0.0129               0.0000
       dav_mgs_1          630                0.0121               0.0000
  dav_band2g_phi          336                0.0119               0.0000
    dav_copy_fsr          315                0.0100               0.0000
    xc_1_gr_ch12           84                0.0097               0.0001
       dav_mgs_3          630                0.0090               0.0000
           psloc            1                0.0080               0.0080
    dav_nonloc_1          945                0.0066               0.0000
        swffftx1         3780                0.0064               0.0000
       ptfft1p00            9                0.0059               0.0007
           gstep            1                0.0051               0.0051
    init_chg_zaj            1                0.0048               0.0048
    xc_1_gr_ch11           84                0.0041               0.0000
 dav_refresh_fsr          315                0.0037               0.0000
 ***********************************************************************

 =======================================================================
 TASK                   CALLS        TOTAL CPU TIME           <CPU TIME>
 FFT SingleProc          8736                0.6916               0.0001
 FFT MPI                  344                0.0458               0.0001
 FFTW MPI1                 29                0.0630               0.0022
  
 ALLREDUCE               8504                0.0351               0.0000
 ALLREDUCE_G               48                0.0023               0.0000
 ALLREDUCE_BG              15                0.0001               0.0000
 ALLREDUCE_K             4768                0.0407               0.0000
 ALLGATHERV                69                0.0040               0.0001
 ALLGATHERV_KG            966                0.0081               0.0000
 ALLGATHERV_K             630                0.0062               0.0000
 GATHERV                    2                0.0001               0.0000
 ALLTOALLV                193                0.0130               0.0001
 ALLTOALLV_KG            2625                0.0438               0.0000
 TOTAL TIME FOR COMMUNICATION                0.1533
 =======================================================================

 TOTAL CPU TIME:  00 HOURS 00 MINUTES  6.91 SECONDS

 PROGRAM STATE ENDED AT: Jul  1 10:16:46 2025
  
 HHHHHHHHHHHHHHHHHHHHHHHHHHHHHHHHHHHHHHHHHHHHHHHHHHHHHHHHHHHHHHHHH
 HHHHHHHHHHHHHHHHHHHHHHHHHHHHHHHHHHHHHHHHHHHHHHHHHHHHHHHHHHHHHHHHH
                           _______________________
     __________   _______/______v______v______v___]
    D          | |                                 |
    D   A A    | | Congratulations!                |  C( > < )D
  --  =(^.^)=  | |  The calculation has converged. |    = o =
 |     @@@@@   | |                                 |    (    )~
 /--=O=-+-=O=---+--=O=--+--==O==--+--==O==--+--=O=-+--=O=---=O=-/
  
 HHHHHHHHHHHHHHHHHHHHHHHHHHHHHHHHHHHHHHHHHHHHHHHHHHHHHHHHHHHHHHHHH
 HHHHHHHHHHHHHHHHHHHHHHHHHHHHHHHHHHHHHHHHHHHHHHHHHHHHHHHHHHHHHHHHH
