[0] MPI startup(): I_MPI_TCP_NETMASK variable has been removed from the product, its value is ignored

 
 ***********************************************************************
 *                                                                     *
 *                                                                     *
 *                                                                     *
 *              ******  ********    **    ******** ********            *
 *             ******** ********   ****   ******** ********            *
 *             **          **     **  **     **    **                  *
 *              ***        **    ********    **    ******              *
 *                ***      **   **********   **    ******              *
 *                  **     **  **        **  **    **                  *
 *             ********    ** **          ** **    ********            *
 *              ******     ** VERSION 5.6.17 **    ********            *
 *                               RICS-AIST                             *
 *                           OSAKA UNIVERSITY                          *
 *                                                                     *
 ***********************************************************************
 
 PROGRAM STATE STARTED AT: Jul  1 11:18:14 2025

 THIS JOB RUNS ON         : xs01                            
 THE CURRENT DIRECTORY IS : /home/ikutaro/work/STATE/examples/Cu/hcp    
 THE PROCESS ID IS        : 83506
 THE JOB WAS SUBMITTED BY : ikutaro             
 THE NUMBER OF PROCESSORS : 16
 THE NUMBER OF THREADS    : 1
 
 ELECTRONIC WAVEFUNCTIONS INITIALIZED 
 ELECTRONIC CHARGE INITIALIZED 
 IONIC POSITIONS READ FROM STANDARD INPUT 
 IONIC VELOCITIES INITIALIZED 
 MAXIMUM SCF ITERATIONS : 200
 MAXIMUM MD STEPS : 200
 MAXIMUM ELAPSED CPU TIME :  86400.00 SEC
 TIME INCREMENT IN MOLECULAR DYNAMICS :     50.00 A.U.
 ENERGY CRITERION FOR SCF ITERATIONS :  0.100000E-09 HA/ATOM

 EXCHANGE-CORRELATION FUNCTIONAL : ggapbe
 SPIN POLARIZATION NOT ALLOWED 
 NUMBER OF BANDS CONSIDERED : 16
 METHFESSEL-PAXTON SMEARING 
 SMEARING WIDTH : 0.002000
 DAVIDSON METHOD WITH G-SPACE TECHNIQUE 
 BLUGEL MIXING PARAMETERS 
   MIXING OBJECT : CHARGE 
   MIXING INFORMATION RESET AFTER 30 STEPS
   MIXING PARAMETER : 0.300

 ********************************** TYPE *******************************
 TYPE  NAME  INITIAL CHARGE   MASS(AMU)     PP TYPE  ILOC   INITIAL SPIN
    1    Cu          0.1500     63.5460   UltraSoft     3         0.0000
 ***********************************************************************

 ********************************* ATOMS *******************************
   ATOM    X(BOHR)    Y(BOHR)    Z(BOHR)     TAUX    TAUY    TAUZ IW  IR
   1  1   -0.00000    2.83670    2.00585   0.3333  0.6667  0.2500  1   0
   2  1    2.45665    1.41835    6.01755   0.6667  0.3333  0.7500  1   0
 ***********************************************************************

 ******************************** K-POINTS *****************************
 BRAVIAS LATTICE         :        SIMPLE              
 SPACE GROUP             :        P 63/m m c
 INVERSION SYMMETRY      :        NO 
 CONV. LAT. VECTOR(BOHR) :        4.913300       0.000000       0.000000
 CONV. LAT. VECTOR(BOHR) :       -2.456650       4.255043       0.000000
 CONV. LAT. VECTOR(BOHR) :        0.000000       0.000000       8.023400
 PRIM. LAT. VECTOR(BOHR) :        4.913300       0.000000       0.000000
 PRIM. LAT. VECTOR(BOHR) :       -2.456650       4.255043       0.000000
 PRIM. LAT. VECTOR(BOHR) :        0.000000       0.000000       8.023400
 PRIM. CELL VOLUME       :    0.167740E+03
 PRIM. REC. VECTOR(1/BOHR) :      1.278812       0.738322       0.000000
 PRIM. REC. VECTOR(1/BOHR) :      0.000000       1.476645       0.000000
 PRIM. REC. VECTOR(1/BOHR) :      0.000000       0.000000       0.783108
 REC. PRIM. CELL VOLUME    :  0.147878E+01
 ENERGY CUTOFF FOR SOFT MODE(RY) :  36.000
 ENERGY CUTOFF FOR HARD MODE(RY) : 400.000
 NUMBER OF K-POINT MESH  :              12             12              8
 K-POINT SHIFT           :             OFF            OFF            OFF
 NUMBER OF K-POINTS      :              95
        NKP            WKP              KX             KY             KZ
          1       0.000868        0.000000       0.000000       0.000000
          2       0.005208        0.106568       0.061527       0.000000
          3       0.005208        0.213135       0.123054       0.000000
          4       0.005208        0.319703       0.184581       0.000000
          5       0.005208        0.426271       0.246107       0.000000
          6       0.005208        0.532838       0.307634       0.000000
          7       0.002604        0.639406       0.369161       0.000000
          8       0.005208        0.106568       0.184581       0.000000
          9       0.010417        0.213135       0.246107       0.000000
         10       0.010417        0.319703       0.307634       0.000000
         11       0.010417        0.426271       0.369161       0.000000
         12       0.010417        0.532838       0.430688       0.000000
         13       0.005208        0.213135       0.369161       0.000000
         14       0.010417        0.319703       0.430688       0.000000
         15       0.010417        0.426271       0.492215       0.000000
         16       0.005208        0.532838       0.553742       0.000000
         17       0.005208        0.319703       0.553742       0.000000
         18       0.010417        0.426271       0.615269       0.000000
         19       0.001736        0.426271       0.738322       0.000000
         20       0.001736        0.000000       0.000000       0.097888
         21       0.010417        0.106568       0.061527       0.097888
         22       0.010417        0.213135       0.123054       0.097888
         23       0.010417        0.319703       0.184581       0.097888
         24       0.010417        0.426271       0.246107       0.097888
         25       0.010417        0.532838       0.307634       0.097888
         26       0.005208        0.639406       0.369161       0.097888
         27       0.010417        0.106568       0.184581       0.097888
         28       0.020833        0.213135       0.246107       0.097888
         29       0.020833        0.319703       0.307634       0.097888
         30       0.020833        0.426271       0.369161       0.097888
         31       0.020833        0.532838       0.430688       0.097888
         32       0.010417        0.213135       0.369161       0.097888
         33       0.020833        0.319703       0.430688       0.097888
         34       0.020833        0.426271       0.492215       0.097888
         35       0.010417        0.532838       0.553742       0.097888
         36       0.010417        0.319703       0.553742       0.097888
         37       0.020833        0.426271       0.615269       0.097888
         38       0.003472        0.426271       0.738322       0.097888
         39       0.001736        0.000000       0.000000       0.195777
         40       0.010417        0.106568       0.061527       0.195777
         41       0.010417        0.213135       0.123054       0.195777
         42       0.010417        0.319703       0.184581       0.195777
         43       0.010417        0.426271       0.246107       0.195777
         44       0.010417        0.532838       0.307634       0.195777
         45       0.005208        0.639406       0.369161       0.195777
         46       0.010417        0.106568       0.184581       0.195777
         47       0.020833        0.213135       0.246107       0.195777
         48       0.020833        0.319703       0.307634       0.195777
         49       0.020833        0.426271       0.369161       0.195777
         50       0.020833        0.532838       0.430688       0.195777
         51       0.010417        0.213135       0.369161       0.195777
         52       0.020833        0.319703       0.430688       0.195777
         53       0.020833        0.426271       0.492215       0.195777
         54       0.010417        0.532838       0.553742       0.195777
         55       0.010417        0.319703       0.553742       0.195777
         56       0.020833        0.426271       0.615269       0.195777
         57       0.003472        0.426271       0.738322       0.195777
         58       0.001736        0.000000       0.000000       0.293665
         59       0.010417        0.106568       0.061527       0.293665
         60       0.010417        0.213135       0.123054       0.293665
         61       0.010417        0.319703       0.184581       0.293665
         62       0.010417        0.426271       0.246107       0.293665
         63       0.010417        0.532838       0.307634       0.293665
         64       0.005208        0.639406       0.369161       0.293665
         65       0.010417        0.106568       0.184581       0.293665
         66       0.020833        0.213135       0.246107       0.293665
         67       0.020833        0.319703       0.307634       0.293665
         68       0.020833        0.426271       0.369161       0.293665
         69       0.020833        0.532838       0.430688       0.293665
         70       0.010417        0.213135       0.369161       0.293665
         71       0.020833        0.319703       0.430688       0.293665
         72       0.020833        0.426271       0.492215       0.293665
         73       0.010417        0.532838       0.553742       0.293665
         74       0.010417        0.319703       0.553742       0.293665
         75       0.020833        0.426271       0.615269       0.293665
         76       0.003472        0.426271       0.738322       0.293665
         77       0.000868        0.000000       0.000000       0.391554
         78       0.005208        0.106568       0.061527       0.391554
         79       0.005208        0.213135       0.123054       0.391554
         80       0.005208        0.319703       0.184581       0.391554
         81       0.005208        0.426271       0.246107       0.391554
         82       0.005208        0.532838       0.307634       0.391554
         83       0.002604        0.639406       0.369161       0.391554
         84       0.005208        0.106568       0.184581       0.391554
         85       0.010417        0.213135       0.246107       0.391554
         86       0.010417        0.319703       0.307634       0.391554
         87       0.010417        0.426271       0.369161       0.391554
         88       0.010417        0.532838       0.430688       0.391554
         89       0.005208        0.213135       0.369161       0.391554
         90       0.010417        0.319703       0.430688       0.391554
         91       0.010417        0.426271       0.492215       0.391554
         92       0.005208        0.532838       0.553742       0.391554
         93       0.005208        0.319703       0.553742       0.391554
         94       0.010417        0.426271       0.615269       0.391554
         95       0.001736        0.426271       0.738322       0.391554
 ***********************************************************************
 *I* TOTAL NUMBER OF DEGREES OF FREEDOM :     3
     
 NEIBRD =       1331
 KID  KNX  KNY  KNZ  KNL  KNM  KNN  =   21   10   10   16   20   20   32
 KIDP KNXP KNYP KNZP KNLP KNMP KNNP =   33   16   16   26   32   32   54
 NUMBER OF GENERATED VECTORS KNG,KNGP =      4915     22671
 KFFT KFFTP =      26880    114048
 IOPT IOPTP =          1         1

 ************************* SYMMETRY OPERATION **************************
                   Rc              tc               Rp             tp
         1.0000 -0.0000  0.0000  0.0000   1.0000 -0.0000  0.0000  0.0000
 nr.  1  0.0000  1.0000  0.0000  0.0000  -0.0000  1.0000  0.0000  0.0000
         0.0000  0.0000  1.0000  0.0000   0.0000  0.0000  1.0000  0.0000

        -1.0000  0.0000  0.0000  0.0000  -1.0000  0.0000  0.0000  0.0000
 nr.  2  0.0000 -1.0000  0.0000  0.0000   0.0000 -1.0000  0.0000  0.0000
         0.0000  0.0000 -1.0000  0.0000   0.0000  0.0000 -1.0000  0.0000

        -0.5000 -0.8660  0.0000  0.0000  -1.0000 -1.0000  0.0000  0.0000
 nr.  3 -0.8660  0.5000  0.0000  0.0000  -0.0000  1.0000  0.0000  0.0000
         0.0000  0.0000 -1.0000  0.0000   0.0000  0.0000 -1.0000  0.0000

        -1.0000  0.0000  0.0000  0.0000  -1.0000  0.0000  0.0000  0.0000
 nr.  4  0.0000 -1.0000  0.0000  0.0000   0.0000 -1.0000  0.0000  0.0000
         0.0000  0.0000  1.0000  4.0117   0.0000  0.0000  1.0000  0.5000

         0.5000 -0.8660  0.0000  0.0000   0.0000 -1.0000  0.0000  0.0000
 nr.  5  0.8660  0.5000  0.0000  0.0000   1.0000  1.0000  0.0000  0.0000
         0.0000  0.0000  1.0000  4.0117   0.0000  0.0000  1.0000  0.5000

         0.5000  0.8660  0.0000  0.0000   1.0000  1.0000  0.0000  0.0000
 nr.  6  0.8660 -0.5000  0.0000  0.0000   0.0000 -1.0000  0.0000  0.0000
         0.0000  0.0000  1.0000  0.0000   0.0000  0.0000  1.0000  0.0000

         1.0000 -0.0000  0.0000  0.0000   1.0000 -0.0000  0.0000  0.0000
 nr.  7  0.0000  1.0000  0.0000  0.0000  -0.0000  1.0000  0.0000  0.0000
         0.0000  0.0000 -1.0000  4.0117   0.0000  0.0000 -1.0000  0.5000

        -0.5000  0.8660  0.0000  0.0000  -0.0000  1.0000  0.0000  0.0000
 nr.  8 -0.8660 -0.5000  0.0000  0.0000  -1.0000 -1.0000  0.0000  0.0000
         0.0000  0.0000 -1.0000  4.0117   0.0000  0.0000 -1.0000  0.5000

         0.5000  0.8660  0.0000  0.0000   1.0000  1.0000  0.0000  0.0000
 nr.  9  0.8660 -0.5000  0.0000  0.0000   0.0000 -1.0000  0.0000  0.0000
         0.0000  0.0000 -1.0000  4.0117   0.0000  0.0000 -1.0000  0.5000

        -1.0000  0.0000  0.0000  0.0000  -1.0000  0.0000  0.0000  0.0000
 nr. 10  0.0000  1.0000  0.0000  0.0000   1.0000  1.0000  0.0000  0.0000
         0.0000  0.0000 -1.0000  4.0117   0.0000  0.0000 -1.0000  0.5000

        -0.5000  0.8660  0.0000  0.0000  -0.0000  1.0000  0.0000  0.0000
 nr. 11 -0.8660 -0.5000  0.0000  0.0000  -1.0000 -1.0000  0.0000  0.0000
         0.0000  0.0000  1.0000  0.0000   0.0000  0.0000  1.0000  0.0000

         0.5000 -0.8660  0.0000  0.0000  -0.0000 -1.0000  0.0000  0.0000
 nr. 12 -0.8660 -0.5000  0.0000  0.0000  -1.0000  0.0000  0.0000  0.0000
         0.0000  0.0000 -1.0000  4.0117   0.0000  0.0000 -1.0000  0.5000

        -0.5000 -0.8660  0.0000  0.0000  -1.0000 -1.0000  0.0000  0.0000
 nr. 13  0.8660 -0.5000  0.0000  0.0000   1.0000 -0.0000  0.0000  0.0000
         0.0000  0.0000  1.0000  0.0000   0.0000  0.0000  1.0000  0.0000

        -0.5000 -0.8660  0.0000  0.0000  -1.0000 -1.0000  0.0000  0.0000
 nr. 14 -0.8660  0.5000  0.0000  0.0000  -0.0000  1.0000  0.0000  0.0000
         0.0000  0.0000  1.0000  4.0117   0.0000  0.0000  1.0000  0.5000

         1.0000 -0.0000  0.0000  0.0000   1.0000 -0.0000  0.0000  0.0000
 nr. 15  0.0000 -1.0000  0.0000  0.0000  -1.0000 -1.0000  0.0000  0.0000
         0.0000  0.0000  1.0000  4.0117   0.0000  0.0000  1.0000  0.5000

         0.5000 -0.8660  0.0000  0.0000   0.0000 -1.0000  0.0000  0.0000
 nr. 16  0.8660  0.5000  0.0000  0.0000   1.0000  1.0000  0.0000  0.0000
         0.0000  0.0000 -1.0000  0.0000   0.0000  0.0000 -1.0000  0.0000

        -0.5000  0.8660  0.0000  0.0000   0.0000  1.0000  0.0000  0.0000
 nr. 17  0.8660  0.5000  0.0000  0.0000   1.0000 -0.0000  0.0000  0.0000
         0.0000  0.0000  1.0000  4.0117   0.0000  0.0000  1.0000  0.5000

         0.5000  0.8660  0.0000  0.0000   1.0000  1.0000  0.0000  0.0000
 nr. 18 -0.8660  0.5000  0.0000  0.0000  -1.0000  0.0000  0.0000  0.0000
         0.0000  0.0000 -1.0000  0.0000   0.0000  0.0000 -1.0000  0.0000

         1.0000 -0.0000  0.0000  0.0000   1.0000 -0.0000  0.0000  0.0000
 nr. 19  0.0000 -1.0000  0.0000  0.0000  -1.0000 -1.0000  0.0000  0.0000
         0.0000  0.0000 -1.0000  0.0000   0.0000  0.0000 -1.0000  0.0000

         0.5000  0.8660  0.0000  0.0000   1.0000  1.0000  0.0000  0.0000
 nr. 20 -0.8660  0.5000  0.0000  0.0000  -1.0000  0.0000  0.0000  0.0000
         0.0000  0.0000  1.0000  4.0117   0.0000  0.0000  1.0000  0.5000

        -0.5000  0.8660  0.0000  0.0000   0.0000  1.0000  0.0000  0.0000
 nr. 21  0.8660  0.5000  0.0000  0.0000   1.0000 -0.0000  0.0000  0.0000
         0.0000  0.0000 -1.0000  0.0000   0.0000  0.0000 -1.0000  0.0000

        -1.0000  0.0000  0.0000  0.0000  -1.0000  0.0000  0.0000  0.0000
 nr. 22  0.0000  1.0000  0.0000  0.0000   1.0000  1.0000  0.0000  0.0000
         0.0000  0.0000  1.0000  0.0000   0.0000  0.0000  1.0000  0.0000

        -0.5000 -0.8660  0.0000  0.0000  -1.0000 -1.0000  0.0000  0.0000
 nr. 23  0.8660 -0.5000  0.0000  0.0000   1.0000 -0.0000  0.0000  0.0000
         0.0000  0.0000 -1.0000  4.0117   0.0000  0.0000 -1.0000  0.5000

         0.5000 -0.8660  0.0000  0.0000  -0.0000 -1.0000  0.0000  0.0000
 nr. 24 -0.8660 -0.5000  0.0000  0.0000  -1.0000  0.0000  0.0000  0.0000
         0.0000  0.0000  1.0000  0.0000   0.0000  0.0000  1.0000  0.0000
 ***********************************************************************
  
           ===================================================
           ===       MPI PARALLELIZATION INFORMATION       ===
           ===================================================
           === TOTAL NUMBER OF K-POINTS          :      95 ===
           === K-POINT DIVISOR                   :       1 ===
           === TOTAL NUMBER OF BANDS             :      16 ===
           === BAND DIVISOR                      :      16 ===
           === TOTAL NUMBER OF G-VECTORS         :     628 ===
           === G-VECTOR DIVISOR                  :       1 ===
           ===================================================

 ***********************************************************************
                               ALLOCATION 
 ***********************************************************************
  NCPU  KNGP_FFT      KNGP       KNG     KNG1      KEG     KATM    KATM2
     0      2007      1416       307       40        1        0        0
     1      1947      1417       307       40        1        0        0
     2      1845      1417       307       40        1        0        0
     3      1689      1417       307       40        1        0        0
     4      1473      1417       307       39        1        0        0
     5      1209      1417       307       39        1        0        0
     6       891      1417       307       39        1        0        0
     7       495      1417       307       39        1        0        0
     8       116      1417       307       39        1        0        0
     9        31      1417       307       39        1        0        0
    10       580      1417       307       39        1        0        0
    11      1258      1417       307       39        1        0        0
    12      1804      1417       307       39        1        0        0
    13      2200      1417       308       39        1        0        0
    14      2494      1417       308       39        1        1        1
    15      2632      1417       308       39        1        1        1
 -----------------------------------------------------------------------
  NCPU    KFFTPM     KFFTP    KFFTP2     KFFT    KMESH     KNMP     KNNP
     0      6336      7128      3564     1680       93        2        3
     1      6336      7128      3564     1680       93        2        3
     2      6336      7128      3564     1680       93        2        3
     3      6336      7128      3564     1680       94        2        3
     4      6336      7128      3564     1680       94        2        3
     5      6336      7128      3564     1680       94        2        3
     6      6336      7128      3564     1680       94        2        3
     7      6336      7128      3564     1680       94        2        3
     8      6336      7128      3564     1680       94        2        3
     9      6336      7128      3564     1680       94        2        3
    10      8448      7128      3564     1680       94        2        4
    11      8448      7128      3564     1680       94        2        4
    12      8448      7128      3564     1680       94        2        4
    13      8448      7128      3564     1680       94        2        4
    14      8448      7128      3564     1680       94        2        4
    15      8448      7128      3564     1680       94        2        4
 ***********************************************************************
                            END OF ALLOCATION 
 ***********************************************************************

 ********   <<  Reading Potential >>  ******** 
 F_POT(01) = pot.Cu_pbe1
 29.0000 11.0000  6      1          : NATOMN IVAL ILOC ITPCC
 ggapbe                             : XCTYPE
  7.5900  3.0200  2.6959 -1.6959    : ALP CC
 1501    96.0000 60.0000            : NMESH XH RMAX
 VALL is read from unit 37
    1   2   1                       : IL ITAU(IL1) IVAN(IL1)
    2   2   1                       : IL ITAU(IL1) IVAN(IL1)
    3   2   1                       : IL ITAU(IL1) IVAN(IL1)
    1   1   1   1   1   1  1135   8 : MM L1 T1 L2 T2 L3 NRC MORD
    2   1   1   1   2   1  1135   8 : MM L1 T1 L2 T2 L3 NRC MORD
    3   1   1   2   1   2  1135   8 : MM L1 T1 L2 T2 L3 NRC MORD
    4   1   1   2   2   2  1135   8 : MM L1 T1 L2 T2 L3 NRC MORD
    5   1   1   3   1   3  1135   8 : MM L1 T1 L2 T2 L3 NRC MORD
    6   1   1   3   2   3  1135   8 : MM L1 T1 L2 T2 L3 NRC MORD
    7   1   2   1   2   1  1135   8 : MM L1 T1 L2 T2 L3 NRC MORD
    8   1   2   2   1   2  1135   8 : MM L1 T1 L2 T2 L3 NRC MORD
    9   1   2   2   2   2  1135   8 : MM L1 T1 L2 T2 L3 NRC MORD
   10   1   2   3   1   3  1135   8 : MM L1 T1 L2 T2 L3 NRC MORD
   11   1   2   3   2   3  1135   8 : MM L1 T1 L2 T2 L3 NRC MORD
   12   2   1   2   1   1  1135   8 : MM L1 T1 L2 T2 L3 NRC MORD
   13   2   1   2   1   3  1135   8 : MM L1 T1 L2 T2 L3 NRC MORD
   14   2   1   2   2   1  1135   8 : MM L1 T1 L2 T2 L3 NRC MORD
   15   2   1   2   2   3  1135   8 : MM L1 T1 L2 T2 L3 NRC MORD
   16   2   1   3   1   2  1135   8 : MM L1 T1 L2 T2 L3 NRC MORD
   17   2   1   3   1   4  1135   8 : MM L1 T1 L2 T2 L3 NRC MORD
   18   2   1   3   2   2  1135   8 : MM L1 T1 L2 T2 L3 NRC MORD
   19   2   1   3   2   4  1135   8 : MM L1 T1 L2 T2 L3 NRC MORD
   20   2   2   2   2   1  1135   8 : MM L1 T1 L2 T2 L3 NRC MORD
   21   2   2   2   2   3  1135   8 : MM L1 T1 L2 T2 L3 NRC MORD
   22   2   2   3   1   2  1135   8 : MM L1 T1 L2 T2 L3 NRC MORD
   23   2   2   3   1   4  1135   8 : MM L1 T1 L2 T2 L3 NRC MORD
   24   2   2   3   2   2  1135   8 : MM L1 T1 L2 T2 L3 NRC MORD
   25   2   2   3   2   4  1135   8 : MM L1 T1 L2 T2 L3 NRC MORD
   26   3   1   3   1   1  1135   8 : MM L1 T1 L2 T2 L3 NRC MORD
   27   3   1   3   1   3  1127   8 : MM L1 T1 L2 T2 L3 NRC MORD
   28   3   1   3   1   5  1135   8 : MM L1 T1 L2 T2 L3 NRC MORD
   29   3   1   3   2   1  1135   8 : MM L1 T1 L2 T2 L3 NRC MORD
   30   3   1   3   2   3  1135   8 : MM L1 T1 L2 T2 L3 NRC MORD
   31   3   1   3   2   5  1135   8 : MM L1 T1 L2 T2 L3 NRC MORD
   32   3   2   3   2   1  1135   8 : MM L1 T1 L2 T2 L3 NRC MORD
   33   3   2   3   2   3  1135   8 : MM L1 T1 L2 T2 L3 NRC MORD
   34   3   2   3   2   5  1135   8 : MM L1 T1 L2 T2 L3 NRC MORD
 CHGPC  =   8.48851088
 TOTAL ENERGY CORRECTION FROM PS     =     0.4776554958D+00
 TOTAL PARTIAL CHARGE         SCHGPC =        16.9770217634
 TOTAL LOCALIZED CHARGE (QLCTOT)     =         0.0000000000
 KQITG =    34
 NUMBER OF BANDS SHOULD BE GREATER THAN 11
 KLMT  =    18
 KLMTT =    18
 KLMTA =    36
 TOTCH =      22.000000000000
 NX NY NZ  =   3   3   2
 NNEIB     =     245
 ALF       =    2.127521
 NEWLDG    =     537

 ***********************************************************************
 *                                                                     *
 *                              START SCF                              *
 *                                                                     *
 ***********************************************************************

  NSCF NADR            ETOTAL          EDEL          CDEL CONV      TCPU
     1    0     -116.72972667   0.11673E+03   0.33864E-01    0      1.53
     2    0     -118.52477726   0.17951E+01   0.73777E-01    0      0.77
     3    1     -119.51129189   0.98651E+00   0.13438E-01    0      0.78
     4    2     -119.52973117   0.18439E-01   0.41830E-02    1      0.77
     5    3     -119.52921372   0.51745E-03   0.19099E-02    1      0.77
     6    4     -119.52988915   0.67543E-03   0.26686E-03    2      0.78
     7    5     -119.52984594   0.43213E-04   0.52026E-03    2      0.77
     8    6     -119.52989002   0.44079E-04   0.62015E-04    3      0.81
     9    7     -119.52989068   0.66305E-06   0.40362E-05    3      0.77
    10    8     -119.52989068   0.18570E-08   0.36405E-05    3      0.77
    11    9     -119.52989068   0.23255E-08   0.52473E-06    3      0.77
    12   10     -119.52989068   0.13515E-10   0.39212E-06    4      0.77
    13   11     -119.52989068   0.51500E-10   0.36836E-07    5      0.77
    14   12     -119.52989068   0.49170E-11   0.20859E-07    6      0.77
 
                                   TOTAL CHARGE DENSITY =     22.0000004

                     TOTAL ENERGY AND ITS COMPONENTS 
                  TOTAL ENERGY     =        -119.52989068 A.U.
                KINETIC ENERGY     =          12.65311996 A.U.
                HARTREE ENERGY     =          32.63814369 A.U.
                     XC ENERGY     =         -39.72069814 A.U.
                  LOCAL ENERGY     =         -35.93442235 A.U.
               NONLOCAL ENERGY     =          -9.32871135 A.U.
                  EWALD ENERGY     =         -79.83730959 A.U.
                     PC ENERGY     =           0.00000000 A.U.
               ENTROPIC ENERGY     =          -0.00001291 A.U.

                                         FERMI ENERGY =      -0.05343192
 NKP=    1  NGP=       615  K=(  0.00000  0.00000  0.00000)  WKP= 0.0009
                              EIGEN VALUE 
 -0.37876 -0.22551 -0.15491 -0.15273 -0.15273 -0.14573 -0.14573 -0.13625
 -0.13625 -0.11082 -0.11082 -0.07986  0.08018  0.72786  0.72786  0.74200
                               OCCUPATION 
  1.00000  1.00000  1.00000  1.00000  1.00000  1.00000  1.00000  1.00000
  1.00000  1.00000  1.00000  1.00000  0.00000  0.00000  0.00000  0.00000
 NKP=    2  NGP=       604  K=(  0.10657  0.06153  0.00000)  WKP= 0.0052
                              EIGEN VALUE 
 -0.37080 -0.22100 -0.15881 -0.14995 -0.14957 -0.14690 -0.14326 -0.13992
 -0.13788 -0.12889 -0.11019 -0.05174  0.08252  0.60377  0.66167  0.71072
                               OCCUPATION 
  1.00000  1.00000  1.00000  1.00000  1.00000  1.00000  1.00000  1.00000
  1.00000  1.00000  1.00000 -0.00047  0.00000  0.00000  0.00000  0.00000
 NKP=    3  NGP=       610  K=(  0.21314  0.12305  0.00000)  WKP= 0.0052
                              EIGEN VALUE 
 -0.34742 -0.20961 -0.16497 -0.15854 -0.15138 -0.14241 -0.14214 -0.14192
 -0.13786 -0.13640 -0.10886 -0.00484  0.09050  0.45631  0.58396  0.67046
                               OCCUPATION 
  1.00000  1.00000  1.00000  1.00000  1.00000  1.00000  1.00000  1.00000
  1.00000  1.00000  1.00000  0.00000  0.00000  0.00000  0.00000  0.00000
 NKP=    4  NGP=       610  K=(  0.31970  0.18458  0.00000)  WKP= 0.0052
                              EIGEN VALUE 
 -0.31063 -0.19914 -0.17660 -0.16914 -0.15421 -0.14686 -0.14282 -0.13222
 -0.13094 -0.12663 -0.10761  0.05088  0.10649  0.32009  0.51791  0.60618
                               OCCUPATION 
  1.00000  1.00000  1.00000  1.00000  1.00000  1.00000  1.00000  1.00000
  1.00000  1.00000  1.00000  0.00000  0.00000  0.00000  0.00000  0.00000
 NKP=    5  NGP=       606  K=(  0.42627  0.24611  0.00000)  WKP= 0.0052
                              EIGEN VALUE 
 -0.26621 -0.19887 -0.18915 -0.16756 -0.15138 -0.15137 -0.14737 -0.11920
 -0.11618 -0.11578 -0.10676  0.11428  0.12553  0.20787  0.46689  0.48979
                               OCCUPATION 
  1.00000  1.00000  1.00000  1.00000  1.00000  1.00000  1.00000  1.00000
  1.00000  1.00000  1.00000  0.00000  0.00000  0.00000  0.00000  0.00000
 NKP=    6  NGP=       610  K=(  0.53284  0.30763  0.00000)  WKP= 0.0052
                              EIGEN VALUE 
 -0.22948 -0.20356 -0.19639 -0.16020 -0.15447 -0.15066 -0.14616 -0.11060
 -0.10763 -0.10632 -0.08656  0.06898  0.18267  0.20429  0.38987  0.39708
                               OCCUPATION 
  1.00000  1.00000  1.00000  1.00000  1.00000  1.00000  1.00000  1.00000
  1.00000  1.00000  1.00000  0.00000  0.00000  0.00000  0.00000  0.00000
 NKP=    7  NGP=       608  K=(  0.63941  0.36916  0.00000)  WKP= 0.0026
                              EIGEN VALUE 
 -0.21642 -0.20691 -0.19874 -0.15558 -0.15347 -0.15185 -0.14445 -0.10753
 -0.10619 -0.10421 -0.04831  0.00483  0.22944  0.24069  0.33263  0.33714
                               OCCUPATION 
  1.00000  1.00000  1.00000  1.00000  1.00000  1.00000  1.00000  1.00000
  1.00000  1.00000 -0.00087  0.00000  0.00000  0.00000  0.00000  0.00000
 NKP=    8  NGP=       605  K=(  0.10657  0.18458  0.00000)  WKP= 0.0052
                              EIGEN VALUE 
 -0.35511 -0.21293 -0.16361 -0.15234 -0.14950 -0.14604 -0.14430 -0.14267
 -0.13792 -0.13487 -0.10944 -0.01830  0.08772  0.53045  0.53379  0.76007
                               OCCUPATION 
  1.00000  1.00000  1.00000  1.00000  1.00000  1.00000  1.00000  1.00000
  1.00000  1.00000  1.00000  0.00000  0.00000  0.00000  0.00000  0.00000
 NKP=    9  NGP=       611  K=(  0.21314  0.24611  0.00000)  WKP= 0.0104
                              EIGEN VALUE 
 -0.32488 -0.20096 -0.17011 -0.17003 -0.15282 -0.14803 -0.13985 -0.13855
 -0.13410 -0.12800 -0.10853  0.03040  0.10011  0.39052  0.47000  0.67440
                               OCCUPATION 
  1.00000  1.00000  1.00000  1.00000  1.00000  1.00000  1.00000  1.00000
  1.00000  1.00000  1.00000  0.00000  0.00000  0.00000  0.00000  0.00000
 NKP=   10  NGP=       611  K=(  0.31970  0.30763  0.00000)  WKP= 0.0104
                              EIGEN VALUE 
 -0.28355 -0.19519 -0.18400 -0.17229 -0.15309 -0.15259 -0.14340 -0.13003
 -0.12215 -0.11464 -0.10778  0.08891  0.12164  0.26274  0.41933  0.55093
                               OCCUPATION 
  1.00000  1.00000  1.00000  1.00000  1.00000  1.00000  1.00000  1.00000
  1.00000  1.00000  1.00000  0.00000  0.00000  0.00000  0.00000  0.00000
 NKP=   11  NGP=       613  K=(  0.42627  0.36916  0.00000)  WKP= 0.0104
                              EIGEN VALUE 
 -0.24100 -0.19875 -0.19302 -0.16828 -0.15552 -0.14834 -0.14828 -0.11762
 -0.11218 -0.10733 -0.09495  0.11630  0.15507  0.19248  0.38219  0.44203
                               OCCUPATION 
  1.00000  1.00000  1.00000  1.00000  1.00000  1.00000  1.00000  1.00000
  1.00000  1.00000  1.00000  0.00000  0.00000  0.00000  0.00000  0.00000
 NKP=   12  NGP=       617  K=(  0.53284  0.43069  0.00000)  WKP= 0.0104
                              EIGEN VALUE 
 -0.21630 -0.20329 -0.19739 -0.15987 -0.15649 -0.15183 -0.14440 -0.10881
 -0.10714 -0.10701 -0.05635  0.03309  0.22118  0.23318  0.35186  0.35474
                               OCCUPATION 
  1.00000  1.00000  1.00000  1.00000  1.00000  1.00000  1.00000  1.00000
  1.00000  1.00000  1.02941  0.00000  0.00000  0.00000  0.00000  0.00000
 NKP=   13  NGP=       615  K=(  0.21314  0.36916  0.00000)  WKP= 0.0052
                              EIGEN VALUE 
 -0.28964 -0.19137 -0.18126 -0.17717 -0.15431 -0.15285 -0.14103 -0.13585
 -0.12245 -0.11410 -0.10869  0.08030  0.11966  0.33610  0.33718  0.61998
                               OCCUPATION 
  1.00000  1.00000  1.00000  1.00000  1.00000  1.00000  1.00000  1.00000
  1.00000  1.00000  1.00000  0.00000  0.00000  0.00000  0.00000  0.00000
 NKP=   14  NGP=       619  K=(  0.31970  0.43069  0.00000)  WKP= 0.0104
                              EIGEN VALUE 
 -0.24776 -0.19023 -0.18951 -0.17876 -0.15824 -0.14942 -0.14577 -0.12832
 -0.11224 -0.10891 -0.09444  0.14103  0.14680  0.22166  0.29574  0.50797
                               OCCUPATION 
  1.00000  1.00000  1.00000  1.00000  1.00000  1.00000  1.00000  1.00000
  1.00000  1.00000  1.00000  0.00000  0.00000  0.00000  0.00000  0.00000
 NKP=   15  NGP=       617  K=(  0.42627  0.49221  0.00000)  WKP= 0.0104
                              EIGEN VALUE 
 -0.21483 -0.19516 -0.19434 -0.17299 -0.15932 -0.15104 -0.14434 -0.11835
 -0.10908 -0.10743 -0.06122  0.09221  0.20921  0.22033  0.26983  0.40716
                               OCCUPATION 
  1.00000  1.00000  1.00000  1.00000  1.00000  1.00000  1.00000  1.00000
  1.00000  1.00000  1.00000  0.00000  0.00000  0.00000  0.00000  0.00000
 NKP=   16  NGP=       608  K=(  0.53284  0.55374  0.00000)  WKP= 0.0052
                              EIGEN VALUE 
 -0.20485 -0.19757 -0.19590 -0.16775 -0.15869 -0.15400 -0.14219 -0.11162
 -0.10915 -0.10816 -0.01574  0.02190  0.25588  0.25924  0.26588  0.34631
                               OCCUPATION 
  1.00000  1.00000  1.00000  1.00000  1.00000  1.00000  1.00000  1.00000
  1.00000  1.00000  0.00000  0.00000  0.00000  0.00000  0.00000  0.00000
 NKP=   17  NGP=       623  K=(  0.31970  0.55374  0.00000)  WKP= 0.0052
                              EIGEN VALUE 
 -0.21355 -0.19257 -0.18582 -0.18460 -0.16111 -0.15048 -0.14405 -0.12406
 -0.11009 -0.10736 -0.06185  0.15565  0.18094  0.20450  0.22903  0.46219
                               OCCUPATION 
  1.00000  1.00000  1.00000  1.00000  1.00000  1.00000  1.00000  1.00000
  1.00000  1.00000  1.00000  0.00000  0.00000  0.00000  0.00000  0.00000
 NKP=   18  NGP=       609  K=(  0.42627  0.61527  0.00000)  WKP= 0.0104
                              EIGEN VALUE 
 -0.19698 -0.19375 -0.18934 -0.17843 -0.16080 -0.15545 -0.13986 -0.11739
 -0.11078 -0.10898 -0.00811  0.07420  0.15814  0.27385  0.27839  0.38118
                               OCCUPATION 
  1.00000  1.00000  1.00000  1.00000  1.00000  1.00000  1.00000  1.00000
  1.00000  1.00000  0.00000  0.00000  0.00000  0.00000  0.00000  0.00000
 NKP=   19  NGP=       609  K=(  0.42627  0.73832  0.00000)  WKP= 0.0017
                              EIGEN VALUE 
 -0.19316 -0.18917 -0.18917 -0.17993 -0.15937 -0.15937 -0.13741 -0.11393
 -0.11393 -0.11146  0.05944  0.07038  0.07038  0.31863  0.34058  0.34058
                               OCCUPATION 
  1.00000  1.00000  1.00000  1.00000  1.00000  1.00000  1.00000  1.00000
  1.00000  1.00000  0.00000  0.00000  0.00000  0.00000  0.00000  0.00000
 NKP=   20  NGP=       615  K=(  0.00000  0.00000  0.09789)  WKP= 0.0017
                              EIGEN VALUE 
 -0.37371 -0.22867 -0.15583 -0.15363 -0.15363 -0.14666 -0.14666 -0.13409
 -0.13409 -0.11110 -0.11110 -0.10333  0.11669  0.73312  0.73408  0.74393
                               OCCUPATION 
  1.00000  1.00000  1.00000  1.00000  1.00000  1.00000  1.00000  1.00000
  1.00000  1.00000  1.00000  1.00000  0.00000  0.00000  0.00000  0.00000
 NKP=   21  NGP=       608  K=(  0.10657  0.06153  0.09789)  WKP= 0.0104
                              EIGEN VALUE 
 -0.36579 -0.22380 -0.15886 -0.15193 -0.15110 -0.14939 -0.14429 -0.13762
 -0.13531 -0.13142 -0.11056 -0.07339  0.12111  0.60830  0.66702  0.71303
                               OCCUPATION 
  1.00000  1.00000  1.00000  1.00000  1.00000  1.00000  1.00000  1.00000
  1.00000  1.00000  1.00000  1.00000  0.00000  0.00000  0.00000  0.00000
 NKP=   22  NGP=       606  K=(  0.21314  0.12305  0.09789)  WKP= 0.0104
                              EIGEN VALUE 
 -0.34258 -0.21133 -0.16458 -0.16321 -0.15250 -0.14549 -0.14426 -0.13865
 -0.13583 -0.13440 -0.10943 -0.03531  0.13556  0.46108  0.58980  0.66312
                               OCCUPATION 
  1.00000  1.00000  1.00000  1.00000  1.00000  1.00000  1.00000  1.00000
  1.00000  1.00000  1.00000  0.00000  0.00000  0.00000  0.00000  0.00000
 NKP=   23  NGP=       612  K=(  0.31970  0.18458  0.09789)  WKP= 0.0104
                              EIGEN VALUE 
 -0.30622 -0.19945 -0.17920 -0.16839 -0.15619 -0.14638 -0.14318 -0.13033
 -0.13020 -0.12732 -0.10836  0.00656  0.16251  0.32496  0.52422  0.54892
                               OCCUPATION 
  1.00000  1.00000  1.00000  1.00000  1.00000  1.00000  1.00000  1.00000
  1.00000  1.00000  1.00000  0.00000  0.00000  0.00000  0.00000  0.00000
 NKP=   24  NGP=       615  K=(  0.42627  0.24611  0.09789)  WKP= 0.0104
                              EIGEN VALUE 
 -0.26301 -0.19887 -0.18939 -0.16938 -0.15263 -0.15014 -0.14261 -0.11883
 -0.11742 -0.11663 -0.10751  0.05148  0.18738  0.22179  0.43208  0.47363
                               OCCUPATION 
  1.00000  1.00000  1.00000  1.00000  1.00000  1.00000  1.00000  1.00000
  1.00000  1.00000  1.00000  0.00000  0.00000  0.00000  0.00000  0.00000
 NKP=   25  NGP=       618  K=(  0.53284  0.30763  0.09789)  WKP= 0.0104
                              EIGEN VALUE 
 -0.22924 -0.20378 -0.19308 -0.17047 -0.15297 -0.14616 -0.13680 -0.11098
 -0.10950 -0.10612 -0.08842  0.05851  0.14598  0.24836  0.34676  0.44124
                               OCCUPATION 
  1.00000  1.00000  1.00000  1.00000  1.00000  1.00000  1.00000  1.00000
  1.00000  1.00000  1.00000  0.00000  0.00000  0.00000  0.00000  0.00000
 NKP=   26  NGP=       608  K=(  0.63941  0.36916  0.09789)  WKP= 0.0052
                              EIGEN VALUE 
 -0.21895 -0.20646 -0.19313 -0.17041 -0.15399 -0.14428 -0.13192 -0.10926
 -0.10655 -0.10430 -0.04973  0.00364  0.20027  0.20876  0.37410  0.37792
                               OCCUPATION 
  1.00000  1.00000  1.00000  1.00000  1.00000  1.00000  1.00000  1.00000
  1.00000  1.00000 -0.01250  0.00000  0.00000  0.00000  0.00000  0.00000
 NKP=   27  NGP=       614  K=(  0.10657  0.18458  0.09789)  WKP= 0.0104
                              EIGEN VALUE 
 -0.35021 -0.21500 -0.16327 -0.15845 -0.15068 -0.14753 -0.14501 -0.14056
 -0.13600 -0.13355 -0.10992 -0.04584  0.13059  0.53497  0.53890  0.74760
                               OCCUPATION 
  1.00000  1.00000  1.00000  1.00000  1.00000  1.00000  1.00000  1.00000
  1.00000  1.00000  1.00000 -0.00000  0.00000  0.00000  0.00000  0.00000
 NKP=   28  NGP=       610  K=(  0.21314  0.24611  0.09789)  WKP= 0.0208
                              EIGEN VALUE 
 -0.32026 -0.20165 -0.17379 -0.16937 -0.15383 -0.14866 -0.14190 -0.13710
 -0.13110 -0.12838 -0.10908 -0.00838  0.15171  0.39542  0.47516  0.61982
                               OCCUPATION 
  1.00000  1.00000  1.00000  1.00000  1.00000  1.00000  1.00000  1.00000
  1.00000  1.00000  1.00000  0.00000  0.00000  0.00000  0.00000  0.00000
 NKP=   29  NGP=       613  K=(  0.31970  0.30763  0.09789)  WKP= 0.0208
                              EIGEN VALUE 
 -0.27966 -0.19480 -0.18586 -0.17151 -0.15640 -0.14909 -0.14405 -0.12954
 -0.12097 -0.11647 -0.10768  0.03486  0.18548  0.26789  0.42474  0.49476
                               OCCUPATION 
  1.00000  1.00000  1.00000  1.00000  1.00000  1.00000  1.00000  1.00000
  1.00000  1.00000  1.00000  0.00000  0.00000  0.00000  0.00000  0.00000
 NKP=   30  NGP=       617  K=(  0.42627  0.36916  0.09789)  WKP= 0.0208
                              EIGEN VALUE 
 -0.23912 -0.19869 -0.19192 -0.17164 -0.15423 -0.14762 -0.14386 -0.11821
 -0.11141 -0.10977 -0.09487  0.07595  0.15812  0.23921  0.38096  0.39457
                               OCCUPATION 
  1.00000  1.00000  1.00000  1.00000  1.00000  1.00000  1.00000  1.00000
  1.00000  1.00000  1.00000  0.00000  0.00000  0.00000  0.00000  0.00000
 NKP=   31  NGP=       612  K=(  0.53284  0.43069  0.09789)  WKP= 0.0208
                              EIGEN VALUE 
 -0.21800 -0.20304 -0.19233 -0.17157 -0.15572 -0.14351 -0.13870 -0.11040
 -0.10803 -0.10665 -0.05636  0.03118  0.17560  0.24346  0.34835  0.37159
                               OCCUPATION 
  1.00000  1.00000  1.00000  1.00000  1.00000  1.00000  1.00000  1.00000
  1.00000  1.00000  1.02914  0.00000  0.00000  0.00000  0.00000  0.00000
 NKP=   32  NGP=       618  K=(  0.21314  0.36916  0.09789)  WKP= 0.0104
                              EIGEN VALUE 
 -0.28555 -0.19045 -0.18403 -0.17646 -0.15511 -0.15247 -0.14285 -0.13445
 -0.12081 -0.11647 -0.10781  0.02927  0.18136  0.34144  0.34209  0.56996
                               OCCUPATION 
  1.00000  1.00000  1.00000  1.00000  1.00000  1.00000  1.00000  1.00000
  1.00000  1.00000  1.00000  0.00000  0.00000  0.00000  0.00000  0.00000
 NKP=   33  NGP=       619  K=(  0.31970  0.43069  0.09789)  WKP= 0.0208
                              EIGEN VALUE 
 -0.24495 -0.19111 -0.18888 -0.17754 -0.15788 -0.14898 -0.14708 -0.12777
 -0.11183 -0.11103 -0.09318  0.07552  0.20970  0.23733  0.30113  0.45151
                               OCCUPATION 
  1.00000  1.00000  1.00000  1.00000  1.00000  1.00000  1.00000  1.00000
  1.00000  1.00000  1.00000  0.00000  0.00000  0.00000  0.00000  0.00000
 NKP=   34  NGP=       613  K=(  0.42627  0.49221  0.09789)  WKP= 0.0208
                              EIGEN VALUE 
 -0.21489 -0.19445 -0.19218 -0.17542 -0.15820 -0.14943 -0.14326 -0.11843
 -0.11171 -0.10658 -0.05964  0.08615  0.16240  0.27091  0.27637  0.36305
                               OCCUPATION 
  1.00000  1.00000  1.00000  1.00000  1.00000  1.00000  1.00000  1.00000
  1.00000  1.00000  1.00005  0.00000  0.00000  0.00000  0.00000  0.00000
 NKP=   35  NGP=       609  K=(  0.53284  0.55374  0.09789)  WKP= 0.0104
                              EIGEN VALUE 
 -0.20779 -0.19660 -0.18983 -0.17461 -0.15948 -0.14769 -0.14095 -0.11203
 -0.11166 -0.10742 -0.01303  0.02250  0.22228  0.23078  0.26629  0.38832
                               OCCUPATION 
  1.00000  1.00000  1.00000  1.00000  1.00000  1.00000  1.00000  1.00000
  1.00000  1.00000  0.00000  0.00000  0.00000  0.00000  0.00000  0.00000
 NKP=   36  NGP=       614  K=(  0.31970  0.55374  0.09789)  WKP= 0.0104
                              EIGEN VALUE 
 -0.21236 -0.19385 -0.18419 -0.18293 -0.15938 -0.15267 -0.14403 -0.12343
 -0.11285 -0.10645 -0.05980  0.12196  0.18619  0.19494  0.28133  0.41329
                               OCCUPATION 
  1.00000  1.00000  1.00000  1.00000  1.00000  1.00000  1.00000  1.00000
  1.00000  1.00000  1.00003  0.00000  0.00000  0.00000  0.00000  0.00000
 NKP=   37  NGP=       605  K=(  0.42627  0.61527  0.09789)  WKP= 0.0208
                              EIGEN VALUE 
 -0.19852 -0.19098 -0.18752 -0.17963 -0.16034 -0.15576 -0.13968 -0.11698
 -0.11366 -0.10832 -0.00471  0.07632  0.16063  0.22224  0.29342  0.36589
                               OCCUPATION 
  1.00000  1.00000  1.00000  1.00000  1.00000  1.00000  1.00000  1.00000
  1.00000  1.00000  0.00000  0.00000  0.00000  0.00000  0.00000  0.00000
 NKP=   38  NGP=       591  K=(  0.42627  0.73832  0.09789)  WKP= 0.0035
                              EIGEN VALUE 
 -0.19195 -0.18856 -0.18856 -0.17959 -0.15990 -0.15990 -0.13775 -0.11447
 -0.11329 -0.11329  0.06613  0.07291  0.07291  0.28885  0.29885  0.29885
                               OCCUPATION 
  1.00000  1.00000  1.00000  1.00000  1.00000  1.00000  1.00000  1.00000
  1.00000  1.00000  0.00000  0.00000  0.00000  0.00000  0.00000  0.00000
 NKP=   39  NGP=       621  K=(  0.00000  0.00000  0.19578)  WKP= 0.0017
                              EIGEN VALUE 
 -0.35876 -0.24163 -0.15827 -0.15498 -0.15498 -0.14903 -0.14903 -0.13883
 -0.12918 -0.12918 -0.11220 -0.11220  0.19468  0.62895  0.74785  0.74852
                               OCCUPATION 
  1.00000  1.00000  1.00000  1.00000  1.00000  1.00000  1.00000  1.00000
  1.00000  1.00000  1.00000  1.00000  0.00000  0.00000  0.00000  0.00000
 NKP=   40  NGP=       617  K=(  0.10657  0.06153  0.19578)  WKP= 0.0104
                              EIGEN VALUE 
 -0.35098 -0.23588 -0.15890 -0.15688 -0.15612 -0.15268 -0.14671 -0.14335
 -0.12997 -0.12920 -0.11189 -0.09826  0.20053  0.62001  0.63726  0.68293
                               OCCUPATION 
  1.00000  1.00000  1.00000  1.00000  1.00000  1.00000  1.00000  1.00000
  1.00000  1.00000  1.00000  1.00000  0.00000  0.00000  0.00000  0.00000
 NKP=   41  NGP=       618  K=(  0.21314  0.12305  0.19578)  WKP= 0.0104
                              EIGEN VALUE 
 -0.32829 -0.22075 -0.17136 -0.16309 -0.15755 -0.14732 -0.14672 -0.14033
 -0.13069 -0.12825 -0.11125 -0.07342  0.21847  0.47514  0.60715  0.61957
                               OCCUPATION 
  1.00000  1.00000  1.00000  1.00000  1.00000  1.00000  1.00000  1.00000
  1.00000  1.00000  1.00000  1.00000  0.00000  0.00000  0.00000  0.00000
 NKP=   42  NGP=       612  K=(  0.31970  0.18458  0.19578)  WKP= 0.0104
                              EIGEN VALUE 
 -0.29333 -0.20511 -0.18270 -0.16680 -0.15980 -0.14533 -0.14485 -0.13106
 -0.12633 -0.12504 -0.11055 -0.04380  0.24828  0.33944  0.49222  0.54289
                               OCCUPATION 
  1.00000  1.00000  1.00000  1.00000  1.00000  1.00000  1.00000  1.00000
  1.00000  1.00000  1.00000 -0.00000  0.00000  0.00000  0.00000  0.00000
 NKP=   43  NGP=       615  K=(  0.42627  0.24611  0.19578)  WKP= 0.0104
                              EIGEN VALUE 
 -0.25400 -0.20250 -0.18814 -0.17124 -0.15258 -0.14657 -0.13512 -0.12138
 -0.11760 -0.11758 -0.10930 -0.00736  0.21626  0.28562  0.38322  0.49343
                               OCCUPATION 
  1.00000  1.00000  1.00000  1.00000  1.00000  1.00000  1.00000  1.00000
  1.00000  1.00000  1.00000  0.00000  0.00000  0.00000  0.00000  0.00000
 NKP=   44  NGP=       613  K=(  0.53284  0.30763  0.19578)  WKP= 0.0104
                              EIGEN VALUE 
 -0.22777 -0.20541 -0.18791 -0.17725 -0.14858 -0.14422 -0.11734 -0.11623
 -0.10961 -0.10643 -0.09325  0.02376  0.13393  0.24198  0.38087  0.46185
                               OCCUPATION 
  1.00000  1.00000  1.00000  1.00000  1.00000  1.00000  1.00000  1.00000
  1.00000  1.00000  1.00000  0.00000  0.00000  0.00000  0.00000  0.00000
 NKP=   45  NGP=       612  K=(  0.63941  0.36916  0.19578)  WKP= 0.0052
                              EIGEN VALUE 
 -0.22146 -0.20669 -0.18381 -0.18214 -0.14937 -0.14162 -0.11518 -0.11252
 -0.10639 -0.10458 -0.05197 -0.00080  0.15827  0.16345  0.44866  0.45098
                               OCCUPATION 
  1.00000  1.00000  1.00000  1.00000  1.00000  1.00000  1.00000  1.00000
  1.00000  1.00000  0.02941  0.00000  0.00000  0.00000  0.00000  0.00000
 NKP=   46  NGP=       617  K=(  0.10657  0.18458  0.19578)  WKP= 0.0104
                              EIGEN VALUE 
 -0.33572 -0.22531 -0.16755 -0.16205 -0.15693 -0.14848 -0.14678 -0.14238
 -0.12959 -0.12946 -0.11149 -0.08046  0.21247  0.54804  0.55405  0.64655
                               OCCUPATION 
  1.00000  1.00000  1.00000  1.00000  1.00000  1.00000  1.00000  1.00000
  1.00000  1.00000  1.00000  1.00000  0.00000  0.00000  0.00000  0.00000
 NKP=   47  NGP=       611  K=(  0.21314  0.24611  0.19578)  WKP= 0.0208
                              EIGEN VALUE 
 -0.30668 -0.20862 -0.17938 -0.16759 -0.15823 -0.14936 -0.14439 -0.13524
 -0.12710 -0.12614 -0.11077 -0.05449  0.23687  0.40991  0.49022  0.56244
                               OCCUPATION 
  1.00000  1.00000  1.00000  1.00000  1.00000  1.00000  1.00000  1.00000
  1.00000  1.00000  1.00000  0.88447  0.00000  0.00000  0.00000  0.00000
 NKP=   48  NGP=       612  K=(  0.31970  0.30763  0.19578)  WKP= 0.0208
                              EIGEN VALUE 
 -0.26847 -0.19915 -0.18646 -0.16976 -0.15932 -0.14610 -0.14520 -0.12774
 -0.11987 -0.11796 -0.10807 -0.02110  0.26674  0.28664  0.43290  0.44704
                               OCCUPATION 
  1.00000  1.00000  1.00000  1.00000  1.00000  1.00000  1.00000  1.00000
  1.00000  1.00000  1.00000  0.00000  0.00000  0.00000  0.00000  0.00000
 NKP=   49  NGP=       614  K=(  0.42627  0.36916  0.19578)  WKP= 0.0208
                              EIGEN VALUE 
 -0.23392 -0.20124 -0.18888 -0.17366 -0.15366 -0.14457 -0.13486 -0.12021
 -0.11477 -0.10912 -0.09447  0.01953  0.17081  0.28509  0.36559  0.40787
                               OCCUPATION 
  1.00000  1.00000  1.00000  1.00000  1.00000  1.00000  1.00000  1.00000
  1.00000  1.00000  1.00000  0.00000  0.00000  0.00000  0.00000  0.00000
 NKP=   50  NGP=       611  K=(  0.53284  0.43069  0.19578)  WKP= 0.0208
                              EIGEN VALUE 
 -0.21954 -0.20332 -0.18523 -0.17924 -0.15447 -0.13939 -0.12476 -0.11658
 -0.10874 -0.10537 -0.05453  0.02225  0.13737  0.20471  0.38672  0.41879
                               OCCUPATION 
  1.00000  1.00000  1.00000  1.00000  1.00000  1.00000  1.00000  1.00000
  1.00000  1.00000  0.89479  0.00000  0.00000  0.00000  0.00000  0.00000
 NKP=   51  NGP=       610  K=(  0.21314  0.36916  0.19578)  WKP= 0.0104
                              EIGEN VALUE 
 -0.27368 -0.19565 -0.18497 -0.17435 -0.15797 -0.15280 -0.14494 -0.13042
 -0.12026 -0.11750 -0.10709 -0.02513  0.26769  0.35651  0.35728  0.51278
                               OCCUPATION 
  1.00000  1.00000  1.00000  1.00000  1.00000  1.00000  1.00000  1.00000
  1.00000  1.00000  1.00000  0.00000  0.00000  0.00000  0.00000  0.00000
 NKP=   52  NGP=       613  K=(  0.31970  0.43069  0.19578)  WKP= 0.0208
                              EIGEN VALUE 
 -0.23713 -0.19568 -0.18539 -0.17424 -0.15856 -0.15107 -0.14600 -0.12545
 -0.11744 -0.10844 -0.09049  0.01632  0.23426  0.30590  0.31734  0.40048
                               OCCUPATION 
  1.00000  1.00000  1.00000  1.00000  1.00000  1.00000  1.00000  1.00000
  1.00000  1.00000  1.00000  0.00000  0.00000  0.00000  0.00000  0.00000
 NKP=   53  NGP=       612  K=(  0.42627  0.49221  0.19578)  WKP= 0.0208
                              EIGEN VALUE 
 -0.21409 -0.19527 -0.18812 -0.17456 -0.15991 -0.14591 -0.13937 -0.12030
 -0.11582 -0.10490 -0.05417  0.05679  0.14662  0.26387  0.29175  0.39348
                               OCCUPATION 
  1.00000  1.00000  1.00000  1.00000  1.00000  1.00000  1.00000  1.00000
  1.00000  1.00000  0.78885  0.00000  0.00000  0.00000  0.00000  0.00000
 NKP=   54  NGP=       607  K=(  0.53284  0.55374  0.19578)  WKP= 0.0104
                              EIGEN VALUE 
 -0.21000 -0.19531 -0.18267 -0.17902 -0.16198 -0.14067 -0.13704 -0.11895
 -0.11159 -0.10620 -0.00494  0.02396  0.17589  0.18205  0.28293  0.42665
                               OCCUPATION 
  1.00000  1.00000  1.00000  1.00000  1.00000  1.00000  1.00000  1.00000
  1.00000  1.00000  0.00000  0.00000  0.00000  0.00000  0.00000  0.00000
 NKP=   55  NGP=       607  K=(  0.31970  0.55374  0.19578)  WKP= 0.0104
                              EIGEN VALUE 
 -0.20926 -0.19583 -0.18232 -0.17677 -0.15799 -0.15660 -0.14372 -0.12265
 -0.11757 -0.10474 -0.05342  0.06751  0.20147  0.20654  0.32428  0.35541
                               OCCUPATION 
  1.00000  1.00000  1.00000  1.00000  1.00000  1.00000  1.00000  1.00000
  1.00000  1.00000  0.49534  0.00000  0.00000  0.00000  0.00000  0.00000
 NKP=   56  NGP=       602  K=(  0.42627  0.61527  0.19578)  WKP= 0.0208
                              EIGEN VALUE 
 -0.19912 -0.18831 -0.18463 -0.17836 -0.16218 -0.15525 -0.13895 -0.12122
 -0.11500 -0.10712  0.00525  0.07928  0.15583  0.19400  0.25035  0.33398
                               OCCUPATION 
  1.00000  1.00000  1.00000  1.00000  1.00000  1.00000  1.00000  1.00000
  1.00000  1.00000  0.00000  0.00000  0.00000  0.00000  0.00000  0.00000
 NKP=   57  NGP=       612  K=(  0.42627  0.73832  0.19578)  WKP= 0.0035
                              EIGEN VALUE 
 -0.18865 -0.18707 -0.18707 -0.17887 -0.16117 -0.16117 -0.13845 -0.12187
 -0.11181 -0.11181  0.08021  0.08021  0.08485  0.23909  0.24650  0.24650
                               OCCUPATION 
  1.00000  1.00000  1.00000  1.00000  1.00000  1.00000  1.00000  1.00000
  1.00000  1.00000  0.00000  0.00000  0.00000  0.00000  0.00000  0.00000
 NKP=   58  NGP=       622  K=(  0.00000  0.00000  0.29367)  WKP= 0.0017
                              EIGEN VALUE 
 -0.33465 -0.26894 -0.16124 -0.15801 -0.15530 -0.15530 -0.15185 -0.15185
 -0.12355 -0.12355 -0.11457 -0.11457  0.28976  0.50905  0.75693  0.77235
                               OCCUPATION 
  1.00000  1.00000  1.00000  1.00000  1.00000  1.00000  1.00000  1.00000
  1.00000  1.00000  1.00000  1.00000  0.00000  0.00000  0.00000  0.00000
 NKP=   59  NGP=       623  K=(  0.10657  0.06153  0.29367)  WKP= 0.0104
                              EIGEN VALUE 
 -0.32712 -0.26237 -0.16462 -0.16193 -0.15687 -0.15305 -0.15013 -0.14955
 -0.12406 -0.12290 -0.11455 -0.10946  0.29607  0.51525  0.64484  0.70897
                               OCCUPATION 
  1.00000  1.00000  1.00000  1.00000  1.00000  1.00000  1.00000  1.00000
  1.00000  1.00000  1.00000  1.00000  0.00000  0.00000  0.00000  0.00000
 NKP=   60  NGP=       616  K=(  0.21314  0.12305  0.29367)  WKP= 0.0104
                              EIGEN VALUE 
 -0.30540 -0.24448 -0.17381 -0.16429 -0.16003 -0.15103 -0.14737 -0.14323
 -0.12469 -0.12049 -0.11449 -0.09705  0.31478  0.49540  0.53790  0.57600
                               OCCUPATION 
  1.00000  1.00000  1.00000  1.00000  1.00000  1.00000  1.00000  1.00000
  1.00000  1.00000  1.00000  1.00000  0.00000  0.00000  0.00000  0.00000
 NKP=   61  NGP=       613  K=(  0.31970  0.18458  0.29367)  WKP= 0.0104
                              EIGEN VALUE 
 -0.27313 -0.22315 -0.18011 -0.16851 -0.15973 -0.14960 -0.14221 -0.13463
 -0.12254 -0.11634 -0.11395 -0.07993  0.34077  0.36383  0.44540  0.56848
                               OCCUPATION 
  1.00000  1.00000  1.00000  1.00000  1.00000  1.00000  1.00000  1.00000
  1.00000  1.00000  1.00000  1.00000  0.00000  0.00000  0.00000  0.00000
 NKP=   62  NGP=       612  K=(  0.42627  0.24611  0.29367)  WKP= 0.0104
                              EIGEN VALUE 
 -0.24090 -0.21262 -0.18349 -0.17329 -0.14846 -0.14107 -0.13407 -0.12735
 -0.11585 -0.11148 -0.11009 -0.05469  0.24033  0.30417  0.40960  0.52525
                               OCCUPATION 
  1.00000  1.00000  1.00000  1.00000  1.00000  1.00000  1.00000  1.00000
  1.00000  1.00000  1.00000  0.93290  0.00000  0.00000  0.00000  0.00000
 NKP=   63  NGP=       615  K=(  0.53284  0.30763  0.29367)  WKP= 0.0104
                              EIGEN VALUE 
 -0.22417 -0.21110 -0.18486 -0.17773 -0.14177 -0.13570 -0.12433 -0.10955
 -0.10888 -0.10712 -0.08658 -0.01943  0.14549  0.20375  0.46436  0.49475
                               OCCUPATION 
  1.00000  1.00000  1.00000  1.00000  1.00000  1.00000  1.00000  1.00000
  1.00000  1.00000  1.00000  0.00000  0.00000  0.00000  0.00000  0.00000
 NKP=   64  NGP=       612  K=(  0.63941  0.36916  0.29367)  WKP= 0.0052
                              EIGEN VALUE 
 -0.22084 -0.21099 -0.18472 -0.17975 -0.14218 -0.13153 -0.12374 -0.10599
 -0.10556 -0.10500 -0.04596 -0.01098  0.12914  0.13098  0.48423  0.53029
                               OCCUPATION 
  1.00000  1.00000  1.00000  1.00000  1.00000  1.00000  1.00000  1.00000
  1.00000  1.00000 -0.00000  0.00000  0.00000  0.00000  0.00000  0.00000
 NKP=   65  NGP=       620  K=(  0.10657  0.18458  0.29367)  WKP= 0.0104
                              EIGEN VALUE 
 -0.31246 -0.25005 -0.17151 -0.16336 -0.15958 -0.15125 -0.14860 -0.14514
 -0.12420 -0.12173 -0.11440 -0.10081  0.30865  0.52528  0.57449  0.57849
                               OCCUPATION 
  1.00000  1.00000  1.00000  1.00000  1.00000  1.00000  1.00000  1.00000
  1.00000  1.00000  1.00000  1.00000  0.00000  0.00000  0.00000  0.00000
 NKP=   66  NGP=       617  K=(  0.21314  0.24611  0.29367)  WKP= 0.0208
                              EIGEN VALUE 
 -0.28513 -0.22953 -0.17823 -0.16690 -0.16198 -0.15332 -0.14324 -0.13742
 -0.12246 -0.11870 -0.11340 -0.08620  0.33296  0.43292  0.50642  0.51894
                               OCCUPATION 
  1.00000  1.00000  1.00000  1.00000  1.00000  1.00000  1.00000  1.00000
  1.00000  1.00000  1.00000  1.00000  0.00000  0.00000  0.00000  0.00000
 NKP=   67  NGP=       608  K=(  0.31970  0.30763  0.29367)  WKP= 0.0208
                              EIGEN VALUE 
 -0.25151 -0.21292 -0.18163 -0.17035 -0.15917 -0.14984 -0.14099 -0.13004
 -0.11714 -0.11314 -0.10813 -0.06425  0.30310  0.35017  0.40679  0.46905
                               OCCUPATION 
  1.00000  1.00000  1.00000  1.00000  1.00000  1.00000  1.00000  1.00000
  1.00000  1.00000  1.00000  1.00000  0.00000  0.00000  0.00000  0.00000
 NKP=   68  NGP=       610  K=(  0.42627  0.36916  0.29367)  WKP= 0.0208
                              EIGEN VALUE 
 -0.22639 -0.20851 -0.18388 -0.17418 -0.14972 -0.14004 -0.13146 -0.12647
 -0.11310 -0.10685 -0.08866 -0.02933  0.19222  0.25800  0.42962  0.44259
                               OCCUPATION 
  1.00000  1.00000  1.00000  1.00000  1.00000  1.00000  1.00000  1.00000
  1.00000  1.00000  1.00000  0.00000  0.00000  0.00000  0.00000  0.00000
 NKP=   69  NGP=       612  K=(  0.53284  0.43069  0.29367)  WKP= 0.0208
                              EIGEN VALUE 
 -0.21831 -0.20790 -0.18410 -0.17723 -0.14883 -0.13120 -0.12696 -0.11741
 -0.10918 -0.10503 -0.04483  0.00166  0.12534  0.16529  0.41618  0.49004
                               OCCUPATION 
  1.00000  1.00000  1.00000  1.00000  1.00000  1.00000  1.00000  1.00000
  1.00000  1.00000 -0.00000  0.00000  0.00000  0.00000  0.00000  0.00000
 NKP=   70  NGP=       612  K=(  0.21314  0.36916  0.29367)  WKP= 0.0104
                              EIGEN VALUE 
 -0.25540 -0.21207 -0.17963 -0.17173 -0.16212 -0.15692 -0.14229 -0.13124
 -0.11602 -0.11429 -0.10634 -0.06649  0.35874  0.37927  0.38360  0.46062
                               OCCUPATION 
  1.00000  1.00000  1.00000  1.00000  1.00000  1.00000  1.00000  1.00000
  1.00000  1.00000  1.00000  1.00000  0.00000  0.00000  0.00000  0.00000
 NKP=   71  NGP=       608  K=(  0.31970  0.43069  0.29367)  WKP= 0.0208
                              EIGEN VALUE 
 -0.22605 -0.20353 -0.18004 -0.17126 -0.16059 -0.15461 -0.14245 -0.12927
 -0.11363 -0.10641 -0.08442 -0.03169  0.25882  0.32514  0.34231  0.40440
                               OCCUPATION 
  1.00000  1.00000  1.00000  1.00000  1.00000  1.00000  1.00000  1.00000
  1.00000  1.00000  1.00000  0.00000  0.00000  0.00000  0.00000  0.00000
 NKP=   72  NGP=       608  K=(  0.42627  0.49221  0.29367)  WKP= 0.0208
                              EIGEN VALUE 
 -0.21138 -0.20067 -0.18242 -0.17117 -0.15979 -0.14555 -0.13554 -0.12760
 -0.11242 -0.10445 -0.04188  0.01582  0.15992  0.22311  0.31772  0.39266
                               OCCUPATION 
  1.00000  1.00000  1.00000  1.00000  1.00000  1.00000  1.00000  1.00000
  1.00000  1.00000 -0.00000  0.00000  0.00000  0.00000  0.00000  0.00000
 NKP=   73  NGP=       602  K=(  0.53284  0.55374  0.29367)  WKP= 0.0104
                              EIGEN VALUE 
 -0.20914 -0.19939 -0.18212 -0.17203 -0.16123 -0.14086 -0.13163 -0.12520
 -0.11079 -0.10630  0.00750  0.02449  0.14209  0.14503  0.30932  0.38621
                               OCCUPATION 
  1.00000  1.00000  1.00000  1.00000  1.00000  1.00000  1.00000  1.00000
  1.00000  1.00000  0.00000  0.00000  0.00000  0.00000  0.00000  0.00000
 NKP=   74  NGP=       608  K=(  0.31970  0.55374  0.29367)  WKP= 0.0104
                              EIGEN VALUE 
 -0.20526 -0.19819 -0.17833 -0.17006 -0.16394 -0.15693 -0.14196 -0.12996
 -0.11260 -0.10422 -0.04053  0.01968  0.22552  0.22904  0.29792  0.30563
                               OCCUPATION 
  1.00000  1.00000  1.00000  1.00000  1.00000  1.00000  1.00000  1.00000
  1.00000  1.00000  0.00000  0.00000  0.00000  0.00000  0.00000  0.00000
 NKP=   75  NGP=       607  K=(  0.42627  0.61527  0.29367)  WKP= 0.0208
                              EIGEN VALUE 
 -0.19780 -0.19105 -0.18001 -0.17206 -0.16558 -0.15627 -0.13751 -0.12926
 -0.11198 -0.10694  0.02175  0.06916  0.14717  0.19271  0.22345  0.28765
                               OCCUPATION 
  1.00000  1.00000  1.00000  1.00000  1.00000  1.00000  1.00000  1.00000
  1.00000  1.00000  0.00000  0.00000  0.00000  0.00000  0.00000  0.00000
 NKP=   76  NGP=       612  K=(  0.42627  0.73832  0.29367)  WKP= 0.0035
                              EIGEN VALUE 
 -0.18553 -0.18553 -0.18424 -0.17874 -0.16240 -0.16240 -0.13843 -0.13012
 -0.11037 -0.11037  0.09036  0.09036  0.11307  0.19125  0.20739  0.20739
                               OCCUPATION 
  1.00000  1.00000  1.00000  1.00000  1.00000  1.00000  1.00000  1.00000
  1.00000  1.00000  0.00000  0.00000  0.00000  0.00000  0.00000  0.00000
 NKP=   77  NGP=       628  K=(  0.00000  0.00000  0.39155)  WKP= 0.0009
                              EIGEN VALUE 
 -0.30320 -0.30320 -0.16263 -0.16263 -0.15418 -0.15418 -0.15418 -0.15418
 -0.11844 -0.11844 -0.11844 -0.11844  0.39537  0.39537  0.76984  0.77122
                               OCCUPATION 
  1.00000  1.00000  1.00000  1.00000  1.00000  1.00000  1.00000  1.00000
  1.00000  1.00000  1.00000  1.00000  0.00000  0.00000  0.00000  0.00000
 NKP=   78  NGP=       620  K=(  0.10657  0.06153  0.39155)  WKP= 0.0052
                              EIGEN VALUE 
 -0.29606 -0.29606 -0.16535 -0.16535 -0.15434 -0.15434 -0.15190 -0.15190
 -0.11870 -0.11870 -0.11641 -0.11641  0.40177  0.40177  0.67496  0.67496
                               OCCUPATION 
  1.00000  1.00000  1.00000  1.00000  1.00000  1.00000  1.00000  1.00000
  1.00000  1.00000  1.00000  1.00000  0.00000  0.00000  0.00000  0.00000
 NKP=   79  NGP=       616  K=(  0.21314  0.12305  0.39155)  WKP= 0.0052
                              EIGEN VALUE 
 -0.27590 -0.27590 -0.17024 -0.17024 -0.15597 -0.15597 -0.14584 -0.14584
 -0.11909 -0.11909 -0.11083 -0.11083  0.41965  0.41965  0.53450  0.53450
                               OCCUPATION 
  1.00000  1.00000  1.00000  1.00000  1.00000  1.00000  1.00000  1.00000
  1.00000  1.00000  1.00000  1.00000  0.00000  0.00000  0.00000  0.00000
 NKP=   80  NGP=       608  K=(  0.31970  0.18458  0.39155)  WKP= 0.0052
                              EIGEN VALUE 
 -0.24817 -0.24817 -0.17431 -0.17431 -0.15505 -0.15505 -0.13863 -0.13863
 -0.11813 -0.11813 -0.10257 -0.10257  0.38869  0.38869  0.46320  0.46320
                               OCCUPATION 
  1.00000  1.00000  1.00000  1.00000  1.00000  1.00000  1.00000  1.00000
  1.00000  1.00000  1.00000  1.00000  0.00000  0.00000  0.00000  0.00000
 NKP=   81  NGP=       602  K=(  0.42627  0.24611  0.39155)  WKP= 0.0052
                              EIGEN VALUE 
 -0.22626 -0.22626 -0.17779 -0.17779 -0.14068 -0.14068 -0.13433 -0.13433
 -0.11373 -0.11373 -0.08896 -0.08896  0.27101  0.27101  0.50352  0.50352
                               OCCUPATION 
  1.00000  1.00000  1.00000  1.00000  1.00000  1.00000  1.00000  1.00000
  1.00000  1.00000  1.00000  1.00000  0.00000  0.00000  0.00000  0.00000
 NKP=   82  NGP=       620  K=(  0.53284  0.30763  0.39155)  WKP= 0.0052
                              EIGEN VALUE 
 -0.21831 -0.21831 -0.18070 -0.18070 -0.13332 -0.13332 -0.12167 -0.12167
 -0.10800 -0.10800 -0.05757 -0.05757  0.16988  0.16988  0.53828  0.53831
                               OCCUPATION 
  1.00000  1.00000  1.00000  1.00000  1.00000  1.00000  1.00000  1.00000
  1.00000  1.00000  1.00638  1.00638  0.00000  0.00000  0.00000  0.00000
 NKP=   83  NGP=       616  K=(  0.63941  0.36916  0.39155)  WKP= 0.0026
                              EIGEN VALUE 
 -0.21696 -0.21696 -0.18180 -0.18180 -0.13325 -0.13325 -0.11597 -0.11597
 -0.10550 -0.10550 -0.02820 -0.02820  0.11911  0.11911  0.52814  0.52814
                               OCCUPATION 
  1.00000  1.00000  1.00000  1.00000  1.00000  1.00000  1.00000  1.00000
  1.00000  1.00000  0.00000  0.00000  0.00000  0.00000  0.00000  0.00000
 NKP=   84  NGP=       616  K=(  0.10657  0.18458  0.39155)  WKP= 0.0052
                              EIGEN VALUE 
 -0.28235 -0.28235 -0.16892 -0.16892 -0.15585 -0.15585 -0.14748 -0.14748
 -0.11897 -0.11897 -0.11259 -0.11259  0.41418  0.41418  0.59875  0.59875
                               OCCUPATION 
  1.00000  1.00000  1.00000  1.00000  1.00000  1.00000  1.00000  1.00000
  1.00000  1.00000  1.00000  1.00000  0.00000  0.00000  0.00000  0.00000
 NKP=   85  NGP=       618  K=(  0.21314  0.24611  0.39155)  WKP= 0.0104
                              EIGEN VALUE 
 -0.25785 -0.25785 -0.17270 -0.17270 -0.15837 -0.15837 -0.14056 -0.14056
 -0.11802 -0.11802 -0.10561 -0.10561  0.43108  0.43108  0.47707  0.47707
                               OCCUPATION 
  1.00000  1.00000  1.00000  1.00000  1.00000  1.00000  1.00000  1.00000
  1.00000  1.00000  1.00000  1.00000  0.00000  0.00000  0.00000  0.00000
 NKP=   86  NGP=       608  K=(  0.31970  0.30763  0.39155)  WKP= 0.0104
                              EIGEN VALUE 
 -0.23167 -0.23167 -0.17538 -0.17538 -0.15485 -0.15485 -0.13578 -0.13578
 -0.11332 -0.11332 -0.09363 -0.09363  0.33421  0.33421  0.47867  0.47867
                               OCCUPATION 
  1.00000  1.00000  1.00000  1.00000  1.00000  1.00000  1.00000  1.00000
  1.00000  1.00000  1.00000  1.00000  0.00000  0.00000  0.00000  0.00000
 NKP=   87  NGP=       614  K=(  0.42627  0.36916  0.39155)  WKP= 0.0104
                              EIGEN VALUE 
 -0.21757 -0.21757 -0.17820 -0.17820 -0.14140 -0.14140 -0.13195 -0.13195
 -0.10848 -0.10848 -0.06662 -0.06662  0.22185  0.22185  0.46924  0.46924
                               OCCUPATION 
  1.00000  1.00000  1.00000  1.00000  1.00000  1.00000  1.00000  1.00000
  1.00000  1.00000  1.00000  1.00000  0.00000  0.00000  0.00000  0.00000
 NKP=   88  NGP=       610  K=(  0.53284  0.43069  0.39155)  WKP= 0.0104
                              EIGEN VALUE 
 -0.21409 -0.21409 -0.18007 -0.18007 -0.13824 -0.13824 -0.12135 -0.12135
 -0.10751 -0.10751 -0.02418 -0.02418  0.13713  0.13713  0.45352  0.45352
                               OCCUPATION 
  1.00000  1.00000  1.00000  1.00000  1.00000  1.00000  1.00000  1.00000
  1.00000  1.00000  0.00000  0.00000  0.00000  0.00000  0.00000  0.00000
 NKP=   89  NGP=       608  K=(  0.21314  0.36916  0.39155)  WKP= 0.0052
                              EIGEN VALUE 
 -0.23346 -0.23346 -0.17364 -0.17364 -0.16178 -0.16178 -0.13695 -0.13695
 -0.11220 -0.11220 -0.09429 -0.09429  0.40434  0.40434  0.41609  0.41609
                               OCCUPATION 
  1.00000  1.00000  1.00000  1.00000  1.00000  1.00000  1.00000  1.00000
  1.00000  1.00000  1.00000  1.00000  0.00000  0.00000  0.00000  0.00000
 NKP=   90  NGP=       610  K=(  0.31970  0.43069  0.39155)  WKP= 0.0104
                              EIGEN VALUE 
 -0.21412 -0.21412 -0.17407 -0.17407 -0.15862 -0.15862 -0.13675 -0.13675
 -0.10733 -0.10733 -0.06624 -0.06624  0.29062  0.29062  0.37534  0.37534
                               OCCUPATION 
  1.00000  1.00000  1.00000  1.00000  1.00000  1.00000  1.00000  1.00000
  1.00000  1.00000  1.00000  1.00000  0.00000  0.00000  0.00000  0.00000
 NKP=   91  NGP=       610  K=(  0.42627  0.49221  0.39155)  WKP= 0.0104
                              EIGEN VALUE 
 -0.20669 -0.20669 -0.17584 -0.17584 -0.15156 -0.15156 -0.13266 -0.13266
 -0.10715 -0.10715 -0.01878 -0.01878  0.18684  0.18684  0.35220  0.35220
                               OCCUPATION 
  1.00000  1.00000  1.00000  1.00000  1.00000  1.00000  1.00000  1.00000
  1.00000  1.00000  0.00000  0.00000  0.00000  0.00000  0.00000  0.00000
 NKP=   92  NGP=       598  K=(  0.53284  0.55374  0.39155)  WKP= 0.0052
                              EIGEN VALUE 
 -0.20532 -0.20532 -0.17653 -0.17653 -0.15027 -0.15027 -0.12769 -0.12769
 -0.10855 -0.10855  0.01950  0.01950  0.12997  0.12997  0.34424  0.34424
                               OCCUPATION 
  1.00000  1.00000  1.00000  1.00000  1.00000  1.00000  1.00000  1.00000
  1.00000  1.00000  0.00000  0.00000  0.00000  0.00000  0.00000  0.00000
 NKP=   93  NGP=       608  K=(  0.31970  0.55374  0.39155)  WKP= 0.0052
                              EIGEN VALUE 
 -0.20136 -0.20136 -0.17263 -0.17263 -0.16118 -0.16118 -0.13739 -0.13739
 -0.10671 -0.10671 -0.01685 -0.01685  0.25136  0.25136  0.27057  0.27057
                               OCCUPATION 
  1.00000  1.00000  1.00000  1.00000  1.00000  1.00000  1.00000  1.00000
  1.00000  1.00000  0.00000  0.00000  0.00000  0.00000  0.00000  0.00000
 NKP=   94  NGP=       608  K=(  0.42627  0.61527  0.39155)  WKP= 0.0104
                              EIGEN VALUE 
 -0.19488 -0.19488 -0.17420 -0.17420 -0.16123 -0.16123 -0.13480 -0.13480
 -0.10872 -0.10872  0.04468  0.04468  0.16468  0.16468  0.24822  0.24822
                               OCCUPATION 
  1.00000  1.00000  1.00000  1.00000  1.00000  1.00000  1.00000  1.00000
  1.00000  1.00000  0.00000  0.00000  0.00000  0.00000  0.00000  0.00000
 NKP=   95  NGP=       618  K=(  0.42627  0.73832  0.39155)  WKP= 0.0017
                              EIGEN VALUE 
 -0.18488 -0.18488 -0.18046 -0.18046 -0.16291 -0.16291 -0.13603 -0.13603
 -0.10980 -0.10980  0.09618  0.09618  0.14890  0.14890  0.19166  0.19166
                               OCCUPATION 
  1.00000  1.00000  1.00000  1.00000  1.00000  1.00000  1.00000  1.00000
  1.00000  1.00000  0.00000  0.00000  0.00000  0.00000  0.00000  0.00000
 
 QMDQMDQMDQMDQMDQMDQMDQMDQMDQMDQMDQMDQMDQMDQMDQMDQMDQMDQMDQMDQMDQMDQMDQM

 MD ITERATION NR.      1:014          TOTAL CPU TIME =     13.07 SECONDS

                       CONVERGED ENERGY AND FORCES 
   NIT     TotalEnergy     f_max     f_rms      edel      vdel      fdel
     1   -119.52989068  0.000000  0.000000  0.49D-11  0.21D-07  0.49D-11

    ATOM              COORDINATES                        FORCES
MD:    1
MD:    1 Cu  -0.000000   2.836695   2.005850   0.00000  0.00000  0.00000
MD:    2 Cu   2.456650   1.418348   6.017550   0.00000 -0.00000  0.00000
 
CHGPRO:     0.0000      0.0368461180     -0.3869986950     -0.0335826286
CHGPRO:     0.1486      0.0377813940     -0.3938314086     -0.0380564883
CHGPRO:     0.2972      0.0407353897     -0.4114032138     -0.0509032953
CHGPRO:     0.4457      0.0461892608     -0.4366387355     -0.0688900823
CHGPRO:     0.5943      0.0550201705     -0.4649840575     -0.0846195813
CHGPRO:     0.7429      0.0684786078     -0.4880738380     -0.0897058401
CHGPRO:     0.8915      0.0878174996     -0.5015701932     -0.0794266592
CHGPRO:     1.0401      0.1135115581     -0.5060453279     -0.0538730126
CHGPRO:     1.1887      0.1445481853     -0.5043263432     -0.0162461488
CHGPRO:     1.3372      0.1783104323     -0.4995905318      0.0281332181
CHGPRO:     1.4858      0.2111374033     -0.4941707051      0.0723030109
CHGPRO:     1.6344      0.2392200349     -0.4896025725      0.1100030480
CHGPRO:     1.7830      0.2594602222     -0.4865292489      0.1370297572
CHGPRO:     1.9316      0.2699682043     -0.4850513076      0.1510433881
CHGPRO:     2.0801      0.2699682043     -0.4850513076      0.1510433881
CHGPRO:     2.2287      0.2594602222     -0.4865292489      0.1370297572
CHGPRO:     2.3773      0.2392200349     -0.4896025725      0.1100030480
CHGPRO:     2.5259      0.2111374033     -0.4941707051      0.0723030109
CHGPRO:     2.6745      0.1783104323     -0.4995905318      0.0281332181
CHGPRO:     2.8230      0.1445481853     -0.5043263432     -0.0162461488
CHGPRO:     2.9716      0.1135115581     -0.5060453279     -0.0538730126
CHGPRO:     3.1202      0.0878174996     -0.5015701932     -0.0794266592
CHGPRO:     3.2688      0.0684786078     -0.4880738380     -0.0897058401
CHGPRO:     3.4174      0.0550201705     -0.4649840575     -0.0846195813
CHGPRO:     3.5660      0.0461892608     -0.4366387355     -0.0688900823
CHGPRO:     3.7145      0.0407353897     -0.4114032138     -0.0509032953
CHGPRO:     3.8631      0.0377813940     -0.3938314086     -0.0380564883
CHGPRO:     4.0117      0.0368461180     -0.3869986950     -0.0335826286
CHGPRO:     4.1603      0.0377813940     -0.3938314086     -0.0380564883
CHGPRO:     4.3089      0.0407353897     -0.4114032138     -0.0509032953
CHGPRO:     4.4574      0.0461892608     -0.4366387355     -0.0688900823
CHGPRO:     4.6060      0.0550201705     -0.4649840575     -0.0846195813
CHGPRO:     4.7546      0.0684786078     -0.4880738380     -0.0897058401
CHGPRO:     4.9032      0.0878174996     -0.5015701932     -0.0794266592
CHGPRO:     5.0518      0.1135115581     -0.5060453279     -0.0538730126
CHGPRO:     5.2004      0.1445481853     -0.5043263432     -0.0162461488
CHGPRO:     5.3489      0.1783104323     -0.4995905318      0.0281332181
CHGPRO:     5.4975      0.2111374033     -0.4941707051      0.0723030109
CHGPRO:     5.6461      0.2392200349     -0.4896025725      0.1100030480
CHGPRO:     5.7947      0.2594602222     -0.4865292489      0.1370297572
CHGPRO:     5.9433      0.2699682043     -0.4850513076      0.1510433881
CHGPRO:     6.0918      0.2699682043     -0.4850513076      0.1510433881
CHGPRO:     6.2404      0.2594602222     -0.4865292489      0.1370297572
CHGPRO:     6.3890      0.2392200349     -0.4896025725      0.1100030480
CHGPRO:     6.5376      0.2111374033     -0.4941707051      0.0723030109
CHGPRO:     6.6862      0.1783104323     -0.4995905318      0.0281332181
CHGPRO:     6.8347      0.1445481853     -0.5043263432     -0.0162461488
CHGPRO:     6.9833      0.1135115581     -0.5060453279     -0.0538730126
CHGPRO:     7.1319      0.0878174996     -0.5015701932     -0.0794266592
CHGPRO:     7.2805      0.0684786078     -0.4880738380     -0.0897058401
CHGPRO:     7.4291      0.0550201705     -0.4649840575     -0.0846195813
CHGPRO:     7.5777      0.0461892608     -0.4366387355     -0.0688900823
CHGPRO:     7.7262      0.0407353897     -0.4114032138     -0.0509032953
CHGPRO:     7.8748      0.0377813940     -0.3938314086     -0.0380564883

 *I* wavefunction data written in zaj.data

 *I* writing eko_l

 *I* writing fsr_l, fsi_l

 *I* potential data written in potential.data

           <<<  Atomic Charge >>>
  ia is   rd d_rd  Charge(1)  Charge(2)  Charge(3)
   1  1 2.30 0.10   9.809354  10.030917  10.258791
   2  1 2.30 0.10   9.809354  10.030917  10.258791

 ***********************************************************************
 *                                                                     *
 *                               TIMING                                *
 *                                                                     *
 ***********************************************************************
      SUBROUTINE        CALLS        TOTAL CPU TIME           <CPU TIME>
             SCF            1               11.7661              11.7661
          WF_Dav           15               11.1209               0.7414
     diagonalize         4275                7.2665               0.0017
        dav_hphi         4275                1.7882               0.0004
           kbint            1                1.2814               1.2814
         Writing            1                1.2803               1.2803
         fftw3c3         9880                1.2648               0.0001
         swffftx         4275                0.6570               0.0002
        swffftx2         4275                0.5584               0.0001
         dav_mgs         2850                0.4904               0.0002
      dav_nonloc         4275                0.4461               0.0001
       dav_mgs_2         2850                0.3797               0.0001
         dav_hij         4275                0.2487               0.0001
    dav_nonloc_2        55485                0.2479               0.0000
 dav_band2g_hphi         4275                0.2199               0.0001
          Chgfft           14                0.2161               0.0154
  dav_residual_1         2850                0.1866               0.0001
          swffft         1330                0.1833               0.0001
      dav_sumset         2850                0.1567               0.0001
             Dos            2                0.1343               0.0671
    dav_residual         2850                0.1308               0.0000
    dav_nonloc_3        55485                0.1245               0.0000
      xc_gga_chg           28                0.0945               0.0034
    dav_sumset_2         2850                0.0855               0.0000
    dav_copy_fsr         1425                0.0834               0.0001
  dav_band2g_phi         1520                0.0825               0.0001
      dav_precon         2850                0.0748               0.0000
     fdchgq0_fft           14                0.0723               0.0052
           fd_vq           14                0.0710               0.0051
    dav_sumset_1         2850                0.0674               0.0000
           Force            1                0.0643               0.0643
       dav_mgs_3         2850                0.0625               0.0000
           pspot            1                0.0583               0.0583
   fdchgq0_fft_1           14                0.0538               0.0038
        fdforce0            1                0.0467               0.0467
       dav_mgs_1         2850                0.0419               0.0000
 dav_refresh_phi         1425                0.0356               0.0000
    dav_nonloc_1         4275                0.0348               0.0000
      dav_grmsmd            1                0.0252               0.0252
           Fermi           14                0.0161               0.0012
         FFT_SET            1                0.0148               0.0148
       dav_mgs_t           95                0.0138               0.0001
        swffftx1         4275                0.0122               0.0000
    xc_1_gr_ch12           84                0.0120               0.0001
 ***********************************************************************

 =======================================================================
 TASK                   CALLS        TOTAL CPU TIME           <CPU TIME>
 FFT SingleProc          9880                1.2703               0.0001
 FFT MPI                  344                0.0556               0.0002
 FFTW MPI1                 29                0.0032               0.0001
  
 ALLREDUCE               8519                0.1565               0.0000
 ALLREDUCE_G               48                0.0037               0.0001
 ALLREDUCE_K            21538                0.2421               0.0000
 ALLGATHERV                45                0.0047               0.0001
 ALLGATHERV_KG           4370                0.0726               0.0000
 ALLGATHERV_K            2850                0.0503               0.0000
 GATHERV                    2                0.0001               0.0001
 ALLTOALLV                193                0.0171               0.0001
 ALLTOALLV_KG           11875                0.4139               0.0000
 TOTAL TIME FOR COMMUNICATION                0.9610
 =======================================================================

 TOTAL CPU TIME:  00 HOURS 00 MINUTES 14.58 SECONDS

 PROGRAM STATE ENDED AT: Jul  1 11:18:28 2025
  
 HHHHHHHHHHHHHHHHHHHHHHHHHHHHHHHHHHHHHHHHHHHHHHHHHHHHHHHHHHHHHHHHH
 HHHHHHHHHHHHHHHHHHHHHHHHHHHHHHHHHHHHHHHHHHHHHHHHHHHHHHHHHHHHHHHHH
                           _______________________
     __________   _______/______v______v______v___]
    D          | |                                 |
    D   A A    | | Congratulations!                |  C( > < )D
  --  =(^.^)=  | |  The calculation has converged. |    = o =
 |     @@@@@   | |                                 |    (    )~
 /--=O=-+-=O=---+--=O=--+--==O==--+--==O==--+--=O=-+--=O=---=O=-/
  
 HHHHHHHHHHHHHHHHHHHHHHHHHHHHHHHHHHHHHHHHHHHHHHHHHHHHHHHHHHHHHHHHH
 HHHHHHHHHHHHHHHHHHHHHHHHHHHHHHHHHHHHHHHHHHHHHHHHHHHHHHHHHHHHHHHHH
