
b0  = 0.00301467138344044 (hartree/bohr^3) = 88.6947462563568 (GPa)
b0' = 5.38510004884237
v0  = 276.740073101633 (bohr^3)  =41.0085987716914 (angstrom^3)
e0  = -7.87364217532263 (hartree) =-15.7472843506453 (Ry)

Warning: slow font initializationqt.qpa.fonts: Populating font family aliases took 1037 ms. Replace uses of missing font family "Sans" with one that exists to avoid this cost. 

