[0] MPI startup(): I_MPI_TCP_NETMASK variable has been removed from the product, its value is ignored

 
 ***********************************************************************
 *                                                                     *
 *                                                                     *
 *                                                                     *
 *              ******  ********    **    ******** ********            *
 *             ******** ********   ****   ******** ********            *
 *             **          **     **  **     **    **                  *
 *              ***        **    ********    **    ******              *
 *                ***      **   **********   **    ******              *
 *                  **     **  **        **  **    **                  *
 *             ********    ** **          ** **    ********            *
 *              ******     ** VERSION 5.6.17 **    ********            *
 *                               RICS-AIST                             *
 *                           OSAKA UNIVERSITY                          *
 *                                                                     *
 ***********************************************************************
 
 PROGRAM STATE STARTED AT: Jul  1 11:28:09 2025

 THIS JOB RUNS ON         : xs01                            
 THE CURRENT DIRECTORY IS : /home/ikutaro/work/STATE/examples/Cu/fcc/k-p
 THE PROCESS ID IS        : 84340
 THE JOB WAS SUBMITTED BY : ikutaro             
 THE NUMBER OF PROCESSORS : 16
 THE NUMBER OF THREADS    : 1
 
 ELECTRONIC WAVEFUNCTIONS INITIALIZED 
 ELECTRONIC CHARGE INITIALIZED 
 IONIC POSITIONS READ FROM STANDARD INPUT 
 IONIC VELOCITIES INITIALIZED 
 MAXIMUM SCF ITERATIONS : 200
 MAXIMUM MD STEPS : 200
 MAXIMUM ELAPSED CPU TIME :  86400.00 SEC
 TIME INCREMENT IN MOLECULAR DYNAMICS :     50.00 A.U.
 ENERGY CRITERION FOR SCF ITERATIONS :  0.100000E-09 HA/ATOM

 EXCHANGE-CORRELATION FUNCTIONAL : ggapbe
 SPIN POLARIZATION NOT ALLOWED 
 NUMBER OF BANDS CONSIDERED : 16
 METHFESSEL-PAXTON SMEARING 
 SMEARING WIDTH : 0.002000
 DAVIDSON METHOD WITH G-SPACE TECHNIQUE 
 BLUGEL MIXING PARAMETERS 
   MIXING OBJECT : CHARGE 
   MIXING INFORMATION RESET AFTER 30 STEPS
   MIXING PARAMETER : 0.300

 ********************************** TYPE *******************************
 TYPE  NAME  INITIAL CHARGE   MASS(AMU)     PP TYPE  ILOC   INITIAL SPIN
    1    Cu          0.1500     63.5460   UltraSoft     3         0.0000
 ***********************************************************************

 ********************************* ATOMS *******************************
   ATOM    X(BOHR)    Y(BOHR)    Z(BOHR)     TAUX    TAUY    TAUZ IW  IR
   1  1    0.00000    0.00000    0.00000   0.0000  0.0000  0.0000  1   0
 ***********************************************************************

 ******************************** K-POINTS *****************************
 BRAVIAS LATTICE         :        FACE CENTER         
 SPACE GROUP             :        F m -3 m  
 INVERSION SYMMETRY      :        NO 
 CONV. LAT. VECTOR(BOHR) :        6.878600       0.000000       0.000000
 CONV. LAT. VECTOR(BOHR) :        0.000000       6.878600       0.000000
 CONV. LAT. VECTOR(BOHR) :        0.000000       0.000000       6.878600
 PRIM. LAT. VECTOR(BOHR) :        0.000000       3.439300       3.439300
 PRIM. LAT. VECTOR(BOHR) :        3.439300       0.000000       3.439300
 PRIM. LAT. VECTOR(BOHR) :        3.439300       3.439300       0.000000
 PRIM. CELL VOLUME       :    0.813655E+02
 PRIM. REC. VECTOR(1/BOHR) :     -0.913440       0.913440       0.913440
 PRIM. REC. VECTOR(1/BOHR) :      0.913440      -0.913440       0.913440
 PRIM. REC. VECTOR(1/BOHR) :      0.913440       0.913440      -0.913440
 REC. PRIM. CELL VOLUME    :  0.304859E+01
 ENERGY CUTOFF FOR SOFT MODE(RY) :  36.000
 ENERGY CUTOFF FOR HARD MODE(RY) : 400.000
 NUMBER OF K-POINT MESH  :              10             10             10
 K-POINT SHIFT           :             OFF            OFF            OFF
 NUMBER OF K-POINTS      :              47
        NKP            WKP              KX             KY             KZ
          1       0.001000        0.000000       0.000000       0.000000
          2       0.008000       -0.091344       0.091344       0.091344
          3       0.008000       -0.182688       0.182688       0.182688
          4       0.008000       -0.274032       0.274032       0.274032
          5       0.008000       -0.365376       0.365376       0.365376
          6       0.004000       -0.456720       0.456720       0.456720
          7       0.006000        0.000000       0.000000       0.182688
          8       0.024000       -0.091344       0.091344       0.274032
          9       0.024000       -0.182688       0.182688       0.365376
         10       0.024000       -0.274032       0.274032       0.456720
         11       0.024000       -0.365376       0.365376       0.548064
         12       0.024000       -0.456720       0.456720       0.639408
         13       0.024000       -0.548064       0.548064       0.730752
         14       0.024000       -0.639408       0.639408       0.822096
         15       0.012000       -0.730752       0.730752       0.913440
         16       0.006000        0.000000       0.000000       0.365376
         17       0.024000       -0.091344       0.091344       0.456720
         18       0.024000       -0.182688       0.182688       0.548064
         19       0.024000       -0.274032       0.274032       0.639408
         20       0.024000       -0.365376       0.365376       0.730752
         21       0.024000       -0.456720       0.456720       0.822096
         22       0.012000       -0.548064       0.548064       0.913440
         23       0.006000        0.000000       0.000000       0.548064
         24       0.024000       -0.091344       0.091344       0.639408
         25       0.024000       -0.182688       0.182688       0.730752
         26       0.024000       -0.274032       0.274032       0.822096
         27       0.012000       -0.365376       0.365376       0.913440
         28       0.006000        0.000000       0.000000       0.730752
         29       0.024000       -0.091344       0.091344       0.822096
         30       0.012000       -0.182688       0.182688       0.913440
         31       0.003000        0.000000       0.000000       0.913440
         32       0.024000        0.000000       0.182688       0.365376
         33       0.048000       -0.091344       0.274032       0.456720
         34       0.048000       -0.182688       0.365376       0.548064
         35       0.024000       -0.274032       0.456720       0.639408
         36       0.024000        0.000000       0.182688       0.548064
         37       0.048000       -0.091344       0.274032       0.639408
         38       0.048000       -0.182688       0.365376       0.730752
         39       0.048000       -0.274032       0.456720       0.822096
         40       0.024000       -0.365376       0.548064       0.913440
         41       0.024000        0.000000       0.182688       0.730752
         42       0.048000       -0.091344       0.274032       0.822096
         43       0.024000       -0.182688       0.365376       0.913440
         44       0.012000        0.000000       0.182688       0.913440
         45       0.024000        0.000000       0.365376       0.730752
         46       0.024000       -0.091344       0.456720       0.822096
         47       0.012000        0.000000       0.365376       0.913440
 ***********************************************************************
 *I* TOTAL NUMBER OF DEGREES OF FREEDOM :     0
     
 NEIBRD =       1331
 KID  KNX  KNY  KNZ  KNL  KNM  KNN  =   21   10   10   10   20   20   20
 KIDP KNXP KNYP KNZP KNLP KNMP KNNP =   33   16   16   16   32   32   32
 NUMBER OF GENERATED VECTORS KNG,KNGP =      2421     10969
 KFFT KFFTP =      16800     67584
 IOPT IOPTP =          1         1

 ************************* SYMMETRY OPERATION **************************
                   Rc              tc               Rp             tp
         1.0000  0.0000  0.0000  0.0000   1.0000  0.0000  0.0000  0.0000
 nr.  1  0.0000  1.0000  0.0000  0.0000   0.0000  1.0000  0.0000  0.0000
         0.0000  0.0000  1.0000  0.0000   0.0000  0.0000  1.0000  0.0000

        -1.0000  0.0000  0.0000  0.0000  -1.0000  0.0000  0.0000  0.0000
 nr.  2  0.0000 -1.0000  0.0000  0.0000   0.0000 -1.0000  0.0000  0.0000
         0.0000  0.0000 -1.0000  0.0000   0.0000  0.0000 -1.0000  0.0000

         1.0000  0.0000  0.0000  0.0000   0.0000 -1.0000  1.0000  0.0000
 nr.  3  0.0000  0.0000 -1.0000  0.0000   0.0000  0.0000  1.0000  0.0000
         0.0000  1.0000  0.0000  0.0000  -1.0000  0.0000  1.0000  0.0000

         0.0000  0.0000  1.0000  0.0000   0.0000  0.0000  1.0000  0.0000
 nr.  4  1.0000  0.0000  0.0000  0.0000   1.0000  0.0000  0.0000  0.0000
         0.0000  1.0000  0.0000  0.0000   0.0000  1.0000  0.0000  0.0000

        -1.0000  0.0000  0.0000  0.0000   0.0000  1.0000 -1.0000  0.0000
 nr.  5  0.0000  0.0000  1.0000  0.0000   0.0000  0.0000 -1.0000  0.0000
         0.0000 -1.0000  0.0000  0.0000   1.0000  0.0000 -1.0000  0.0000

         0.0000  0.0000 -1.0000  0.0000   0.0000  0.0000 -1.0000  0.0000
 nr.  6 -1.0000  0.0000  0.0000  0.0000  -1.0000  0.0000  0.0000  0.0000
         0.0000 -1.0000  0.0000  0.0000   0.0000 -1.0000  0.0000  0.0000

         1.0000  0.0000  0.0000  0.0000  -1.0000  0.0000  0.0000  0.0000
 nr.  7  0.0000 -1.0000  0.0000  0.0000  -1.0000  0.0000  1.0000  0.0000
         0.0000  0.0000 -1.0000  0.0000  -1.0000  1.0000  0.0000  0.0000

         0.0000  0.0000  1.0000  0.0000  -1.0000  1.0000  0.0000  0.0000
 nr.  8  0.0000 -1.0000  0.0000  0.0000   0.0000  1.0000  0.0000  0.0000
         1.0000  0.0000  0.0000  0.0000   0.0000  1.0000 -1.0000  0.0000

         0.0000  1.0000  0.0000  0.0000  -1.0000  0.0000  1.0000  0.0000
 nr.  9  1.0000  0.0000  0.0000  0.0000   0.0000 -1.0000  1.0000  0.0000
         0.0000  0.0000 -1.0000  0.0000   0.0000  0.0000  1.0000  0.0000

         0.0000  1.0000  0.0000  0.0000   0.0000  1.0000  0.0000  0.0000
 nr. 10  0.0000  0.0000  1.0000  0.0000   0.0000  0.0000  1.0000  0.0000
         1.0000  0.0000  0.0000  0.0000   1.0000  0.0000  0.0000  0.0000

        -1.0000  0.0000  0.0000  0.0000   1.0000  0.0000  0.0000  0.0000
 nr. 11  0.0000  1.0000  0.0000  0.0000   1.0000  0.0000 -1.0000  0.0000
         0.0000  0.0000  1.0000  0.0000   1.0000 -1.0000  0.0000  0.0000

         0.0000  0.0000 -1.0000  0.0000   1.0000 -1.0000  0.0000  0.0000
 nr. 12  0.0000  1.0000  0.0000  0.0000   0.0000 -1.0000  0.0000  0.0000
        -1.0000  0.0000  0.0000  0.0000   0.0000 -1.0000  1.0000  0.0000

         0.0000 -1.0000  0.0000  0.0000   1.0000  0.0000 -1.0000  0.0000
 nr. 13 -1.0000  0.0000  0.0000  0.0000   0.0000  1.0000 -1.0000  0.0000
         0.0000  0.0000  1.0000  0.0000   0.0000  0.0000 -1.0000  0.0000

         0.0000 -1.0000  0.0000  0.0000   0.0000 -1.0000  0.0000  0.0000
 nr. 14  0.0000  0.0000 -1.0000  0.0000   0.0000  0.0000 -1.0000  0.0000
        -1.0000  0.0000  0.0000  0.0000  -1.0000  0.0000  0.0000  0.0000

         1.0000  0.0000  0.0000  0.0000   0.0000  1.0000 -1.0000  0.0000
 nr. 15  0.0000  0.0000  1.0000  0.0000  -1.0000  1.0000  0.0000  0.0000
         0.0000 -1.0000  0.0000  0.0000   0.0000  1.0000  0.0000  0.0000

         0.0000  0.0000  1.0000  0.0000   0.0000  0.0000 -1.0000  0.0000
 nr. 16 -1.0000  0.0000  0.0000  0.0000   0.0000  1.0000 -1.0000  0.0000
         0.0000 -1.0000  0.0000  0.0000   1.0000  0.0000 -1.0000  0.0000

         0.0000  1.0000  0.0000  0.0000   1.0000  0.0000 -1.0000  0.0000
 nr. 17 -1.0000  0.0000  0.0000  0.0000   1.0000  0.0000  0.0000  0.0000
         0.0000  0.0000  1.0000  0.0000   1.0000 -1.0000  0.0000  0.0000

         0.0000  0.0000 -1.0000  0.0000  -1.0000  1.0000  0.0000  0.0000
 nr. 18  1.0000  0.0000  0.0000  0.0000  -1.0000  0.0000  0.0000  0.0000
         0.0000 -1.0000  0.0000  0.0000  -1.0000  0.0000  1.0000  0.0000

         0.0000  0.0000 -1.0000  0.0000   0.0000  0.0000  1.0000  0.0000
 nr. 19  0.0000  1.0000  0.0000  0.0000  -1.0000  0.0000  1.0000  0.0000
         1.0000  0.0000  0.0000  0.0000   0.0000 -1.0000  1.0000  0.0000

        -1.0000  0.0000  0.0000  0.0000   0.0000 -1.0000  1.0000  0.0000
 nr. 20  0.0000  0.0000 -1.0000  0.0000   1.0000 -1.0000  0.0000  0.0000
         0.0000  1.0000  0.0000  0.0000   0.0000 -1.0000  0.0000  0.0000

         0.0000  0.0000 -1.0000  0.0000   0.0000  0.0000  1.0000  0.0000
 nr. 21  1.0000  0.0000  0.0000  0.0000   0.0000 -1.0000  1.0000  0.0000
         0.0000  1.0000  0.0000  0.0000  -1.0000  0.0000  1.0000  0.0000

         0.0000 -1.0000  0.0000  0.0000  -1.0000  0.0000  1.0000  0.0000
 nr. 22  1.0000  0.0000  0.0000  0.0000  -1.0000  0.0000  0.0000  0.0000
         0.0000  0.0000 -1.0000  0.0000  -1.0000  1.0000  0.0000  0.0000

         0.0000  0.0000  1.0000  0.0000   1.0000 -1.0000  0.0000  0.0000
 nr. 23 -1.0000  0.0000  0.0000  0.0000   1.0000  0.0000  0.0000  0.0000
         0.0000  1.0000  0.0000  0.0000   1.0000  0.0000 -1.0000  0.0000

         0.0000  0.0000  1.0000  0.0000   0.0000  0.0000 -1.0000  0.0000
 nr. 24  0.0000 -1.0000  0.0000  0.0000   1.0000  0.0000 -1.0000  0.0000
        -1.0000  0.0000  0.0000  0.0000   0.0000  1.0000 -1.0000  0.0000

         0.0000  0.0000  1.0000  0.0000   1.0000 -1.0000  0.0000  0.0000
 nr. 25  0.0000  1.0000  0.0000  0.0000   1.0000  0.0000 -1.0000  0.0000
        -1.0000  0.0000  0.0000  0.0000   1.0000  0.0000  0.0000  0.0000

         0.0000  1.0000  0.0000  0.0000   0.0000 -1.0000  0.0000  0.0000
 nr. 26  0.0000  0.0000 -1.0000  0.0000   1.0000 -1.0000  0.0000  0.0000
        -1.0000  0.0000  0.0000  0.0000   0.0000 -1.0000  1.0000  0.0000

         0.0000  0.0000 -1.0000  0.0000   1.0000 -1.0000  0.0000  0.0000
 nr. 27 -1.0000  0.0000  0.0000  0.0000   0.0000 -1.0000  1.0000  0.0000
         0.0000  1.0000  0.0000  0.0000   0.0000 -1.0000  0.0000  0.0000

         0.0000 -1.0000  0.0000  0.0000   0.0000  1.0000  0.0000  0.0000
 nr. 28  1.0000  0.0000  0.0000  0.0000   0.0000  1.0000 -1.0000  0.0000
         0.0000  0.0000  1.0000  0.0000  -1.0000  1.0000  0.0000  0.0000

         0.0000 -1.0000  0.0000  0.0000   1.0000  0.0000 -1.0000  0.0000
 nr. 29  0.0000  0.0000  1.0000  0.0000   0.0000  0.0000 -1.0000  0.0000
        -1.0000  0.0000  0.0000  0.0000   0.0000  1.0000 -1.0000  0.0000

         0.0000 -1.0000  0.0000  0.0000  -1.0000  0.0000  1.0000  0.0000
 nr. 30  0.0000  0.0000 -1.0000  0.0000  -1.0000  1.0000  0.0000  0.0000
         1.0000  0.0000  0.0000  0.0000  -1.0000  0.0000  0.0000  0.0000

         0.0000  0.0000 -1.0000  0.0000  -1.0000  1.0000  0.0000  0.0000
 nr. 31  0.0000 -1.0000  0.0000  0.0000  -1.0000  0.0000  1.0000  0.0000
         1.0000  0.0000  0.0000  0.0000  -1.0000  0.0000  0.0000  0.0000

         0.0000 -1.0000  0.0000  0.0000   0.0000  1.0000  0.0000  0.0000
 nr. 32  0.0000  0.0000  1.0000  0.0000  -1.0000  1.0000  0.0000  0.0000
         1.0000  0.0000  0.0000  0.0000   0.0000  1.0000 -1.0000  0.0000

         0.0000  0.0000  1.0000  0.0000  -1.0000  1.0000  0.0000  0.0000
 nr. 33  1.0000  0.0000  0.0000  0.0000   0.0000  1.0000 -1.0000  0.0000
         0.0000 -1.0000  0.0000  0.0000   0.0000  1.0000  0.0000  0.0000

         0.0000  1.0000  0.0000  0.0000   0.0000 -1.0000  0.0000  0.0000
 nr. 34 -1.0000  0.0000  0.0000  0.0000   0.0000 -1.0000  1.0000  0.0000
         0.0000  0.0000 -1.0000  0.0000   1.0000 -1.0000  0.0000  0.0000

         0.0000  1.0000  0.0000  0.0000  -1.0000  0.0000  1.0000  0.0000
 nr. 35  0.0000  0.0000 -1.0000  0.0000   0.0000  0.0000  1.0000  0.0000
         1.0000  0.0000  0.0000  0.0000   0.0000 -1.0000  1.0000  0.0000

         0.0000  1.0000  0.0000  0.0000   1.0000  0.0000 -1.0000  0.0000
 nr. 36  0.0000  0.0000  1.0000  0.0000   1.0000 -1.0000  0.0000  0.0000
        -1.0000  0.0000  0.0000  0.0000   1.0000  0.0000  0.0000  0.0000

         0.0000  0.0000 -1.0000  0.0000   0.0000  0.0000 -1.0000  0.0000
 nr. 37  0.0000 -1.0000  0.0000  0.0000   0.0000 -1.0000  0.0000  0.0000
        -1.0000  0.0000  0.0000  0.0000  -1.0000  0.0000  0.0000  0.0000

         0.0000 -1.0000  0.0000  0.0000   0.0000 -1.0000  0.0000  0.0000
 nr. 38 -1.0000  0.0000  0.0000  0.0000  -1.0000  0.0000  0.0000  0.0000
         0.0000  0.0000 -1.0000  0.0000   0.0000  0.0000 -1.0000  0.0000

        -1.0000  0.0000  0.0000  0.0000   1.0000  0.0000  0.0000  0.0000
 nr. 39  0.0000  0.0000  1.0000  0.0000   1.0000 -1.0000  0.0000  0.0000
         0.0000  1.0000  0.0000  0.0000   1.0000  0.0000 -1.0000  0.0000

        -1.0000  0.0000  0.0000  0.0000   0.0000 -1.0000  1.0000  0.0000
 nr. 40  0.0000  1.0000  0.0000  0.0000   0.0000 -1.0000  0.0000  0.0000
         0.0000  0.0000 -1.0000  0.0000   1.0000 -1.0000  0.0000  0.0000

        -1.0000  0.0000  0.0000  0.0000   0.0000  1.0000 -1.0000  0.0000
 nr. 41  0.0000 -1.0000  0.0000  0.0000   1.0000  0.0000 -1.0000  0.0000
         0.0000  0.0000  1.0000  0.0000   0.0000  0.0000 -1.0000  0.0000

         0.0000  0.0000  1.0000  0.0000   0.0000  0.0000  1.0000  0.0000
 nr. 42  0.0000  1.0000  0.0000  0.0000   0.0000  1.0000  0.0000  0.0000
         1.0000  0.0000  0.0000  0.0000   1.0000  0.0000  0.0000  0.0000

         0.0000  1.0000  0.0000  0.0000   0.0000  1.0000  0.0000  0.0000
 nr. 43  1.0000  0.0000  0.0000  0.0000   1.0000  0.0000  0.0000  0.0000
         0.0000  0.0000  1.0000  0.0000   0.0000  0.0000  1.0000  0.0000

         1.0000  0.0000  0.0000  0.0000  -1.0000  0.0000  0.0000  0.0000
 nr. 44  0.0000  0.0000 -1.0000  0.0000  -1.0000  1.0000  0.0000  0.0000
         0.0000 -1.0000  0.0000  0.0000  -1.0000  0.0000  1.0000  0.0000

         1.0000  0.0000  0.0000  0.0000   0.0000  1.0000 -1.0000  0.0000
 nr. 45  0.0000 -1.0000  0.0000  0.0000   0.0000  1.0000  0.0000  0.0000
         0.0000  0.0000  1.0000  0.0000  -1.0000  1.0000  0.0000  0.0000

         1.0000  0.0000  0.0000  0.0000   0.0000 -1.0000  1.0000  0.0000
 nr. 46  0.0000  1.0000  0.0000  0.0000  -1.0000  0.0000  1.0000  0.0000
         0.0000  0.0000 -1.0000  0.0000   0.0000  0.0000  1.0000  0.0000

        -1.0000  0.0000  0.0000  0.0000  -1.0000  0.0000  0.0000  0.0000
 nr. 47  0.0000  0.0000 -1.0000  0.0000   0.0000  0.0000 -1.0000  0.0000
         0.0000 -1.0000  0.0000  0.0000   0.0000 -1.0000  0.0000  0.0000

         1.0000  0.0000  0.0000  0.0000   1.0000  0.0000  0.0000  0.0000
 nr. 48  0.0000  0.0000  1.0000  0.0000   0.0000  0.0000  1.0000  0.0000
         0.0000  1.0000  0.0000  0.0000   0.0000  1.0000  0.0000  0.0000
 ***********************************************************************
  
           ===================================================
           ===       MPI PARALLELIZATION INFORMATION       ===
           ===================================================
           === TOTAL NUMBER OF K-POINTS          :      47 ===
           === K-POINT DIVISOR                   :       1 ===
           === TOTAL NUMBER OF BANDS             :      16 ===
           === BAND DIVISOR                      :      16 ===
           === TOTAL NUMBER OF G-VECTORS         :     307 ===
           === G-VECTOR DIVISOR                  :       1 ===
           ===================================================

 ***********************************************************************
                               ALLOCATION 
 ***********************************************************************
  NCPU  KNGP_FFT      KNGP       KNG     KNG1      KEG     KATM    KATM2
     0      1061       685       151       20        1        0        0
     1      1041       685       151       20        1        0        0
     2       965       685       151       20        1        0        0
     3       877       685       151       19        1        0        0
     4       745       685       151       19        1        0        0
     5       569       685       151       19        1        0        0
     6       369       685       151       19        1        0        0
     7       125       686       151       19        1        0        0
     8        30       686       151       19        1        0        0
     9       251       686       151       19        1        0        0
    10       471       686       151       19        1        0        0
    11       665       686       152       19        1        0        0
    12       817       686       152       19        1        0        0
    13       929       686       152       19        1        0        0
    14      1001       686       152       19        1        0        0
    15      1053       686       152       19        1        1        1
 -----------------------------------------------------------------------
  NCPU    KFFTPM     KFFTP    KFFTP2     KFFT    KMESH     KNMP     KNNP
     0      4224      4224      2112     1050       93        2        2
     1      4224      4224      2112     1050       93        2        2
     2      4224      4224      2112     1050       93        2        2
     3      4224      4224      2112     1050       94        2        2
     4      4224      4224      2112     1050       94        2        2
     5      4224      4224      2112     1050       94        2        2
     6      4224      4224      2112     1050       94        2        2
     7      4224      4224      2112     1050       94        2        2
     8      4224      4224      2112     1050       94        2        2
     9      4224      4224      2112     1050       94        2        2
    10      4224      4224      2112     1050       94        2        2
    11      4224      4224      2112     1050       94        2        2
    12      4224      4224      2112     1050       94        2        2
    13      4224      4224      2112     1050       94        2        2
    14      4224      4224      2112     1050       94        2        2
    15      4224      4224      2112     1050       94        2        2
 ***********************************************************************
                            END OF ALLOCATION 
 ***********************************************************************

 ********   <<  Reading Potential >>  ******** 
 F_POT(01) = pot.Cu_pbe1
 29.0000 11.0000  6      1          : NATOMN IVAL ILOC ITPCC
 ggapbe                             : XCTYPE
  7.5900  3.0200  2.6959 -1.6959    : ALP CC
 1501    96.0000 60.0000            : NMESH XH RMAX
 VALL is read from unit 37
    1   2   1                       : IL ITAU(IL1) IVAN(IL1)
    2   2   1                       : IL ITAU(IL1) IVAN(IL1)
    3   2   1                       : IL ITAU(IL1) IVAN(IL1)
    1   1   1   1   1   1  1135   8 : MM L1 T1 L2 T2 L3 NRC MORD
    2   1   1   1   2   1  1135   8 : MM L1 T1 L2 T2 L3 NRC MORD
    3   1   1   2   1   2  1135   8 : MM L1 T1 L2 T2 L3 NRC MORD
    4   1   1   2   2   2  1135   8 : MM L1 T1 L2 T2 L3 NRC MORD
    5   1   1   3   1   3  1135   8 : MM L1 T1 L2 T2 L3 NRC MORD
    6   1   1   3   2   3  1135   8 : MM L1 T1 L2 T2 L3 NRC MORD
    7   1   2   1   2   1  1135   8 : MM L1 T1 L2 T2 L3 NRC MORD
    8   1   2   2   1   2  1135   8 : MM L1 T1 L2 T2 L3 NRC MORD
    9   1   2   2   2   2  1135   8 : MM L1 T1 L2 T2 L3 NRC MORD
   10   1   2   3   1   3  1135   8 : MM L1 T1 L2 T2 L3 NRC MORD
   11   1   2   3   2   3  1135   8 : MM L1 T1 L2 T2 L3 NRC MORD
   12   2   1   2   1   1  1135   8 : MM L1 T1 L2 T2 L3 NRC MORD
   13   2   1   2   1   3  1135   8 : MM L1 T1 L2 T2 L3 NRC MORD
   14   2   1   2   2   1  1135   8 : MM L1 T1 L2 T2 L3 NRC MORD
   15   2   1   2   2   3  1135   8 : MM L1 T1 L2 T2 L3 NRC MORD
   16   2   1   3   1   2  1135   8 : MM L1 T1 L2 T2 L3 NRC MORD
   17   2   1   3   1   4  1135   8 : MM L1 T1 L2 T2 L3 NRC MORD
   18   2   1   3   2   2  1135   8 : MM L1 T1 L2 T2 L3 NRC MORD
   19   2   1   3   2   4  1135   8 : MM L1 T1 L2 T2 L3 NRC MORD
   20   2   2   2   2   1  1135   8 : MM L1 T1 L2 T2 L3 NRC MORD
   21   2   2   2   2   3  1135   8 : MM L1 T1 L2 T2 L3 NRC MORD
   22   2   2   3   1   2  1135   8 : MM L1 T1 L2 T2 L3 NRC MORD
   23   2   2   3   1   4  1135   8 : MM L1 T1 L2 T2 L3 NRC MORD
   24   2   2   3   2   2  1135   8 : MM L1 T1 L2 T2 L3 NRC MORD
   25   2   2   3   2   4  1135   8 : MM L1 T1 L2 T2 L3 NRC MORD
   26   3   1   3   1   1  1135   8 : MM L1 T1 L2 T2 L3 NRC MORD
   27   3   1   3   1   3  1127   8 : MM L1 T1 L2 T2 L3 NRC MORD
   28   3   1   3   1   5  1135   8 : MM L1 T1 L2 T2 L3 NRC MORD
   29   3   1   3   2   1  1135   8 : MM L1 T1 L2 T2 L3 NRC MORD
   30   3   1   3   2   3  1135   8 : MM L1 T1 L2 T2 L3 NRC MORD
   31   3   1   3   2   5  1135   8 : MM L1 T1 L2 T2 L3 NRC MORD
   32   3   2   3   2   1  1135   8 : MM L1 T1 L2 T2 L3 NRC MORD
   33   3   2   3   2   3  1135   8 : MM L1 T1 L2 T2 L3 NRC MORD
   34   3   2   3   2   5  1135   8 : MM L1 T1 L2 T2 L3 NRC MORD
 CHGPC  =   8.48851088
 TOTAL ENERGY CORRECTION FROM PS     =     0.4923571502D+00
 TOTAL PARTIAL CHARGE         SCHGPC =         8.4885108817
 TOTAL LOCALIZED CHARGE (QLCTOT)     =         0.0000000000
 KQITG =    34
 NUMBER OF BANDS SHOULD BE GREATER THAN 6
 KLMT  =    18
 KLMTT =    18
 KLMTA =    18
 TOTCH =      11.000000000000
 NX NY NZ  =   4   4   4
 NNEIB     =     729
 ALF       =    2.647574
 NEWLDG    =     137

 ***********************************************************************
 *                                                                     *
 *                              START SCF                              *
 *                                                                     *
 ***********************************************************************

  NSCF NADR            ETOTAL          EDEL          CDEL CONV      TCPU
     1    0      -59.04348554   0.59043E+02   0.15005E-01    0      0.69
     2    0      -59.51718378   0.47370E+00   0.53123E-01    0      0.35
     3    1      -59.76234629   0.24516E+00   0.88150E-02    0      0.35
     4    2      -59.76503030   0.26840E-02   0.33861E-02    1      0.34
     5    3      -59.76493561   0.94694E-04   0.10827E-02    1      0.35
     6    4      -59.76500799   0.72385E-04   0.58285E-03    2      0.35
     7    5      -59.76503700   0.29011E-04   0.52188E-04    3      0.34
     8    6      -59.76503720   0.20133E-06   0.18232E-04    3      0.35
     9    7      -59.76503723   0.27729E-07   0.18283E-05    3      0.34
    10    8      -59.76503723   0.23978E-09   0.59904E-06    3      0.34
    11    9      -59.76503723   0.26496E-10   0.11283E-06    4      0.35
    12   10      -59.76503723   0.31214E-10   0.56287E-07    5      0.34
    13   11      -59.76503723   0.11255E-10   0.17386E-07    6      0.34
 
                                   TOTAL CHARGE DENSITY =     10.9999997

                     TOTAL ENERGY AND ITS COMPONENTS 
                  TOTAL ENERGY     =         -59.76503723 A.U.
                KINETIC ENERGY     =           6.33484041 A.U.
                HARTREE ENERGY     =          16.07880543 A.U.
                     XC ENERGY     =         -19.86575805 A.U.
                  LOCAL ENERGY     =         -17.32741401 A.U.
               NONLOCAL ENERGY     =          -4.65983721 A.U.
                  EWALD ENERGY     =         -40.32567026 A.U.
                     PC ENERGY     =           0.00000000 A.U.
               ENTROPIC ENERGY     =          -0.00000355 A.U.

                                         FERMI ENERGY =      -0.04914795
 NKP=    1  NGP=       307  K=(  0.00000  0.00000  0.00000)  WKP= 0.0010
                              EIGEN VALUE 
 -0.38327 -0.15453 -0.15453 -0.15453 -0.12542 -0.12542  0.81226  0.88456
  0.88456  0.88456  0.96424  0.96424  0.96424  1.10339  1.29726  1.29726
                               OCCUPATION 
  1.00000  1.00000  1.00000  1.00000  1.00000  1.00000  0.00000  0.00000
  0.00000  0.00000  0.00000  0.00000  0.00000  0.00000  0.00000  0.00000
 NKP=    2  NGP=       304  K=( -0.09134  0.09134  0.09134)  WKP= 0.0080
                              EIGEN VALUE 
 -0.37013 -0.15711 -0.15222 -0.15222 -0.12622 -0.12622  0.69436  0.82962
  0.84585  0.84585  1.02386  1.02386  1.04682  1.18404  1.18404  1.19165
                               OCCUPATION 
  1.00000  1.00000  1.00000  1.00000  1.00000  1.00000  0.00000  0.00000
  0.00000  0.00000  0.00000  0.00000  0.00000  0.00000  0.00000  0.00000
 NKP=    3  NGP=       298  K=( -0.18269  0.18269  0.18269)  WKP= 0.0080
                              EIGEN VALUE 
 -0.33234 -0.16227 -0.14881 -0.14881 -0.12536 -0.12536  0.50024  0.80236
  0.80236  0.81081  1.04797  1.05026  1.05026  1.14639  1.14639  1.33227
                               OCCUPATION 
  1.00000  1.00000  1.00000  1.00000  1.00000  1.00000  0.00000  0.00000
  0.00000  0.00000  0.00000  0.00000  0.00000  0.00000  0.00000  0.00000
 NKP=    4  NGP=       302  K=( -0.27403  0.27403  0.27403)  WKP= 0.0080
                              EIGEN VALUE 
 -0.27825 -0.16033 -0.15045 -0.15045 -0.11783 -0.11783  0.32181  0.77568
  0.77568  0.78299  0.95792  0.95792  1.05003  1.27807  1.27807  1.43150
                               OCCUPATION 
  1.00000  1.00000  1.00000  1.00000  1.00000  1.00000  0.00000  0.00000
  0.00000  0.00000  0.00000  0.00000  0.00000  0.00000  0.00000  0.00000
 NKP=    5  NGP=       296  K=( -0.36538  0.36538  0.36538)  WKP= 0.0080
                              EIGEN VALUE 
 -0.23719 -0.15416 -0.15416 -0.12540 -0.10880 -0.10880  0.17027  0.75845
  0.76506  0.76506  0.89241  0.89241  1.05514  1.43620  1.43620  1.55231
                               OCCUPATION 
  1.00000  1.00000  1.00000  1.00000  1.00000  1.00000  0.00000  0.00000
  0.00000  0.00000  0.00000  0.00000  0.00000  0.00000  0.00000  0.00000
 NKP=    6  NGP=       302  K=( -0.45672  0.45672  0.45672)  WKP= 0.0040
                              EIGEN VALUE 
 -0.22785 -0.15580 -0.15580 -0.10500 -0.10500 -0.07927  0.08928  0.74897
  0.76379  0.76379  0.86773  0.86773  1.05743  1.57952  1.57952  1.63757
                               OCCUPATION 
  1.00000  1.00000  1.00000  1.00000  1.00000  1.00000  0.00000  0.00000
  0.00000  0.00000  0.00000  0.00000  0.00000  0.00000  0.00000  0.00000
 NKP=    7  NGP=       299  K=(  0.00000  0.00000  0.18269)  WKP= 0.0060
                              EIGEN VALUE 
 -0.36577 -0.15947 -0.15043 -0.15043 -0.12984 -0.12358  0.75196  0.76563
  0.76563  0.82596  1.03464  1.06283  1.09976  1.09976  1.21891  1.32456
                               OCCUPATION 
  1.00000  1.00000  1.00000  1.00000  1.00000  1.00000  0.00000  0.00000
  0.00000  0.00000  0.00000  0.00000  0.00000  0.00000  0.00000  0.00000
 NKP=    8  NGP=       299  K=( -0.09134  0.09134  0.27403)  WKP= 0.0240
                              EIGEN VALUE 
 -0.33622 -0.16511 -0.14674 -0.14601 -0.13195 -0.12135  0.57262  0.70739
  0.74903  0.86811  0.92568  1.06190  1.17063  1.17808  1.25425  1.34107
                               OCCUPATION 
  1.00000  1.00000  1.00000  1.00000  1.00000  1.00000  0.00000  0.00000
  0.00000  0.00000  0.00000  0.00000  0.00000  0.00000  0.00000  0.00000
 NKP=    9  NGP=       298  K=( -0.18269  0.18269  0.36538)  WKP= 0.0240
                              EIGEN VALUE 
 -0.28677 -0.16867 -0.15052 -0.14538 -0.12134 -0.11514  0.38809  0.67304
  0.72308  0.79645  0.98831  1.04724  1.09989  1.19174  1.34782  1.45463
                               OCCUPATION 
  1.00000  1.00000  1.00000  1.00000  1.00000  1.00000  0.00000  0.00000
  0.00000  0.00000  0.00000  0.00000  0.00000  0.00000  0.00000  0.00000
 NKP=   10  NGP=       297  K=( -0.27403  0.27403  0.45672)  WKP= 0.0240
                              EIGEN VALUE 
 -0.23852 -0.15904 -0.15442 -0.14864 -0.10742 -0.09687  0.22521  0.66459
  0.68678  0.73617  0.99499  1.02103  1.10373  1.24946  1.49500  1.57992
                               OCCUPATION 
  1.00000  1.00000  1.00000  1.00000  1.00000  1.00000  0.00000  0.00000
  0.00000  0.00000  0.00000  0.00000  0.00000  0.00000  0.00000  0.00000
 NKP=   11  NGP=       294  K=( -0.36538  0.36538  0.54806)  WKP= 0.0240
                              EIGEN VALUE 
 -0.22172 -0.16017 -0.15146 -0.13394 -0.10473 -0.04855  0.10528  0.63400
  0.68433  0.73165  0.96413  0.98434  1.13347  1.39378  1.58015  1.62193
                               OCCUPATION 
  1.00000  1.00000  1.00000  1.00000  1.00000  0.25887  0.00000  0.00000
  0.00000  0.00000  0.00000  0.00000  0.00000  0.00000  0.00000  0.00000
 NKP=   12  NGP=       296  K=( -0.45672  0.45672  0.63941)  WKP= 0.0240
                              EIGEN VALUE 
 -0.22411 -0.15880 -0.15144 -0.13725 -0.10977 -0.06373  0.13689  0.59974
  0.73332  0.75475  0.93042  0.98223  1.15127  1.40226  1.47398  1.57715
                               OCCUPATION 
  1.00000  1.00000  1.00000  1.00000  1.00000  1.00000  0.00000  0.00000
  0.00000  0.00000  0.00000  0.00000  0.00000  0.00000  0.00000  0.00000
 NKP=   13  NGP=       297  K=( -0.54806  0.54806  0.73075)  WKP= 0.0240
                              EIGEN VALUE 
 -0.25167 -0.16172 -0.15408 -0.14829 -0.12056 -0.09844  0.27676  0.59040
  0.80127  0.80997  0.91945  0.97783  1.17435  1.23355  1.34364  1.59114
                               OCCUPATION 
  1.00000  1.00000  1.00000  1.00000  1.00000  1.00000  0.00000  0.00000
  0.00000  0.00000  0.00000  0.00000  0.00000  0.00000  0.00000  0.00000
 NKP=   14  NGP=       302  K=( -0.63941  0.63941  0.82210)  WKP= 0.0240
                              EIGEN VALUE 
 -0.30467 -0.16679 -0.14929 -0.14484 -0.13086 -0.11430  0.44787  0.60530
  0.86504  0.90560  0.93522  0.95707  1.08712  1.19012  1.27874  1.45778
                               OCCUPATION 
  1.00000  1.00000  1.00000  1.00000  1.00000  1.00000  0.00000  0.00000
  0.00000  0.00000  0.00000  0.00000  0.00000  0.00000  0.00000  0.00000
 NKP=   15  NGP=       305  K=( -0.73075  0.73075  0.91344)  WKP= 0.0120
                              EIGEN VALUE 
 -0.34872 -0.16156 -0.14901 -0.14864 -0.13056 -0.12277  0.62686  0.65412
  0.88260  0.93141  0.97242  0.98594  1.04141  1.18007  1.23156  1.32565
                               OCCUPATION 
  1.00000  1.00000  1.00000  1.00000  1.00000  1.00000  0.00000  0.00000
  0.00000  0.00000  0.00000  0.00000  0.00000  0.00000  0.00000  0.00000
 NKP=   16  NGP=       303  K=(  0.00000  0.00000  0.36538)  WKP= 0.0060
                              EIGEN VALUE 
 -0.31602 -0.17222 -0.13938 -0.13880 -0.13880 -0.11873  0.63552  0.63552
  0.67961  0.71976  0.81384  1.24762  1.27015  1.27015  1.36602  1.41173
                               OCCUPATION 
  1.00000  1.00000  1.00000  1.00000  1.00000  1.00000  0.00000  0.00000
  0.00000  0.00000  0.00000  0.00000  0.00000  0.00000  0.00000  0.00000
 NKP=   17  NGP=       300  K=( -0.09134  0.09134  0.45672)  WKP= 0.0240
                              EIGEN VALUE 
 -0.27587 -0.17885 -0.14814 -0.13432 -0.12189 -0.11367  0.47273  0.58941
  0.63680  0.69746  0.83226  1.22959  1.25997  1.33004  1.43716  1.51717
                               OCCUPATION 
  1.00000  1.00000  1.00000  1.00000  1.00000  1.00000  0.00000  0.00000
  0.00000  0.00000  0.00000  0.00000  0.00000  0.00000  0.00000  0.00000
 NKP=   18  NGP=       298  K=( -0.18269  0.18269  0.54806)  WKP= 0.0240
                              EIGEN VALUE 
 -0.23065 -0.18006 -0.15582 -0.13611 -0.10634 -0.08692  0.30292  0.55113
  0.57213  0.68722  0.96574  1.17880  1.18454  1.33548  1.57507  1.65227
                               OCCUPATION 
  1.00000  1.00000  1.00000  1.00000  1.00000  1.00000  0.00000  0.00000
  0.00000  0.00000  0.00000  0.00000  0.00000  0.00000  0.00000  0.00000
 NKP=   19  NGP=       298  K=( -0.27403  0.27403  0.63941)  WKP= 0.0240
                              EIGEN VALUE 
 -0.20804 -0.17487 -0.15501 -0.13958 -0.10401 -0.02002  0.15831  0.48205
  0.58617  0.69061  1.10756  1.11427  1.17061  1.34296  1.58957  1.64243
                               OCCUPATION 
  1.00000  1.00000  1.00000  1.00000  1.00000  0.00000  0.00000  0.00000
  0.00000  0.00000  0.00000  0.00000  0.00000  0.00000  0.00000  0.00000
 NKP=   20  NGP=       297  K=( -0.36538  0.36538  0.73075)  WKP= 0.0240
                              EIGEN VALUE 
 -0.20433 -0.17136 -0.15393 -0.14152 -0.10968  0.00824  0.12212  0.43622
  0.63161  0.71222  1.07213  1.10072  1.32692  1.35766  1.39445  1.49217
                               OCCUPATION 
  1.00000  1.00000  1.00000  1.00000  1.00000  0.00000  0.00000  0.00000
  0.00000  0.00000  0.00000  0.00000  0.00000  0.00000  0.00000  0.00000
 NKP=   21  NGP=       293  K=( -0.45672  0.45672  0.82210)  WKP= 0.0240
                              EIGEN VALUE 
 -0.21607 -0.16764 -0.16399 -0.14058 -0.12131 -0.05755  0.25226  0.41635
  0.70543  0.75533  1.05307  1.06068  1.21662  1.30113  1.42727  1.56173
                               OCCUPATION 
  1.00000  1.00000  1.00000  1.00000  1.00000  1.00000  0.00000  0.00000
  0.00000  0.00000  0.00000  0.00000  0.00000  0.00000  0.00000  0.00000
 NKP=   22  NGP=       297  K=( -0.54806  0.54806  0.91344)  WKP= 0.0120
                              EIGEN VALUE 
 -0.25879 -0.17201 -0.15514 -0.13737 -0.13381 -0.09406  0.40413  0.43434
  0.80281  0.81970  0.99526  1.05511  1.06155  1.23490  1.43609  1.53520
                               OCCUPATION 
  1.00000  1.00000  1.00000  1.00000  1.00000  1.00000  0.00000  0.00000
  0.00000  0.00000  0.00000  0.00000  0.00000  0.00000  0.00000  0.00000
 NKP=   23  NGP=       306  K=(  0.00000  0.00000  0.54806)  WKP= 0.0060
                              EIGEN VALUE 
 -0.25098 -0.18754 -0.13464 -0.12224 -0.12224 -0.11267  0.52247  0.53071
  0.53071  0.63041  0.72520  1.41920  1.41920  1.46482  1.47750  1.51636
                               OCCUPATION 
  1.00000  1.00000  1.00000  1.00000  1.00000  1.00000  0.00000  0.00000
  0.00000  0.00000  0.00000  0.00000  0.00000  0.00000  0.00000  0.00000
 NKP=   24  NGP=       301  K=( -0.09134  0.09134  0.63941)  WKP= 0.0240
                              EIGEN VALUE 
 -0.22483 -0.19242 -0.13538 -0.12027 -0.10617 -0.08339  0.39797  0.42656
  0.50188  0.65011  0.78120  1.35623  1.38237  1.54333  1.62687  1.70081
                               OCCUPATION 
  1.00000  1.00000  1.00000  1.00000  1.00000  1.00000  0.00000  0.00000
  0.00000  0.00000  0.00000  0.00000  0.00000  0.00000  0.00000  0.00000
 NKP=   25  NGP=       301  K=( -0.18269  0.18269  0.73075)  WKP= 0.0240
                              EIGEN VALUE 
 -0.20693 -0.19130 -0.14377 -0.12370 -0.10300 -0.00459  0.24671  0.35024
  0.50676  0.65785  0.92997  1.28362  1.32097  1.56320  1.61587  1.67616
                               OCCUPATION 
  1.00000  1.00000  1.00000  1.00000  1.00000  0.00000  0.00000  0.00000
  0.00000  0.00000  0.00000  0.00000  0.00000  0.00000  0.00000  0.00000
 NKP=   26  NGP=       292  K=( -0.27403  0.27403  0.82210)  WKP= 0.0240
                              EIGEN VALUE 
 -0.19492 -0.18627 -0.15412 -0.12777 -0.10800  0.09107  0.12850  0.29917
  0.54542  0.67436  1.11056  1.23051  1.26075  1.41711  1.48547  1.61038
                               OCCUPATION 
  1.00000  1.00000  1.00000  1.00000  1.00000  0.00000  0.00000  0.00000
  0.00000  0.00000  0.00000  0.00000  0.00000  0.00000  0.00000  0.00000
 NKP=   27  NGP=       293  K=( -0.36538  0.36538  0.91344)  WKP= 0.0120
                              EIGEN VALUE 
 -0.19208 -0.17714 -0.16647 -0.13258 -0.11682  0.01075  0.22222  0.29166
  0.61368  0.70673  1.17281  1.18140  1.25528  1.29900  1.39209  1.63103
                               OCCUPATION 
  1.00000  1.00000  1.00000  1.00000  1.00000  0.00000  0.00000  0.00000
  0.00000  0.00000  0.00000  0.00000  0.00000  0.00000  0.00000  0.00000
 NKP=   28  NGP=       302  K=(  0.00000  0.00000  0.73075)  WKP= 0.0060
                              EIGEN VALUE 
 -0.22225 -0.19961 -0.10770 -0.10651 -0.10651 -0.06490  0.32408  0.46063
  0.46063  0.60302  0.69570  1.53423  1.56708  1.56708  1.63471  1.74657
                               OCCUPATION 
  1.00000  1.00000  1.00000  1.00000  1.00000  1.00000  0.00000  0.00000
  0.00000  0.00000  0.00000  0.00000  0.00000  0.00000  0.00000  0.00000
 NKP=   29  NGP=       299  K=( -0.09134  0.09134  0.82210)  WKP= 0.0240
                              EIGEN VALUE 
 -0.21657 -0.20066 -0.11483 -0.11014 -0.10155  0.00566  0.25144  0.35727
  0.45418  0.63080  0.75879  1.46289  1.51441  1.66383  1.70961  1.79585
                               OCCUPATION 
  1.00000  1.00000  1.00000  1.00000  1.00000  0.00000  0.00000  0.00000
  0.00000  0.00000  0.00000  0.00000  0.00000  0.00000  0.00000  0.00000
 NKP=   30  NGP=       296  K=( -0.18269  0.18269  0.91344)  WKP= 0.0120
                              EIGEN VALUE 
 -0.20622 -0.19534 -0.13454 -0.11608 -0.10428  0.08232  0.21733  0.23508
  0.48391  0.64928  0.91824  1.37317  1.40987  1.49843  1.56274  1.85226
                               OCCUPATION 
  1.00000  1.00000  1.00000  1.00000  1.00000  0.00000  0.00000  0.00000
  0.00000  0.00000  0.00000  0.00000  0.00000  0.00000  0.00000  0.00000
 NKP=   31  NGP=       302  K=(  0.00000  0.00000  0.91344)  WKP= 0.0030
                              EIGEN VALUE 
 -0.22060 -0.20414 -0.10580 -0.09980 -0.09980  0.01144  0.21124  0.43556
  0.43556  0.59431  0.68774  1.58000  1.68940  1.72151  1.72151  1.75140
                               OCCUPATION 
  1.00000  1.00000  1.00000  1.00000  1.00000  0.00000  0.00000  0.00000
  0.00000  0.00000  0.00000  0.00000  0.00000  0.00000  0.00000  0.00000
 NKP=   32  NGP=       298  K=(  0.00000  0.18269  0.36538)  WKP= 0.0240
                              EIGEN VALUE 
 -0.30057 -0.17147 -0.14896 -0.13841 -0.13263 -0.11367  0.51716  0.54039
  0.76713  0.82436  0.89413  1.08272  1.13454  1.27905  1.36011  1.45699
                               OCCUPATION 
  1.00000  1.00000  1.00000  1.00000  1.00000  1.00000  0.00000  0.00000
  0.00000  0.00000  0.00000  0.00000  0.00000  0.00000  0.00000  0.00000
 NKP=   33  NGP=       297  K=( -0.09134  0.27403  0.45672)  WKP= 0.0480
                              EIGEN VALUE 
 -0.25083 -0.17421 -0.15676 -0.13837 -0.12216 -0.09492  0.34937  0.50770
  0.67263  0.82564  0.96430  1.04361  1.16295  1.31749  1.39307  1.65136
                               OCCUPATION 
  1.00000  1.00000  1.00000  1.00000  1.00000  1.00000  0.00000  0.00000
  0.00000  0.00000  0.00000  0.00000  0.00000  0.00000  0.00000  0.00000
 NKP=   34  NGP=       298  K=( -0.18269  0.36538  0.54806)  WKP= 0.0480
                              EIGEN VALUE 
 -0.21572 -0.16753 -0.15914 -0.14207 -0.11033 -0.05269  0.19474  0.50994
  0.59532  0.80871  0.95437  1.13712  1.18696  1.30670  1.51109  1.57700
                               OCCUPATION 
  1.00000  1.00000  1.00000  1.00000  1.00000  1.01564  0.00000  0.00000
  0.00000  0.00000  0.00000  0.00000  0.00000  0.00000  0.00000  0.00000
 NKP=   35  NGP=       296  K=( -0.27403  0.45672  0.63941)  WKP= 0.0240
                              EIGEN VALUE 
 -0.20882 -0.16896 -0.14927 -0.14426 -0.10648  0.00320  0.10042  0.53228
  0.54741  0.80193  0.94258  1.15230  1.25742  1.35286  1.40774  1.64004
                               OCCUPATION 
  1.00000  1.00000  1.00000  1.00000  1.00000  0.00000  0.00000  0.00000
  0.00000  0.00000  0.00000  0.00000  0.00000  0.00000  0.00000  0.00000
 NKP=   36  NGP=       303  K=(  0.00000  0.18269  0.54806)  WKP= 0.0240
                              EIGEN VALUE 
 -0.23883 -0.18463 -0.15259 -0.12228 -0.12052 -0.09387  0.43029  0.45250
  0.53965  0.75673  0.82942  1.17993  1.35121  1.45575  1.48306  1.58333
                               OCCUPATION 
  1.00000  1.00000  1.00000  1.00000  1.00000  1.00000  0.00000  0.00000
  0.00000  0.00000  0.00000  0.00000  0.00000  0.00000  0.00000  0.00000
 NKP=   37  NGP=       299  K=( -0.09134  0.27403  0.63941)  WKP= 0.0480
                              EIGEN VALUE 
 -0.20817 -0.18465 -0.15889 -0.12624 -0.10901 -0.04173  0.27844  0.43637
  0.45585  0.77693  0.94564  1.11588  1.36207  1.46921  1.58026  1.61270
                               OCCUPATION 
  1.00000  1.00000  1.00000  1.00000  1.00000 -0.00000  0.00000  0.00000
  0.00000  0.00000  0.00000  0.00000  0.00000  0.00000  0.00000  0.00000
 NKP=   38  NGP=       292  K=( -0.18269  0.36538  0.73075)  WKP= 0.0480
                              EIGEN VALUE 
 -0.19489 -0.18240 -0.16012 -0.13148 -0.10602  0.04549  0.14319  0.39129
  0.46063  0.79093  1.03375  1.14731  1.33303  1.37910  1.48290  1.68300
                               OCCUPATION 
  1.00000  1.00000  1.00000  1.00000  1.00000  0.00000  0.00000  0.00000
  0.00000  0.00000  0.00000  0.00000  0.00000  0.00000  0.00000  0.00000
 NKP=   39  NGP=       292  K=( -0.27403  0.45672  0.82210)  WKP= 0.0480
                              EIGEN VALUE 
 -0.19243 -0.17876 -0.16621 -0.13266 -0.11134  0.01845  0.18279  0.35401
  0.50932  0.82416  1.00590  1.18902  1.29819  1.34882  1.48262  1.55277
                               OCCUPATION 
  1.00000  1.00000  1.00000  1.00000  1.00000  0.00000  0.00000  0.00000
  0.00000  0.00000  0.00000  0.00000  0.00000  0.00000  0.00000  0.00000
 NKP=   40  NGP=       301  K=( -0.36538  0.54806  0.91344)  WKP= 0.0240
                              EIGEN VALUE 
 -0.21077 -0.17656 -0.16719 -0.13069 -0.12148 -0.05403  0.31553  0.35734
  0.58120  0.87609  0.94988  1.07508  1.25235  1.38635  1.53854  1.56460
                               OCCUPATION 
  1.00000  1.00000  1.00000  1.00000  1.00000  1.00151  0.00000  0.00000
  0.00000  0.00000  0.00000  0.00000  0.00000  0.00000  0.00000  0.00000
 NKP=   41  NGP=       298  K=(  0.00000  0.18269  0.73075)  WKP= 0.0240
                              EIGEN VALUE 
 -0.21336 -0.19521 -0.13517 -0.11176 -0.10657 -0.02774  0.33651  0.37146
  0.39643  0.71676  0.79579  1.28777  1.56485  1.58951  1.63012  1.66902
                               OCCUPATION 
  1.00000  1.00000  1.00000  1.00000  1.00000  0.00000  0.00000  0.00000
  0.00000  0.00000  0.00000  0.00000  0.00000  0.00000  0.00000  0.00000
 NKP=   42  NGP=       292  K=( -0.09134  0.27403  0.82210)  WKP= 0.0480
                              EIGEN VALUE 
 -0.20292 -0.19161 -0.14536 -0.11902 -0.10267  0.06147  0.23855  0.27411
  0.40076  0.75326  0.92871  1.21618  1.42249  1.51701  1.69094  1.73895
                               OCCUPATION 
  1.00000  1.00000  1.00000  1.00000  1.00000  0.00000  0.00000  0.00000
  0.00000  0.00000  0.00000  0.00000  0.00000  0.00000  0.00000  0.00000
 NKP=   43  NGP=       292  K=( -0.18269  0.36538  0.91344)  WKP= 0.0240
                              EIGEN VALUE 
 -0.19135 -0.18571 -0.15983 -0.12596 -0.10648  0.11572  0.15693  0.25576
  0.44317  0.78312  1.10913  1.13205  1.27538  1.43621  1.57352  1.75471
                               OCCUPATION 
  1.00000  1.00000  1.00000  1.00000  1.00000  0.00000  0.00000  0.00000
  0.00000  0.00000  0.00000  0.00000  0.00000  0.00000  0.00000  0.00000
 NKP=   44  NGP=       296  K=(  0.00000  0.18269  0.91344)  WKP= 0.0120
                              EIGEN VALUE 
 -0.21290 -0.19921 -0.12328 -0.11155 -0.09979  0.05067  0.21827  0.35008
  0.37569  0.70377  0.78575  1.37356  1.51404  1.65187  1.72962  1.76975
                               OCCUPATION 
  1.00000  1.00000  1.00000  1.00000  1.00000  0.00000  0.00000  0.00000
  0.00000  0.00000  0.00000  0.00000  0.00000  0.00000  0.00000  0.00000
 NKP=   45  NGP=       293  K=(  0.00000  0.36538  0.73075)  WKP= 0.0240
                              EIGEN VALUE 
 -0.19426 -0.18181 -0.16648 -0.12381 -0.10670  0.03463  0.25591  0.31081
  0.37714  0.90670  0.94392  1.07645  1.37039  1.50577  1.60472  1.67611
                               OCCUPATION 
  1.00000  1.00000  1.00000  1.00000  1.00000  0.00000  0.00000  0.00000
  0.00000  0.00000  0.00000  0.00000  0.00000  0.00000  0.00000  0.00000
 NKP=   46  NGP=       294  K=( -0.09134  0.45672  0.82210)  WKP= 0.0240
                              EIGEN VALUE 
 -0.19092 -0.17786 -0.16970 -0.12723 -0.10302  0.12995  0.15174  0.31908
  0.32706  0.92578  0.98924  1.11452  1.22410  1.54450  1.64310  1.76396
                               OCCUPATION 
  1.00000  1.00000  1.00000  1.00000  1.00000  0.00000  0.00000  0.00000
  0.00000  0.00000  0.00000  0.00000  0.00000  0.00000  0.00000  0.00000
 NKP=   47  NGP=       294  K=(  0.00000  0.36538  0.91344)  WKP= 0.0120
                              EIGEN VALUE 
 -0.19739 -0.18402 -0.15799 -0.12395 -0.09977  0.13208  0.23414  0.24240
  0.29641  0.89222  0.96821  1.11694  1.26426  1.70120  1.74700  1.77527
                               OCCUPATION 
  1.00000  1.00000  1.00000  1.00000  1.00000  0.00000  0.00000  0.00000
  0.00000  0.00000  0.00000  0.00000  0.00000  0.00000  0.00000  0.00000
 
 QMDQMDQMDQMDQMDQMDQMDQMDQMDQMDQMDQMDQMDQMDQMDQMDQMDQMDQMDQMDQMDQMDQMDQM

 MD ITERATION NR.      1:013          TOTAL CPU TIME =      5.28 SECONDS

                       CONVERGED ENERGY AND FORCES 
   NIT     TotalEnergy     f_max     f_rms      edel      vdel      fdel
     1    -59.76503723  0.000000  0.000000  0.11D-10  0.17D-07  0.11D-10

    ATOM              COORDINATES                        FORCES
MD:    1
MD:    1 Cu   0.000000   0.000000   0.000000   0.00000 -0.00000  0.00000
 
CHGPRO:     0.0000      0.2966553237     -0.4892011831      0.1562162805
CHGPRO:     0.1520      0.2913608484     -0.4897475493      0.1511861201
CHGPRO:     0.3040      0.2760662208     -0.4913606017      0.1363336297
CHGPRO:     0.4560      0.2524281860     -0.4941495237      0.1124022659
CHGPRO:     0.6080      0.2229051052     -0.4980644073      0.0808460240
CHGPRO:     0.7600      0.1904184767     -0.5027086923      0.0440554914
CHGPRO:     0.9120      0.1579475117     -0.5073976967      0.0054832161
CHGPRO:     1.0640      0.1280774111     -0.5108696255     -0.0306563532
CHGPRO:     1.2160      0.1026058957     -0.5115626794     -0.0604955651
CHGPRO:     1.3680      0.0823246234     -0.5075479243     -0.0812329633
CHGPRO:     1.5200      0.0670696204     -0.4970841757     -0.0910858244
CHGPRO:     1.6720      0.0560558004     -0.4797951325     -0.0898067512
CHGPRO:     1.8240      0.0483272484     -0.4572837592     -0.0795330638
CHGPRO:     1.9760      0.0430691640     -0.4342167707     -0.0647377209
CHGPRO:     2.1280      0.0396916492     -0.4153352518     -0.0506866191
CHGPRO:     2.2800      0.0378052689     -0.4022080018     -0.0412100888
CHGPRO:     2.4320      0.0371977317     -0.3971081135     -0.0379398753
CHGPRO:     2.5839      0.0378052689     -0.4022080018     -0.0412100888
CHGPRO:     2.7359      0.0396916492     -0.4153352518     -0.0506866191
CHGPRO:     2.8879      0.0430691640     -0.4342167707     -0.0647377209
CHGPRO:     3.0399      0.0483272484     -0.4572837592     -0.0795330638
CHGPRO:     3.1919      0.0560558004     -0.4797951325     -0.0898067512
CHGPRO:     3.3439      0.0670696204     -0.4970841757     -0.0910858244
CHGPRO:     3.4959      0.0823246234     -0.5075479243     -0.0812329633
CHGPRO:     3.6479      0.1026058957     -0.5115626794     -0.0604955651
CHGPRO:     3.7999      0.1280774111     -0.5108696255     -0.0306563532
CHGPRO:     3.9519      0.1579475117     -0.5073976967      0.0054832161
CHGPRO:     4.1039      0.1904184767     -0.5027086923      0.0440554914
CHGPRO:     4.2559      0.2229051052     -0.4980644073      0.0808460240
CHGPRO:     4.4079      0.2524281860     -0.4941495237      0.1124022659
CHGPRO:     4.5599      0.2760662208     -0.4913606017      0.1363336297
CHGPRO:     4.7119      0.2913608484     -0.4897475493      0.1511861201

 *I* wavefunction data written in zaj.data

 *I* writing eko_l

 *I* writing fsr_l, fsi_l

 *I* potential data written in potential.data

           <<<  Atomic Charge >>>
  ia is   rd d_rd  Charge(1)  Charge(2)  Charge(3)
   1  1 2.30 0.10   9.836342  10.065333  10.301809

 ***********************************************************************
 *                                                                     *
 *                               TIMING                                *
 *                                                                     *
 ***********************************************************************
      SUBROUTINE        CALLS        TOTAL CPU TIME           <CPU TIME>
             SCF            1                4.9579               4.9579
          WF_Dav           14                4.6172               0.3298
     diagonalize         1974                3.3286               0.0017
        dav_hphi         1974                0.5146               0.0003
         fftw3c3         4559                0.4220               0.0001
           kbint            1                0.3178               0.3178
         swffftx         1974                0.2098               0.0001
         dav_mgs         1316                0.1949               0.0001
        swffftx2         1974                0.1875               0.0001
       dav_mgs_2         1316                0.1534               0.0001
             Dos            2                0.1189               0.0594
 dav_band2g_hphi         1974                0.1024               0.0001
         dav_hij         1974                0.0926               0.0000
      dav_nonloc         1974                0.0839               0.0000
          Chgfft           13                0.0713               0.0055
  dav_residual_1         1316                0.0604               0.0000
          swffft          611                0.0595               0.0001
         Writing            1                0.0560               0.0560
      xc_gga_chg           26                0.0557               0.0021
     fdchgq0_fft           13                0.0544               0.0042
    dav_residual         1316                0.0410               0.0000
    dav_nonloc_2        12432                0.0406               0.0000
      dav_sumset         1316                0.0393               0.0000
   fdchgq0_fft_1           13                0.0364               0.0028
           fd_vq           13                0.0364               0.0028
  dav_band2g_phi          705                0.0349               0.0000
           pspot            1                0.0348               0.0348
           Force            1                0.0342               0.0342
    dav_copy_fsr          658                0.0323               0.0000
        fdforce0            1                0.0308               0.0308
      dav_precon         1316                0.0276               0.0000
    dav_nonloc_3        12432                0.0228               0.0000
       dav_mgs_3         1316                0.0224               0.0000
    dav_sumset_2         1316                0.0208               0.0000
    dav_sumset_1         1316                0.0168               0.0000
       dav_mgs_1         1316                0.0163               0.0000
         FFT_SET            1                0.0155               0.0155
      dav_grmsmd            1                0.0134               0.0134
 dav_refresh_phi          658                0.0117               0.0000
    dav_nonloc_1         1974                0.0107               0.0000
    xc_1_gr_ch12           78                0.0083               0.0001
       dav_mgs_t           47                0.0076               0.0002
           Fermi           13                0.0072               0.0006
            symm            1                0.0069               0.0069
 ***********************************************************************

 =======================================================================
 TASK                   CALLS        TOTAL CPU TIME           <CPU TIME>
 FFT SingleProc          4559                0.4246               0.0001
 FFT MPI                  321                0.0338               0.0001
 FFTW MPI1                 27                0.0027               0.0001
  
 ALLREDUCE               8414                0.0311               0.0000
 ALLREDUCE_G               45                0.0017               0.0000
 ALLREDUCE_K             9935                0.0931               0.0000
 ALLGATHERV                68                0.0032               0.0000
 ALLGATHERV_KG           2021                0.0269               0.0000
 ALLGATHERV_K            1316                0.0181               0.0000
 GATHERV                    2                0.0001               0.0000
 ALLTOALLV                180                0.0082               0.0000
 ALLTOALLV_KG            5499                0.1771               0.0000
 TOTAL TIME FOR COMMUNICATION                0.3593
 =======================================================================

 TOTAL CPU TIME:  00 HOURS 00 MINUTES  5.51 SECONDS

 PROGRAM STATE ENDED AT: Jul  1 11:28:14 2025
  
 HHHHHHHHHHHHHHHHHHHHHHHHHHHHHHHHHHHHHHHHHHHHHHHHHHHHHHHHHHHHHHHHH
 HHHHHHHHHHHHHHHHHHHHHHHHHHHHHHHHHHHHHHHHHHHHHHHHHHHHHHHHHHHHHHHHH
                           _______________________
     __________   _______/______v______v______v___]
    D          | |                                 |
    D   A A    | | Congratulations!                |  C( > < )D
  --  =(^.^)=  | |  The calculation has converged. |    = o =
 |     @@@@@   | |                                 |    (    )~
 /--=O=-+-=O=---+--=O=--+--==O==--+--==O==--+--=O=-+--=O=---=O=-/
  
 HHHHHHHHHHHHHHHHHHHHHHHHHHHHHHHHHHHHHHHHHHHHHHHHHHHHHHHHHHHHHHHHH
 HHHHHHHHHHHHHHHHHHHHHHHHHHHHHHHHHHHHHHHHHHHHHHHHHHHHHHHHHHHHHHHHH
