[0] MPI startup(): I_MPI_TCP_NETMASK variable has been removed from the product, its value is ignored

 
 ***********************************************************************
 *                                                                     *
 *                                                                     *
 *                                                                     *
 *              ******  ********    **    ******** ********            *
 *             ******** ********   ****   ******** ********            *
 *             **          **     **  **     **    **                  *
 *              ***        **    ********    **    ******              *
 *                ***      **   **********   **    ******              *
 *                  **     **  **        **  **    **                  *
 *             ********    ** **          ** **    ********            *
 *              ******     ** VERSION 5.6.17 **    ********            *
 *                               RICS-AIST                             *
 *                           OSAKA UNIVERSITY                          *
 *                                                                     *
 ***********************************************************************
 
 PROGRAM STATE STARTED AT: Jul  1 11:28:26 2025

 THIS JOB RUNS ON         : xs01                            
 THE CURRENT DIRECTORY IS : /home/ikutaro/work/STATE/examples/Cu/fcc/k-p
 THE PROCESS ID IS        : 84453
 THE JOB WAS SUBMITTED BY : ikutaro             
 THE NUMBER OF PROCESSORS : 16
 THE NUMBER OF THREADS    : 1
 
 ELECTRONIC WAVEFUNCTIONS INITIALIZED 
 ELECTRONIC CHARGE INITIALIZED 
 IONIC POSITIONS READ FROM STANDARD INPUT 
 IONIC VELOCITIES INITIALIZED 
 MAXIMUM SCF ITERATIONS : 200
 MAXIMUM MD STEPS : 200
 MAXIMUM ELAPSED CPU TIME :  86400.00 SEC
 TIME INCREMENT IN MOLECULAR DYNAMICS :     50.00 A.U.
 ENERGY CRITERION FOR SCF ITERATIONS :  0.100000E-09 HA/ATOM

 EXCHANGE-CORRELATION FUNCTIONAL : ggapbe
 SPIN POLARIZATION NOT ALLOWED 
 NUMBER OF BANDS CONSIDERED : 16
 METHFESSEL-PAXTON SMEARING 
 SMEARING WIDTH : 0.002000
 DAVIDSON METHOD WITH G-SPACE TECHNIQUE 
 BLUGEL MIXING PARAMETERS 
   MIXING OBJECT : CHARGE 
   MIXING INFORMATION RESET AFTER 30 STEPS
   MIXING PARAMETER : 0.300

 ********************************** TYPE *******************************
 TYPE  NAME  INITIAL CHARGE   MASS(AMU)     PP TYPE  ILOC   INITIAL SPIN
    1    Cu          0.1500     63.5460   UltraSoft     3         0.0000
 ***********************************************************************

 ********************************* ATOMS *******************************
   ATOM    X(BOHR)    Y(BOHR)    Z(BOHR)     TAUX    TAUY    TAUZ IW  IR
   1  1    0.00000    0.00000    0.00000   0.0000  0.0000  0.0000  1   0
 ***********************************************************************

 ******************************** K-POINTS *****************************
 BRAVIAS LATTICE         :        FACE CENTER         
 SPACE GROUP             :        F m -3 m  
 INVERSION SYMMETRY      :        NO 
 CONV. LAT. VECTOR(BOHR) :        6.878600       0.000000       0.000000
 CONV. LAT. VECTOR(BOHR) :        0.000000       6.878600       0.000000
 CONV. LAT. VECTOR(BOHR) :        0.000000       0.000000       6.878600
 PRIM. LAT. VECTOR(BOHR) :        0.000000       3.439300       3.439300
 PRIM. LAT. VECTOR(BOHR) :        3.439300       0.000000       3.439300
 PRIM. LAT. VECTOR(BOHR) :        3.439300       3.439300       0.000000
 PRIM. CELL VOLUME       :    0.813655E+02
 PRIM. REC. VECTOR(1/BOHR) :     -0.913440       0.913440       0.913440
 PRIM. REC. VECTOR(1/BOHR) :      0.913440      -0.913440       0.913440
 PRIM. REC. VECTOR(1/BOHR) :      0.913440       0.913440      -0.913440
 REC. PRIM. CELL VOLUME    :  0.304859E+01
 ENERGY CUTOFF FOR SOFT MODE(RY) :  36.000
 ENERGY CUTOFF FOR HARD MODE(RY) : 400.000
 NUMBER OF K-POINT MESH  :              14             14             14
 K-POINT SHIFT           :             OFF            OFF            OFF
 NUMBER OF K-POINTS      :             104
        NKP            WKP              KX             KY             KZ
          1       0.000364        0.000000       0.000000       0.000000
          2       0.002915       -0.065246       0.065246       0.065246
          3       0.002915       -0.130491       0.130491       0.130491
          4       0.002915       -0.195737       0.195737       0.195737
          5       0.002915       -0.260983       0.260983       0.260983
          6       0.002915       -0.326228       0.326228       0.326228
          7       0.002915       -0.391474       0.391474       0.391474
          8       0.001458       -0.456720       0.456720       0.456720
          9       0.002187        0.000000       0.000000       0.130491
         10       0.008746       -0.065246       0.065246       0.195737
         11       0.008746       -0.130491       0.130491       0.260983
         12       0.008746       -0.195737       0.195737       0.326228
         13       0.008746       -0.260983       0.260983       0.391474
         14       0.008746       -0.326228       0.326228       0.456720
         15       0.008746       -0.391474       0.391474       0.521965
         16       0.008746       -0.456720       0.456720       0.587211
         17       0.008746       -0.521965       0.521965       0.652457
         18       0.008746       -0.587211       0.587211       0.717703
         19       0.008746       -0.652457       0.652457       0.782948
         20       0.008746       -0.717703       0.717703       0.848194
         21       0.004373       -0.782948       0.782948       0.913440
         22       0.002187        0.000000       0.000000       0.260983
         23       0.008746       -0.065246       0.065246       0.326228
         24       0.008746       -0.130491       0.130491       0.391474
         25       0.008746       -0.195737       0.195737       0.456720
         26       0.008746       -0.260983       0.260983       0.521965
         27       0.008746       -0.326228       0.326228       0.587211
         28       0.008746       -0.391474       0.391474       0.652457
         29       0.008746       -0.456720       0.456720       0.717703
         30       0.008746       -0.521965       0.521965       0.782948
         31       0.008746       -0.587211       0.587211       0.848194
         32       0.004373       -0.652457       0.652457       0.913440
         33       0.002187        0.000000       0.000000       0.391474
         34       0.008746       -0.065246       0.065246       0.456720
         35       0.008746       -0.130491       0.130491       0.521965
         36       0.008746       -0.195737       0.195737       0.587211
         37       0.008746       -0.260983       0.260983       0.652457
         38       0.008746       -0.326228       0.326228       0.717703
         39       0.008746       -0.391474       0.391474       0.782948
         40       0.008746       -0.456720       0.456720       0.848194
         41       0.004373       -0.521965       0.521965       0.913440
         42       0.002187        0.000000       0.000000       0.521965
         43       0.008746       -0.065246       0.065246       0.587211
         44       0.008746       -0.130491       0.130491       0.652457
         45       0.008746       -0.195737       0.195737       0.717703
         46       0.008746       -0.260983       0.260983       0.782948
         47       0.008746       -0.326228       0.326228       0.848194
         48       0.004373       -0.391474       0.391474       0.913440
         49       0.002187        0.000000       0.000000       0.652457
         50       0.008746       -0.065246       0.065246       0.717703
         51       0.008746       -0.130491       0.130491       0.782948
         52       0.008746       -0.195737       0.195737       0.848194
         53       0.004373       -0.260983       0.260983       0.913440
         54       0.002187        0.000000       0.000000       0.782948
         55       0.008746       -0.065246       0.065246       0.848194
         56       0.004373       -0.130491       0.130491       0.913440
         57       0.001093        0.000000       0.000000       0.913440
         58       0.008746        0.000000       0.130491       0.260983
         59       0.017493       -0.065246       0.195737       0.326228
         60       0.017493       -0.130491       0.260983       0.391474
         61       0.017493       -0.195737       0.326228       0.456720
         62       0.017493       -0.260983       0.391474       0.521965
         63       0.008746       -0.326228       0.456720       0.587211
         64       0.008746        0.000000       0.130491       0.391474
         65       0.017493       -0.065246       0.195737       0.456720
         66       0.017493       -0.130491       0.260983       0.521965
         67       0.017493       -0.195737       0.326228       0.587211
         68       0.017493       -0.260983       0.391474       0.652457
         69       0.017493       -0.326228       0.456720       0.717703
         70       0.017493       -0.391474       0.521965       0.782948
         71       0.017493       -0.456720       0.587211       0.848194
         72       0.008746       -0.521965       0.652457       0.913440
         73       0.008746        0.000000       0.130491       0.521965
         74       0.017493       -0.065246       0.195737       0.587211
         75       0.017493       -0.130491       0.260983       0.652457
         76       0.017493       -0.195737       0.326228       0.717703
         77       0.017493       -0.260983       0.391474       0.782948
         78       0.017493       -0.326228       0.456720       0.848194
         79       0.008746       -0.391474       0.521965       0.913440
         80       0.008746       -0.000000       0.130491       0.652457
         81       0.017493       -0.065246       0.195737       0.717703
         82       0.017493       -0.130491       0.260983       0.782948
         83       0.017493       -0.195737       0.326228       0.848194
         84       0.008746       -0.260983       0.391474       0.913440
         85       0.008746        0.000000       0.130491       0.782948
         86       0.017493       -0.065246       0.195737       0.848194
         87       0.008746       -0.130491       0.260983       0.913440
         88       0.004373        0.000000       0.130491       0.913440
         89       0.008746        0.000000       0.260983       0.521965
         90       0.017493       -0.065246       0.326228       0.587211
         91       0.017493       -0.130491       0.391474       0.652457
         92       0.008746       -0.195737       0.456720       0.717703
         93       0.008746        0.000000       0.260983       0.652457
         94       0.017493       -0.065246       0.326228       0.717703
         95       0.017493       -0.130491       0.391474       0.782948
         96       0.017493       -0.195737       0.456720       0.848194
         97       0.008746       -0.260983       0.521965       0.913440
         98       0.008746        0.000000       0.260983       0.782948
         99       0.017493       -0.065246       0.326228       0.848194
        100       0.008746       -0.130491       0.391474       0.913440
        101       0.004373       -0.000000       0.260983       0.913440
        102       0.008746        0.000000       0.391474       0.782948
        103       0.008746       -0.065246       0.456720       0.848194
        104       0.004373        0.000000       0.391474       0.913440
 ***********************************************************************
 *I* TOTAL NUMBER OF DEGREES OF FREEDOM :     0
     
 NEIBRD =       1331
 KID  KNX  KNY  KNZ  KNL  KNM  KNN  =   21   10   10   10   20   20   20
 KIDP KNXP KNYP KNZP KNLP KNMP KNNP =   33   16   16   16   32   32   32
 NUMBER OF GENERATED VECTORS KNG,KNGP =      2421     10969
 KFFT KFFTP =      16800     67584
 IOPT IOPTP =          1         1

 ************************* SYMMETRY OPERATION **************************
                   Rc              tc               Rp             tp
         1.0000  0.0000  0.0000  0.0000   1.0000  0.0000  0.0000  0.0000
 nr.  1  0.0000  1.0000  0.0000  0.0000   0.0000  1.0000  0.0000  0.0000
         0.0000  0.0000  1.0000  0.0000   0.0000  0.0000  1.0000  0.0000

        -1.0000  0.0000  0.0000  0.0000  -1.0000  0.0000  0.0000  0.0000
 nr.  2  0.0000 -1.0000  0.0000  0.0000   0.0000 -1.0000  0.0000  0.0000
         0.0000  0.0000 -1.0000  0.0000   0.0000  0.0000 -1.0000  0.0000

         1.0000  0.0000  0.0000  0.0000   0.0000 -1.0000  1.0000  0.0000
 nr.  3  0.0000  0.0000 -1.0000  0.0000   0.0000  0.0000  1.0000  0.0000
         0.0000  1.0000  0.0000  0.0000  -1.0000  0.0000  1.0000  0.0000

         0.0000  0.0000  1.0000  0.0000   0.0000  0.0000  1.0000  0.0000
 nr.  4  1.0000  0.0000  0.0000  0.0000   1.0000  0.0000  0.0000  0.0000
         0.0000  1.0000  0.0000  0.0000   0.0000  1.0000  0.0000  0.0000

        -1.0000  0.0000  0.0000  0.0000   0.0000  1.0000 -1.0000  0.0000
 nr.  5  0.0000  0.0000  1.0000  0.0000   0.0000  0.0000 -1.0000  0.0000
         0.0000 -1.0000  0.0000  0.0000   1.0000  0.0000 -1.0000  0.0000

         0.0000  0.0000 -1.0000  0.0000   0.0000  0.0000 -1.0000  0.0000
 nr.  6 -1.0000  0.0000  0.0000  0.0000  -1.0000  0.0000  0.0000  0.0000
         0.0000 -1.0000  0.0000  0.0000   0.0000 -1.0000  0.0000  0.0000

         1.0000  0.0000  0.0000  0.0000  -1.0000  0.0000  0.0000  0.0000
 nr.  7  0.0000 -1.0000  0.0000  0.0000  -1.0000  0.0000  1.0000  0.0000
         0.0000  0.0000 -1.0000  0.0000  -1.0000  1.0000  0.0000  0.0000

         0.0000  0.0000  1.0000  0.0000  -1.0000  1.0000  0.0000  0.0000
 nr.  8  0.0000 -1.0000  0.0000  0.0000   0.0000  1.0000  0.0000  0.0000
         1.0000  0.0000  0.0000  0.0000   0.0000  1.0000 -1.0000  0.0000

         0.0000  1.0000  0.0000  0.0000  -1.0000  0.0000  1.0000  0.0000
 nr.  9  1.0000  0.0000  0.0000  0.0000   0.0000 -1.0000  1.0000  0.0000
         0.0000  0.0000 -1.0000  0.0000   0.0000  0.0000  1.0000  0.0000

         0.0000  1.0000  0.0000  0.0000   0.0000  1.0000  0.0000  0.0000
 nr. 10  0.0000  0.0000  1.0000  0.0000   0.0000  0.0000  1.0000  0.0000
         1.0000  0.0000  0.0000  0.0000   1.0000  0.0000  0.0000  0.0000

        -1.0000  0.0000  0.0000  0.0000   1.0000  0.0000  0.0000  0.0000
 nr. 11  0.0000  1.0000  0.0000  0.0000   1.0000  0.0000 -1.0000  0.0000
         0.0000  0.0000  1.0000  0.0000   1.0000 -1.0000  0.0000  0.0000

         0.0000  0.0000 -1.0000  0.0000   1.0000 -1.0000  0.0000  0.0000
 nr. 12  0.0000  1.0000  0.0000  0.0000   0.0000 -1.0000  0.0000  0.0000
        -1.0000  0.0000  0.0000  0.0000   0.0000 -1.0000  1.0000  0.0000

         0.0000 -1.0000  0.0000  0.0000   1.0000  0.0000 -1.0000  0.0000
 nr. 13 -1.0000  0.0000  0.0000  0.0000   0.0000  1.0000 -1.0000  0.0000
         0.0000  0.0000  1.0000  0.0000   0.0000  0.0000 -1.0000  0.0000

         0.0000 -1.0000  0.0000  0.0000   0.0000 -1.0000  0.0000  0.0000
 nr. 14  0.0000  0.0000 -1.0000  0.0000   0.0000  0.0000 -1.0000  0.0000
        -1.0000  0.0000  0.0000  0.0000  -1.0000  0.0000  0.0000  0.0000

         1.0000  0.0000  0.0000  0.0000   0.0000  1.0000 -1.0000  0.0000
 nr. 15  0.0000  0.0000  1.0000  0.0000  -1.0000  1.0000  0.0000  0.0000
         0.0000 -1.0000  0.0000  0.0000   0.0000  1.0000  0.0000  0.0000

         0.0000  0.0000  1.0000  0.0000   0.0000  0.0000 -1.0000  0.0000
 nr. 16 -1.0000  0.0000  0.0000  0.0000   0.0000  1.0000 -1.0000  0.0000
         0.0000 -1.0000  0.0000  0.0000   1.0000  0.0000 -1.0000  0.0000

         0.0000  1.0000  0.0000  0.0000   1.0000  0.0000 -1.0000  0.0000
 nr. 17 -1.0000  0.0000  0.0000  0.0000   1.0000  0.0000  0.0000  0.0000
         0.0000  0.0000  1.0000  0.0000   1.0000 -1.0000  0.0000  0.0000

         0.0000  0.0000 -1.0000  0.0000  -1.0000  1.0000  0.0000  0.0000
 nr. 18  1.0000  0.0000  0.0000  0.0000  -1.0000  0.0000  0.0000  0.0000
         0.0000 -1.0000  0.0000  0.0000  -1.0000  0.0000  1.0000  0.0000

         0.0000  0.0000 -1.0000  0.0000   0.0000  0.0000  1.0000  0.0000
 nr. 19  0.0000  1.0000  0.0000  0.0000  -1.0000  0.0000  1.0000  0.0000
         1.0000  0.0000  0.0000  0.0000   0.0000 -1.0000  1.0000  0.0000

        -1.0000  0.0000  0.0000  0.0000   0.0000 -1.0000  1.0000  0.0000
 nr. 20  0.0000  0.0000 -1.0000  0.0000   1.0000 -1.0000  0.0000  0.0000
         0.0000  1.0000  0.0000  0.0000   0.0000 -1.0000  0.0000  0.0000

         0.0000  0.0000 -1.0000  0.0000   0.0000  0.0000  1.0000  0.0000
 nr. 21  1.0000  0.0000  0.0000  0.0000   0.0000 -1.0000  1.0000  0.0000
         0.0000  1.0000  0.0000  0.0000  -1.0000  0.0000  1.0000  0.0000

         0.0000 -1.0000  0.0000  0.0000  -1.0000  0.0000  1.0000  0.0000
 nr. 22  1.0000  0.0000  0.0000  0.0000  -1.0000  0.0000  0.0000  0.0000
         0.0000  0.0000 -1.0000  0.0000  -1.0000  1.0000  0.0000  0.0000

         0.0000  0.0000  1.0000  0.0000   1.0000 -1.0000  0.0000  0.0000
 nr. 23 -1.0000  0.0000  0.0000  0.0000   1.0000  0.0000  0.0000  0.0000
         0.0000  1.0000  0.0000  0.0000   1.0000  0.0000 -1.0000  0.0000

         0.0000  0.0000  1.0000  0.0000   0.0000  0.0000 -1.0000  0.0000
 nr. 24  0.0000 -1.0000  0.0000  0.0000   1.0000  0.0000 -1.0000  0.0000
        -1.0000  0.0000  0.0000  0.0000   0.0000  1.0000 -1.0000  0.0000

         0.0000  0.0000  1.0000  0.0000   1.0000 -1.0000  0.0000  0.0000
 nr. 25  0.0000  1.0000  0.0000  0.0000   1.0000  0.0000 -1.0000  0.0000
        -1.0000  0.0000  0.0000  0.0000   1.0000  0.0000  0.0000  0.0000

         0.0000  1.0000  0.0000  0.0000   0.0000 -1.0000  0.0000  0.0000
 nr. 26  0.0000  0.0000 -1.0000  0.0000   1.0000 -1.0000  0.0000  0.0000
        -1.0000  0.0000  0.0000  0.0000   0.0000 -1.0000  1.0000  0.0000

         0.0000  0.0000 -1.0000  0.0000   1.0000 -1.0000  0.0000  0.0000
 nr. 27 -1.0000  0.0000  0.0000  0.0000   0.0000 -1.0000  1.0000  0.0000
         0.0000  1.0000  0.0000  0.0000   0.0000 -1.0000  0.0000  0.0000

         0.0000 -1.0000  0.0000  0.0000   0.0000  1.0000  0.0000  0.0000
 nr. 28  1.0000  0.0000  0.0000  0.0000   0.0000  1.0000 -1.0000  0.0000
         0.0000  0.0000  1.0000  0.0000  -1.0000  1.0000  0.0000  0.0000

         0.0000 -1.0000  0.0000  0.0000   1.0000  0.0000 -1.0000  0.0000
 nr. 29  0.0000  0.0000  1.0000  0.0000   0.0000  0.0000 -1.0000  0.0000
        -1.0000  0.0000  0.0000  0.0000   0.0000  1.0000 -1.0000  0.0000

         0.0000 -1.0000  0.0000  0.0000  -1.0000  0.0000  1.0000  0.0000
 nr. 30  0.0000  0.0000 -1.0000  0.0000  -1.0000  1.0000  0.0000  0.0000
         1.0000  0.0000  0.0000  0.0000  -1.0000  0.0000  0.0000  0.0000

         0.0000  0.0000 -1.0000  0.0000  -1.0000  1.0000  0.0000  0.0000
 nr. 31  0.0000 -1.0000  0.0000  0.0000  -1.0000  0.0000  1.0000  0.0000
         1.0000  0.0000  0.0000  0.0000  -1.0000  0.0000  0.0000  0.0000

         0.0000 -1.0000  0.0000  0.0000   0.0000  1.0000  0.0000  0.0000
 nr. 32  0.0000  0.0000  1.0000  0.0000  -1.0000  1.0000  0.0000  0.0000
         1.0000  0.0000  0.0000  0.0000   0.0000  1.0000 -1.0000  0.0000

         0.0000  0.0000  1.0000  0.0000  -1.0000  1.0000  0.0000  0.0000
 nr. 33  1.0000  0.0000  0.0000  0.0000   0.0000  1.0000 -1.0000  0.0000
         0.0000 -1.0000  0.0000  0.0000   0.0000  1.0000  0.0000  0.0000

         0.0000  1.0000  0.0000  0.0000   0.0000 -1.0000  0.0000  0.0000
 nr. 34 -1.0000  0.0000  0.0000  0.0000   0.0000 -1.0000  1.0000  0.0000
         0.0000  0.0000 -1.0000  0.0000   1.0000 -1.0000  0.0000  0.0000

         0.0000  1.0000  0.0000  0.0000  -1.0000  0.0000  1.0000  0.0000
 nr. 35  0.0000  0.0000 -1.0000  0.0000   0.0000  0.0000  1.0000  0.0000
         1.0000  0.0000  0.0000  0.0000   0.0000 -1.0000  1.0000  0.0000

         0.0000  1.0000  0.0000  0.0000   1.0000  0.0000 -1.0000  0.0000
 nr. 36  0.0000  0.0000  1.0000  0.0000   1.0000 -1.0000  0.0000  0.0000
        -1.0000  0.0000  0.0000  0.0000   1.0000  0.0000  0.0000  0.0000

         0.0000  0.0000 -1.0000  0.0000   0.0000  0.0000 -1.0000  0.0000
 nr. 37  0.0000 -1.0000  0.0000  0.0000   0.0000 -1.0000  0.0000  0.0000
        -1.0000  0.0000  0.0000  0.0000  -1.0000  0.0000  0.0000  0.0000

         0.0000 -1.0000  0.0000  0.0000   0.0000 -1.0000  0.0000  0.0000
 nr. 38 -1.0000  0.0000  0.0000  0.0000  -1.0000  0.0000  0.0000  0.0000
         0.0000  0.0000 -1.0000  0.0000   0.0000  0.0000 -1.0000  0.0000

        -1.0000  0.0000  0.0000  0.0000   1.0000  0.0000  0.0000  0.0000
 nr. 39  0.0000  0.0000  1.0000  0.0000   1.0000 -1.0000  0.0000  0.0000
         0.0000  1.0000  0.0000  0.0000   1.0000  0.0000 -1.0000  0.0000

        -1.0000  0.0000  0.0000  0.0000   0.0000 -1.0000  1.0000  0.0000
 nr. 40  0.0000  1.0000  0.0000  0.0000   0.0000 -1.0000  0.0000  0.0000
         0.0000  0.0000 -1.0000  0.0000   1.0000 -1.0000  0.0000  0.0000

        -1.0000  0.0000  0.0000  0.0000   0.0000  1.0000 -1.0000  0.0000
 nr. 41  0.0000 -1.0000  0.0000  0.0000   1.0000  0.0000 -1.0000  0.0000
         0.0000  0.0000  1.0000  0.0000   0.0000  0.0000 -1.0000  0.0000

         0.0000  0.0000  1.0000  0.0000   0.0000  0.0000  1.0000  0.0000
 nr. 42  0.0000  1.0000  0.0000  0.0000   0.0000  1.0000  0.0000  0.0000
         1.0000  0.0000  0.0000  0.0000   1.0000  0.0000  0.0000  0.0000

         0.0000  1.0000  0.0000  0.0000   0.0000  1.0000  0.0000  0.0000
 nr. 43  1.0000  0.0000  0.0000  0.0000   1.0000  0.0000  0.0000  0.0000
         0.0000  0.0000  1.0000  0.0000   0.0000  0.0000  1.0000  0.0000

         1.0000  0.0000  0.0000  0.0000  -1.0000  0.0000  0.0000  0.0000
 nr. 44  0.0000  0.0000 -1.0000  0.0000  -1.0000  1.0000  0.0000  0.0000
         0.0000 -1.0000  0.0000  0.0000  -1.0000  0.0000  1.0000  0.0000

         1.0000  0.0000  0.0000  0.0000   0.0000  1.0000 -1.0000  0.0000
 nr. 45  0.0000 -1.0000  0.0000  0.0000   0.0000  1.0000  0.0000  0.0000
         0.0000  0.0000  1.0000  0.0000  -1.0000  1.0000  0.0000  0.0000

         1.0000  0.0000  0.0000  0.0000   0.0000 -1.0000  1.0000  0.0000
 nr. 46  0.0000  1.0000  0.0000  0.0000  -1.0000  0.0000  1.0000  0.0000
         0.0000  0.0000 -1.0000  0.0000   0.0000  0.0000  1.0000  0.0000

        -1.0000  0.0000  0.0000  0.0000  -1.0000  0.0000  0.0000  0.0000
 nr. 47  0.0000  0.0000 -1.0000  0.0000   0.0000  0.0000 -1.0000  0.0000
         0.0000 -1.0000  0.0000  0.0000   0.0000 -1.0000  0.0000  0.0000

         1.0000  0.0000  0.0000  0.0000   1.0000  0.0000  0.0000  0.0000
 nr. 48  0.0000  0.0000  1.0000  0.0000   0.0000  0.0000  1.0000  0.0000
         0.0000  1.0000  0.0000  0.0000   0.0000  1.0000  0.0000  0.0000
 ***********************************************************************
  
           ===================================================
           ===       MPI PARALLELIZATION INFORMATION       ===
           ===================================================
           === TOTAL NUMBER OF K-POINTS          :     104 ===
           === K-POINT DIVISOR                   :       8 ===
           === TOTAL NUMBER OF BANDS             :      16 ===
           === BAND DIVISOR                      :       2 ===
           === TOTAL NUMBER OF G-VECTORS         :     307 ===
           === G-VECTOR DIVISOR                  :       1 ===
           ===================================================

 ***********************************************************************
                               ALLOCATION 
 ***********************************************************************
  NCPU  KNGP_FFT      KNGP       KNG     KNG1      KEG     KATM    KATM2
     0      1061       685       151      154        8        0        0
     1      1041       685       151      153        8        0        0
     2       965       685       151      154        8        0        0
     3       877       685       151      153        8        0        0
     4       745       685       151      154        8        0        0
     5       569       685       151      153        8        0        0
     6       369       685       151      154        8        0        0
     7       125       686       151      153        8        0        0
     8        30       686       151      154        8        0        0
     9       251       686       151      153        8        0        0
    10       471       686       151      154        8        0        0
    11       665       686       152      153        8        0        0
    12       817       686       152      154        8        0        0
    13       929       686       152      153        8        0        0
    14      1001       686       152      154        8        0        0
    15      1053       686       152      153        8        1        1
 -----------------------------------------------------------------------
  NCPU    KFFTPM     KFFTP    KFFTP2     KFFT    KMESH     KNMP     KNNP
     0      4224      4224      2112     1050       93        2        2
     1      4224      4224      2112     1050       93        2        2
     2      4224      4224      2112     1050       93        2        2
     3      4224      4224      2112     1050       94        2        2
     4      4224      4224      2112     1050       94        2        2
     5      4224      4224      2112     1050       94        2        2
     6      4224      4224      2112     1050       94        2        2
     7      4224      4224      2112     1050       94        2        2
     8      4224      4224      2112     1050       94        2        2
     9      4224      4224      2112     1050       94        2        2
    10      4224      4224      2112     1050       94        2        2
    11      4224      4224      2112     1050       94        2        2
    12      4224      4224      2112     1050       94        2        2
    13      4224      4224      2112     1050       94        2        2
    14      4224      4224      2112     1050       94        2        2
    15      4224      4224      2112     1050       94        2        2
 ***********************************************************************
                            END OF ALLOCATION 
 ***********************************************************************

 ********   <<  Reading Potential >>  ******** 
 F_POT(01) = pot.Cu_pbe1
 29.0000 11.0000  6      1          : NATOMN IVAL ILOC ITPCC
 ggapbe                             : XCTYPE
  7.5900  3.0200  2.6959 -1.6959    : ALP CC
 1501    96.0000 60.0000            : NMESH XH RMAX
 VALL is read from unit 37
    1   2   1                       : IL ITAU(IL1) IVAN(IL1)
    2   2   1                       : IL ITAU(IL1) IVAN(IL1)
    3   2   1                       : IL ITAU(IL1) IVAN(IL1)
    1   1   1   1   1   1  1135   8 : MM L1 T1 L2 T2 L3 NRC MORD
    2   1   1   1   2   1  1135   8 : MM L1 T1 L2 T2 L3 NRC MORD
    3   1   1   2   1   2  1135   8 : MM L1 T1 L2 T2 L3 NRC MORD
    4   1   1   2   2   2  1135   8 : MM L1 T1 L2 T2 L3 NRC MORD
    5   1   1   3   1   3  1135   8 : MM L1 T1 L2 T2 L3 NRC MORD
    6   1   1   3   2   3  1135   8 : MM L1 T1 L2 T2 L3 NRC MORD
    7   1   2   1   2   1  1135   8 : MM L1 T1 L2 T2 L3 NRC MORD
    8   1   2   2   1   2  1135   8 : MM L1 T1 L2 T2 L3 NRC MORD
    9   1   2   2   2   2  1135   8 : MM L1 T1 L2 T2 L3 NRC MORD
   10   1   2   3   1   3  1135   8 : MM L1 T1 L2 T2 L3 NRC MORD
   11   1   2   3   2   3  1135   8 : MM L1 T1 L2 T2 L3 NRC MORD
   12   2   1   2   1   1  1135   8 : MM L1 T1 L2 T2 L3 NRC MORD
   13   2   1   2   1   3  1135   8 : MM L1 T1 L2 T2 L3 NRC MORD
   14   2   1   2   2   1  1135   8 : MM L1 T1 L2 T2 L3 NRC MORD
   15   2   1   2   2   3  1135   8 : MM L1 T1 L2 T2 L3 NRC MORD
   16   2   1   3   1   2  1135   8 : MM L1 T1 L2 T2 L3 NRC MORD
   17   2   1   3   1   4  1135   8 : MM L1 T1 L2 T2 L3 NRC MORD
   18   2   1   3   2   2  1135   8 : MM L1 T1 L2 T2 L3 NRC MORD
   19   2   1   3   2   4  1135   8 : MM L1 T1 L2 T2 L3 NRC MORD
   20   2   2   2   2   1  1135   8 : MM L1 T1 L2 T2 L3 NRC MORD
   21   2   2   2   2   3  1135   8 : MM L1 T1 L2 T2 L3 NRC MORD
   22   2   2   3   1   2  1135   8 : MM L1 T1 L2 T2 L3 NRC MORD
   23   2   2   3   1   4  1135   8 : MM L1 T1 L2 T2 L3 NRC MORD
   24   2   2   3   2   2  1135   8 : MM L1 T1 L2 T2 L3 NRC MORD
   25   2   2   3   2   4  1135   8 : MM L1 T1 L2 T2 L3 NRC MORD
   26   3   1   3   1   1  1135   8 : MM L1 T1 L2 T2 L3 NRC MORD
   27   3   1   3   1   3  1127   8 : MM L1 T1 L2 T2 L3 NRC MORD
   28   3   1   3   1   5  1135   8 : MM L1 T1 L2 T2 L3 NRC MORD
   29   3   1   3   2   1  1135   8 : MM L1 T1 L2 T2 L3 NRC MORD
   30   3   1   3   2   3  1135   8 : MM L1 T1 L2 T2 L3 NRC MORD
   31   3   1   3   2   5  1135   8 : MM L1 T1 L2 T2 L3 NRC MORD
   32   3   2   3   2   1  1135   8 : MM L1 T1 L2 T2 L3 NRC MORD
   33   3   2   3   2   3  1135   8 : MM L1 T1 L2 T2 L3 NRC MORD
   34   3   2   3   2   5  1135   8 : MM L1 T1 L2 T2 L3 NRC MORD
 CHGPC  =   8.48851088
 TOTAL ENERGY CORRECTION FROM PS     =     0.4923571502D+00
 TOTAL PARTIAL CHARGE         SCHGPC =         8.4885108817
 TOTAL LOCALIZED CHARGE (QLCTOT)     =         0.0000000000
 KQITG =    34
 NUMBER OF BANDS SHOULD BE GREATER THAN 6
 KLMT  =    18
 KLMTT =    18
 KLMTA =    18
 TOTCH =      11.000000000000
 NX NY NZ  =   4   4   4
 NNEIB     =     729
 ALF       =    2.647574
 NEWLDG    =     137

 ***********************************************************************
 *                                                                     *
 *                              START SCF                              *
 *                                                                     *
 ***********************************************************************

  NSCF NADR            ETOTAL          EDEL          CDEL CONV      TCPU
     1    0      -59.03002772   0.59030E+02   0.14666E-01    0      0.29
     2    0      -59.52194478   0.49192E+00   0.52743E-01    0      0.15
     3    1      -59.76304195   0.24110E+00   0.87059E-02    0      0.15
     4    2      -59.76556467   0.25227E-02   0.34155E-02    1      0.15
     5    3      -59.76547455   0.90117E-04   0.10497E-02    1      0.15
     6    4      -59.76551272   0.38168E-04   0.81567E-03    2      0.18
     7    5      -59.76557027   0.57548E-04   0.15623E-04    3      0.15
     8    6      -59.76557028   0.15728E-07   0.47923E-05    3      0.15
     9    7      -59.76557028   0.14552E-10   0.41112E-05    4      0.15
    10    8      -59.76557028   0.13795E-08   0.91811E-06    4      0.15
    11    9      -59.76557028   0.59437E-10   0.10122E-06    5      0.16
    12   10      -59.76557028   0.14154E-10   0.84442E-08    6      0.18
 
                                   TOTAL CHARGE DENSITY =     10.9999997

                     TOTAL ENERGY AND ITS COMPONENTS 
                  TOTAL ENERGY     =         -59.76557028 A.U.
                KINETIC ENERGY     =           6.33449436 A.U.
                HARTREE ENERGY     =          16.07767823 A.U.
                     XC ENERGY     =         -19.86549015 A.U.
                  LOCAL ENERGY     =         -17.32661955 A.U.
               NONLOCAL ENERGY     =          -4.65996219 A.U.
                  EWALD ENERGY     =         -40.32567026 A.U.
                     PC ENERGY     =           0.00000000 A.U.
               ENTROPIC ENERGY     =          -0.00000071 A.U.

                                         FERMI ENERGY =      -0.04613169
 NKP=    1  NGP=       307  K=(  0.00000  0.00000  0.00000)  WKP= 0.0004
                              EIGEN VALUE 
 -0.38328 -0.15464 -0.15464 -0.15464 -0.12555 -0.12555  0.81226  0.88455
  0.88455  0.88455  0.96421  0.96421  0.96421  1.10341  1.29725  1.29725
                               OCCUPATION 
  1.00000  1.00000  1.00000  1.00000  1.00000  1.00000  0.00000  0.00000
  0.00000  0.00000  0.00000  0.00000  0.00000  0.00000  0.00000  0.00000
 NKP=    2  NGP=       298  K=( -0.06525  0.06525  0.06525)  WKP= 0.0029
                              EIGEN VALUE 
 -0.37654 -0.15601 -0.15339 -0.15339 -0.12601 -0.12601  0.74849  0.83517
  0.86025  0.86025  0.99939  0.99939  1.03617  1.14438  1.22117  1.22117
                               OCCUPATION 
  1.00000  1.00000  1.00000  1.00000  1.00000  1.00000  0.00000  0.00000
  0.00000  0.00000  0.00000  0.00000  0.00000  0.00000  0.00000  0.00000
 NKP=    3  NGP=       304  K=( -0.13049  0.13049  0.13049)  WKP= 0.0029
                              EIGEN VALUE 
 -0.35671 -0.15945 -0.15055 -0.15055 -0.12659 -0.12659  0.61019  0.82274
  0.82536  0.82536  1.04928  1.06184  1.06184  1.13502  1.13502  1.26599
                               OCCUPATION 
  1.00000  1.00000  1.00000  1.00000  1.00000  1.00000  0.00000  0.00000
  0.00000  0.00000  0.00000  0.00000  0.00000  0.00000  0.00000  0.00000
 NKP=    4  NGP=       299  K=( -0.19574  0.19574  0.19574)  WKP= 0.0029
                              EIGEN VALUE 
 -0.32525 -0.16291 -0.14881 -0.14881 -0.12481 -0.12481  0.47350  0.79745
  0.79745  0.80722  1.03656  1.03656  1.04783  1.16255  1.16255  1.34568
                               OCCUPATION 
  1.00000  1.00000  1.00000  1.00000  1.00000  1.00000  0.00000  0.00000
  0.00000  0.00000  0.00000  0.00000  0.00000  0.00000  0.00000  0.00000
 NKP=    5  NGP=       302  K=( -0.26098  0.26098  0.26098)  WKP= 0.0029
                              EIGEN VALUE 
 -0.28621 -0.16190 -0.15007 -0.15007 -0.11932 -0.11932  0.34593  0.77841
  0.77841  0.78712  0.96986  0.96986  1.04936  1.25730  1.25730  1.41598
                               OCCUPATION 
  1.00000  1.00000  1.00000  1.00000  1.00000  1.00000  0.00000  0.00000
  0.00000  0.00000  0.00000  0.00000  0.00000  0.00000  0.00000  0.00000
 NKP=    6  NGP=       293  K=( -0.32623  0.32623  0.32623)  WKP= 0.0029
                              EIGEN VALUE 
 -0.25050 -0.15277 -0.15277 -0.14639 -0.11246 -0.11246  0.23082  0.76764
  0.76790  0.76790  0.91623  0.91623  1.05303  1.36590  1.36590  1.49866
                               OCCUPATION 
  1.00000  1.00000  1.00000  1.00000  1.00000  1.00000  0.00000  0.00000
  0.00000  0.00000  0.00000  0.00000  0.00000  0.00000  0.00000  0.00000
 NKP=    7  NGP=       290  K=( -0.39147  0.39147  0.39147)  WKP= 0.0029
                              EIGEN VALUE 
 -0.23218 -0.15505 -0.15505 -0.10812 -0.10710 -0.10710  0.13537  0.75389
  0.76419  0.76419  0.88057  0.88057  1.05621  1.48444  1.48444  1.58692
                               OCCUPATION 
  1.00000  1.00000  1.00000  1.00000  1.00000  1.00000  0.00000  0.00000
  0.00000  0.00000  0.00000  0.00000  0.00000  0.00000  0.00000  0.00000
 NKP=    8  NGP=       302  K=( -0.45672  0.45672  0.45672)  WKP= 0.0015
                              EIGEN VALUE 
 -0.22792 -0.15592 -0.15592 -0.10512 -0.10512 -0.07927  0.08922  0.74897
  0.76377  0.76377  0.86771  0.86771  1.05741  1.57951  1.57951  1.63757
                               OCCUPATION 
  1.00000  1.00000  1.00000  1.00000  1.00000  1.00000  0.00000  0.00000
  0.00000  0.00000  0.00000  0.00000  0.00000  0.00000  0.00000  0.00000
 NKP=    9  NGP=       299  K=(  0.00000  0.00000  0.13049)  WKP= 0.0022
                              EIGEN VALUE 
 -0.37430 -0.15721 -0.15254 -0.15254 -0.12787 -0.12459  0.77504  0.80577
  0.80577  0.85037  1.02102  1.05161  1.05161  1.09259  1.19840  1.31101
                               OCCUPATION 
  1.00000  1.00000  1.00000  1.00000  1.00000  1.00000  0.00000  0.00000
  0.00000  0.00000  0.00000  0.00000  0.00000  0.00000  0.00000  0.00000
 NKP=   10  NGP=       303  K=( -0.06525  0.06525  0.19574)  WKP= 0.0087
                              EIGEN VALUE 
 -0.35885 -0.16048 -0.14984 -0.14972 -0.13009 -0.12378  0.66108  0.76053
  0.78133  0.87822  0.99180  1.04653  1.11357  1.13207  1.24688  1.25315
                               OCCUPATION 
  1.00000  1.00000  1.00000  1.00000  1.00000  1.00000  0.00000  0.00000
  0.00000  0.00000  0.00000  0.00000  0.00000  0.00000  0.00000  0.00000
 NKP=   11  NGP=       303  K=( -0.13049  0.13049  0.26098)  WKP= 0.0087
                              EIGEN VALUE 
 -0.33122 -0.16442 -0.14789 -0.14722 -0.12975 -0.12183  0.52287  0.72633
  0.76109  0.91367  0.92934  1.04345  1.13142  1.14605  1.22519  1.34962
                               OCCUPATION 
  1.00000  1.00000  1.00000  1.00000  1.00000  1.00000  0.00000  0.00000
  0.00000  0.00000  0.00000  0.00000  0.00000  0.00000  0.00000  0.00000
 NKP=   12  NGP=       298  K=( -0.19574  0.19574  0.32623)  WKP= 0.0087
                              EIGEN VALUE 
 -0.29433 -0.16622 -0.14980 -0.14732 -0.12322 -0.11713  0.39197  0.70384
  0.74353  0.84207  0.95266  1.06012  1.06981  1.17160  1.30606  1.42482
                               OCCUPATION 
  1.00000  1.00000  1.00000  1.00000  1.00000  1.00000  0.00000  0.00000
  0.00000  0.00000  0.00000  0.00000  0.00000  0.00000  0.00000  0.00000
 NKP=   13  NGP=       296  K=( -0.26098  0.26098  0.39147)  WKP= 0.0087
                              EIGEN VALUE 
 -0.25626 -0.15967 -0.15344 -0.14955 -0.11148 -0.11107  0.27208  0.69369
  0.72874  0.78238  0.94913  1.01039  1.08112  1.23786  1.40863  1.51012
                               OCCUPATION 
  1.00000  1.00000  1.00000  1.00000  1.00000  1.00000  0.00000  0.00000
  0.00000  0.00000  0.00000  0.00000  0.00000  0.00000  0.00000  0.00000
 NKP=   14  NGP=       294  K=( -0.32623  0.32623  0.45672)  WKP= 0.0087
                              EIGEN VALUE 
 -0.23221 -0.15675 -0.15210 -0.13910 -0.10637 -0.09105  0.16791  0.69672
  0.70847  0.74678  0.94265  0.96222  1.09196  1.33869  1.52160  1.59867
                               OCCUPATION 
  1.00000  1.00000  1.00000  1.00000  1.00000  1.00000  0.00000  0.00000
  0.00000  0.00000  0.00000  0.00000  0.00000  0.00000  0.00000  0.00000
 NKP=   15  NGP=       294  K=( -0.39147  0.39147  0.52197)  WKP= 0.0087
                              EIGEN VALUE 
 -0.22473 -0.15814 -0.15368 -0.12430 -0.10499 -0.05910  0.09720  0.67818
  0.71367  0.74259  0.92643  0.94260  1.09833  1.45880  1.57957  1.61906
                               OCCUPATION 
  1.00000  1.00000  1.00000  1.00000  1.00000  1.00000  0.00000  0.00000
  0.00000  0.00000  0.00000  0.00000  0.00000  0.00000  0.00000  0.00000
 NKP=   16  NGP=       293  K=( -0.45672  0.45672  0.58721)  WKP= 0.0087
                              EIGEN VALUE 
 -0.22596 -0.15752 -0.15365 -0.12586 -0.10760 -0.06792  0.11438  0.65491
  0.74469  0.75467  0.90326  0.95010  1.10424  1.46002  1.52074  1.58354
                               OCCUPATION 
  1.00000  1.00000  1.00000  1.00000  1.00000  1.00000  0.00000  0.00000
  0.00000  0.00000  0.00000  0.00000  0.00000  0.00000  0.00000  0.00000
 NKP=   17  NGP=       293  K=( -0.52197  0.52197  0.65246)  WKP= 0.0087
                              EIGEN VALUE 
 -0.23791 -0.15515 -0.15194 -0.14537 -0.11370 -0.09513  0.20045  0.64363
  0.77836  0.78852  0.89341  0.96202  1.11319  1.33582  1.41302  1.59959
                               OCCUPATION 
  1.00000  1.00000  1.00000  1.00000  1.00000  1.00000  0.00000  0.00000
  0.00000  0.00000  0.00000  0.00000  0.00000  0.00000  0.00000  0.00000
 NKP=   18  NGP=       295  K=( -0.58721  0.58721  0.71770)  WKP= 0.0087
                              EIGEN VALUE 
 -0.26812 -0.16256 -0.15184 -0.14912 -0.12161 -0.10832  0.31073  0.64459
  0.81121  0.83911  0.90164  0.97198  1.12983  1.22166  1.32062  1.50879
                               OCCUPATION 
  1.00000  1.00000  1.00000  1.00000  1.00000  1.00000  0.00000  0.00000
  0.00000  0.00000  0.00000  0.00000  0.00000  0.00000  0.00000  0.00000
 NKP=   19  NGP=       303  K=( -0.65246  0.65246  0.78295)  WKP= 0.0087
                              EIGEN VALUE 
 -0.30730 -0.16552 -0.14914 -0.14688 -0.12847 -0.11702  0.43463  0.65717
  0.84717  0.87648  0.94598  0.97532  1.11936  1.15636  1.25093  1.42021
                               OCCUPATION 
  1.00000  1.00000  1.00000  1.00000  1.00000  1.00000  0.00000  0.00000
  0.00000  0.00000  0.00000  0.00000  0.00000  0.00000  0.00000  0.00000
 NKP=   20  NGP=       302  K=( -0.71770  0.71770  0.84819)  WKP= 0.0087
                              EIGEN VALUE 
 -0.34167 -0.16249 -0.14884 -0.14815 -0.13043 -0.12249  0.56829  0.68098
  0.87041  0.90102  0.98098  1.01537  1.03888  1.17744  1.21059  1.33889
                               OCCUPATION 
  1.00000  1.00000  1.00000  1.00000  1.00000  1.00000  0.00000  0.00000
  0.00000  0.00000  0.00000  0.00000  0.00000  0.00000  0.00000  0.00000
 NKP=   21  NGP=       307  K=( -0.78295  0.78295  0.91344)  WKP= 0.0044
                              EIGEN VALUE 
 -0.36544 -0.15850 -0.15157 -0.15110 -0.12839 -0.12477  0.69664  0.72724
  0.86472  0.90871  0.97519  1.00219  1.11812  1.14352  1.16878  1.26667
                               OCCUPATION 
  1.00000  1.00000  1.00000  1.00000  1.00000  1.00000  0.00000  0.00000
  0.00000  0.00000  0.00000  0.00000  0.00000  0.00000  0.00000  0.00000
 NKP=   22  NGP=       303  K=(  0.00000  0.00000  0.26098)  WKP= 0.0022
                              EIGEN VALUE 
 -0.34799 -0.16435 -0.14639 -0.14639 -0.13396 -0.12192  0.70735  0.70735
  0.71843  0.78598  0.93265  1.13572  1.17379  1.17379  1.27693  1.35460
                               OCCUPATION 
  1.00000  1.00000  1.00000  1.00000  1.00000  1.00000  0.00000  0.00000
  0.00000  0.00000  0.00000  0.00000  0.00000  0.00000  0.00000  0.00000
 NKP=   23  NGP=       299  K=( -0.06525  0.06525  0.32623)  WKP= 0.0087
                              EIGEN VALUE 
 -0.32488 -0.16900 -0.14459 -0.14263 -0.13416 -0.11975  0.58075  0.66642
  0.72153  0.79396  0.87001  1.13818  1.21947  1.23268  1.31437  1.37212
                               OCCUPATION 
  1.00000  1.00000  1.00000  1.00000  1.00000  1.00000  0.00000  0.00000
  0.00000  0.00000  0.00000  0.00000  0.00000  0.00000  0.00000  0.00000
 NKP=   24  NGP=       298  K=( -0.13049  0.13049  0.39147)  WKP= 0.0087
                              EIGEN VALUE 
 -0.29176 -0.17280 -0.14931 -0.14122 -0.12434 -0.11554  0.44815  0.63842
  0.69952  0.75528  0.92021  1.11306  1.17886  1.24268  1.36713  1.46209
                               OCCUPATION 
  1.00000  1.00000  1.00000  1.00000  1.00000  1.00000  0.00000  0.00000
  0.00000  0.00000  0.00000  0.00000  0.00000  0.00000  0.00000  0.00000
 NKP=   25  NGP=       298  K=( -0.19574  0.19574  0.45672)  WKP= 0.0087
                              EIGEN VALUE 
 -0.25460 -0.17272 -0.15481 -0.14260 -0.10992 -0.10717  0.32433  0.62421
  0.65969  0.72008  1.01345  1.08721  1.11859  1.24393  1.46285  1.55255
                               OCCUPATION 
  1.00000  1.00000  1.00000  1.00000  1.00000  1.00000  0.00000  0.00000
  0.00000  0.00000  0.00000  0.00000  0.00000  0.00000  0.00000  0.00000
 NKP=   26  NGP=       295  K=( -0.26098  0.26098  0.52197)  WKP= 0.0087
                              EIGEN VALUE 
 -0.22676 -0.16637 -0.15618 -0.14511 -0.10559 -0.07840  0.21306  0.60998
  0.62471  0.71037  1.06400  1.06654  1.11512  1.25542  1.57108  1.64010
                               OCCUPATION 
  1.00000  1.00000  1.00000  1.00000  1.00000  1.00000  0.00000  0.00000
  0.00000  0.00000  0.00000  0.00000  0.00000  0.00000  0.00000  0.00000
 NKP=   27  NGP=       293  K=( -0.32623  0.32623  0.58721)  WKP= 0.0087
                              EIGEN VALUE 
 -0.21611 -0.16508 -0.14726 -0.14642 -0.10459 -0.03449  0.12312  0.56734
  0.64062  0.71373  1.02564  1.04728  1.19014  1.30928  1.58249  1.62901
                               OCCUPATION 
  1.00000  1.00000  1.00000  1.00000  1.00000 -0.00000  0.00000  0.00000
  0.00000  0.00000  0.00000  0.00000  0.00000  0.00000  0.00000  0.00000
 NKP=   28  NGP=       290  K=( -0.39147  0.39147  0.65246)  WKP= 0.0087
                              EIGEN VALUE 
 -0.21473 -0.16434 -0.14815 -0.14301 -0.10770 -0.02055  0.10406  0.53629
  0.67205  0.72839  0.99634  1.03389  1.22135  1.42032  1.44852  1.52453
                               OCCUPATION 
  1.00000  1.00000  1.00000  1.00000  1.00000  0.00000  0.00000  0.00000
  0.00000  0.00000  0.00000  0.00000  0.00000  0.00000  0.00000  0.00000
 NKP=   29  NGP=       299  K=( -0.45672  0.45672  0.71770)  WKP= 0.0087
                              EIGEN VALUE 
 -0.22079 -0.16138 -0.15285 -0.14737 -0.11440 -0.05994  0.18048  0.51817
  0.71837  0.75501  0.97860  1.02024  1.23972  1.31900  1.41217  1.56917
                               OCCUPATION 
  1.00000  1.00000  1.00000  1.00000  1.00000  1.00000  0.00000  0.00000
  0.00000  0.00000  0.00000  0.00000  0.00000  0.00000  0.00000  0.00000
 NKP=   30  NGP=       300  K=( -0.52197  0.52197  0.78295)  WKP= 0.0087
                              EIGEN VALUE 
 -0.24261 -0.16641 -0.15680 -0.14498 -0.12325 -0.08821  0.28639  0.51323
  0.77839  0.79420  0.97224  1.00004  1.19959  1.24318  1.35138  1.66384
                               OCCUPATION 
  1.00000  1.00000  1.00000  1.00000  1.00000  1.00000  0.00000  0.00000
  0.00000  0.00000  0.00000  0.00000  0.00000  0.00000  0.00000  0.00000
 NKP=   31  NGP=       301  K=( -0.58721  0.58721  0.84819)  WKP= 0.0087
                              EIGEN VALUE 
 -0.27899 -0.16980 -0.15206 -0.14180 -0.13201 -0.10448  0.40627  0.52135
  0.84590  0.85065  0.96688  0.97678  1.09138  1.21806  1.34798  1.56368
                               OCCUPATION 
  1.00000  1.00000  1.00000  1.00000  1.00000  1.00000  0.00000  0.00000
  0.00000  0.00000  0.00000  0.00000  0.00000  0.00000  0.00000  0.00000
 NKP=   32  NGP=       297  K=( -0.65246  0.65246  0.91344)  WKP= 0.0044
                              EIGEN VALUE 
 -0.31477 -0.16690 -0.14892 -0.14314 -0.13430 -0.11549  0.52651  0.55192
  0.90786  0.92219  0.93324  0.97820  1.00925  1.19448  1.33691  1.43305
                               OCCUPATION 
  1.00000  1.00000  1.00000  1.00000  1.00000  1.00000  0.00000  0.00000
  0.00000  0.00000  0.00000  0.00000  0.00000  0.00000  0.00000  0.00000
 NKP=   33  NGP=       303  K=(  0.00000  0.00000  0.39147)  WKP= 0.0022
                              EIGEN VALUE 
 -0.30687 -0.17450 -0.14055 -0.13676 -0.13676 -0.11801  0.61877  0.61877
  0.67110  0.69701  0.79248  1.27790  1.29296  1.29296  1.38859  1.41800
                               OCCUPATION 
  1.00000  1.00000  1.00000  1.00000  1.00000  1.00000  0.00000  0.00000
  0.00000  0.00000  0.00000  0.00000  0.00000  0.00000  0.00000  0.00000
 NKP=   34  NGP=       302  K=( -0.06525  0.06525  0.45672)  WKP= 0.0087
                              EIGEN VALUE 
 -0.27927 -0.17951 -0.14588 -0.13287 -0.12551 -0.11469  0.51067  0.58451
  0.63351  0.68756  0.79580  1.26762  1.29441  1.34894  1.43439  1.50735
                               OCCUPATION 
  1.00000  1.00000  1.00000  1.00000  1.00000  1.00000  0.00000  0.00000
  0.00000  0.00000  0.00000  0.00000  0.00000  0.00000  0.00000  0.00000
 NKP=   35  NGP=       298  K=( -0.13049  0.13049  0.52197)  WKP= 0.0087
                              EIGEN VALUE 
 -0.24706 -0.18243 -0.15187 -0.13288 -0.10932 -0.10496  0.38648  0.56485
  0.56833  0.68409  0.87609  1.23240  1.23696  1.36023  1.52392  1.60529
                               OCCUPATION 
  1.00000  1.00000  1.00000  1.00000  1.00000  1.00000  0.00000  0.00000
  0.00000  0.00000  0.00000  0.00000  0.00000  0.00000  0.00000  0.00000
 NKP=   36  NGP=       298  K=( -0.19574  0.19574  0.58721)  WKP= 0.0087
                              EIGEN VALUE 
 -0.22009 -0.18139 -0.15594 -0.13504 -0.10494 -0.07013  0.27076  0.50979
  0.56094  0.68118  0.98137  1.18209  1.19998  1.36435  1.63098  1.69562
                               OCCUPATION 
  1.00000  1.00000  1.00000  1.00000  1.00000  1.00000  0.00000  0.00000
  0.00000  0.00000  0.00000  0.00000  0.00000  0.00000  0.00000  0.00000
 NKP=   37  NGP=       296  K=( -0.26098  0.26098  0.65246)  WKP= 0.0087
                              EIGEN VALUE 
 -0.20660 -0.17774 -0.15556 -0.13756 -0.10401 -0.01724  0.16898  0.46166
  0.57345  0.68525  1.09302  1.13741  1.18008  1.37095  1.59217  1.64642
                               OCCUPATION 
  1.00000  1.00000  1.00000  1.00000  1.00000  0.00000  0.00000  0.00000
  0.00000  0.00000  0.00000  0.00000  0.00000  0.00000  0.00000  0.00000
 NKP=   38  NGP=       294  K=( -0.32623  0.32623  0.71770)  WKP= 0.0087
                              EIGEN VALUE 
 -0.20211 -0.17505 -0.15432 -0.13939 -0.10728  0.03013  0.10723  0.42546
  0.60221  0.69814  1.10415  1.12734  1.25211  1.37878  1.45025  1.53258
                               OCCUPATION 
  1.00000  1.00000  1.00000  1.00000  1.00000  0.00000  0.00000  0.00000
  0.00000  0.00000  0.00000  0.00000  0.00000  0.00000  0.00000  0.00000
 NKP=   39  NGP=       295  K=( -0.39147  0.39147  0.78295)  WKP= 0.0087
                              EIGEN VALUE 
 -0.20306 -0.17099 -0.15986 -0.13997 -0.11415 -0.01179  0.16975  0.40221
  0.64615  0.72123  1.08259  1.10436  1.31655  1.35666  1.38806  1.47136
                               OCCUPATION 
  1.00000  1.00000  1.00000  1.00000  1.00000  0.00000  0.00000  0.00000
  0.00000  0.00000  0.00000  0.00000  0.00000  0.00000  0.00000  0.00000
 NKP=   40  NGP=       295  K=( -0.45672  0.45672  0.84819)  WKP= 0.0087
                              EIGEN VALUE 
 -0.21524 -0.16994 -0.16460 -0.13914 -0.12304 -0.05739  0.27156  0.39295
  0.70360  0.75537  1.06797  1.07276  1.19312  1.29557  1.45921  1.56047
                               OCCUPATION 
  1.00000  1.00000  1.00000  1.00000  1.00000  1.00000  0.00000  0.00000
  0.00000  0.00000  0.00000  0.00000  0.00000  0.00000  0.00000  0.00000
 NKP=   41  NGP=       297  K=( -0.52197  0.52197  0.91344)  WKP= 0.0044
                              EIGEN VALUE 
 -0.24470 -0.17269 -0.15775 -0.13772 -0.13145 -0.08601  0.37560  0.40877
  0.77264  0.79981  1.01685  1.06938  1.08574  1.24836  1.46113  1.55532
                               OCCUPATION 
  1.00000  1.00000  1.00000  1.00000  1.00000  1.00000  0.00000  0.00000
  0.00000  0.00000  0.00000  0.00000  0.00000  0.00000  0.00000  0.00000
 NKP=   42  NGP=       302  K=(  0.00000  0.00000  0.52197)  WKP= 0.0022
                              EIGEN VALUE 
 -0.25944 -0.18553 -0.13815 -0.12485 -0.12485 -0.11365  0.54377  0.54377
  0.55290  0.63599  0.73223  1.39886  1.39886  1.44217  1.45597  1.49642
                               OCCUPATION 
  1.00000  1.00000  1.00000  1.00000  1.00000  1.00000  0.00000  0.00000
  0.00000  0.00000  0.00000  0.00000  0.00000  0.00000  0.00000  0.00000
 NKP=   43  NGP=       305  K=( -0.06525  0.06525  0.58721)  WKP= 0.0087
                              EIGEN VALUE 
 -0.23724 -0.18983 -0.13755 -0.12200 -0.10943 -0.10582  0.45244  0.48208
  0.51795  0.65092  0.75611  1.36511  1.37984  1.49932  1.55402  1.62028
                               OCCUPATION 
  1.00000  1.00000  1.00000  1.00000  1.00000  1.00000  0.00000  0.00000
  0.00000  0.00000  0.00000  0.00000  0.00000  0.00000  0.00000  0.00000
 NKP=   44  NGP=       303  K=( -0.13049  0.13049  0.65246)  WKP= 0.0087
                              EIGEN VALUE 
 -0.21856 -0.19128 -0.14211 -0.12349 -0.10461 -0.06522  0.33901  0.41890
  0.50860  0.65709  0.84408  1.30743  1.33608  1.51794  1.68011  1.73986
                               OCCUPATION 
  1.00000  1.00000  1.00000  1.00000  1.00000  1.00000  0.00000  0.00000
  0.00000  0.00000  0.00000  0.00000  0.00000  0.00000  0.00000  0.00000
 NKP=   45  NGP=       298  K=( -0.19574  0.19574  0.71770)  WKP= 0.0087
                              EIGEN VALUE 
 -0.20588 -0.18958 -0.14730 -0.12612 -0.10329 -0.00636  0.23233  0.36733
  0.51662  0.66187  0.95759  1.25847  1.29496  1.52970  1.61090  1.67035
                               OCCUPATION 
  1.00000  1.00000  1.00000  1.00000  1.00000  0.00000  0.00000  0.00000
  0.00000  0.00000  0.00000  0.00000  0.00000  0.00000  0.00000  0.00000
 NKP=   46  NGP=       290  K=( -0.26098  0.26098  0.78295)  WKP= 0.0087
                              EIGEN VALUE 
 -0.19731 -0.18620 -0.15305 -0.12885 -0.10627  0.06461  0.14124  0.32808
  0.54178  0.67253  1.08485  1.22007  1.25630  1.46658  1.51104  1.58063
                               OCCUPATION 
  1.00000  1.00000  1.00000  1.00000  1.00000  0.00000  0.00000  0.00000
  0.00000  0.00000  0.00000  0.00000  0.00000  0.00000  0.00000  0.00000
 NKP=   47  NGP=       291  K=( -0.32623  0.32623  0.84819)  WKP= 0.0087
                              EIGEN VALUE 
 -0.19197 -0.18150 -0.16083 -0.13139 -0.11246  0.04927  0.16336  0.30317
  0.58273  0.69124  1.19131  1.19584  1.23689  1.33288  1.42261  1.59181
                               OCCUPATION 
  1.00000  1.00000  1.00000  1.00000  1.00000  0.00000  0.00000  0.00000
  0.00000  0.00000  0.00000  0.00000  0.00000  0.00000  0.00000  0.00000
 NKP=   48  NGP=       293  K=( -0.39147  0.39147  0.91344)  WKP= 0.0044
                              EIGEN VALUE 
 -0.19577 -0.17367 -0.16890 -0.13431 -0.11923 -0.01208  0.24567  0.30676
  0.63741  0.71905  1.14374  1.15946  1.22431  1.31809  1.41360  1.60031
                               OCCUPATION 
  1.00000  1.00000  1.00000  1.00000  1.00000  0.00000  0.00000  0.00000
  0.00000  0.00000  0.00000  0.00000  0.00000  0.00000  0.00000  0.00000
 NKP=   49  NGP=       306  K=(  0.00000  0.00000  0.65246)  WKP= 0.0022
                              EIGEN VALUE 
 -0.22830 -0.19527 -0.11276 -0.11276 -0.10967 -0.10400  0.40463  0.48572
  0.48572  0.61228  0.70491  1.50183  1.50183  1.50349  1.58905  1.62668
                               OCCUPATION 
  1.00000  1.00000  1.00000  1.00000  1.00000  1.00000  0.00000  0.00000
  0.00000  0.00000  0.00000  0.00000  0.00000  0.00000  0.00000  0.00000
 NKP=   50  NGP=       301  K=( -0.06525  0.06525  0.71770)  WKP= 0.0087
                              EIGEN VALUE 
 -0.22048 -0.19797 -0.11794 -0.11275 -0.10461 -0.05893  0.34000  0.41123
  0.47026  0.63009  0.73371  1.44101  1.48000  1.64423  1.67804  1.71313
                               OCCUPATION 
  1.00000  1.00000  1.00000  1.00000  1.00000  1.00000  0.00000  0.00000
  0.00000  0.00000  0.00000  0.00000  0.00000  0.00000  0.00000  0.00000
 NKP=   51  NGP=       299  K=( -0.13049  0.13049  0.78295)  WKP= 0.0087
                              EIGEN VALUE 
 -0.21277 -0.19737 -0.12739 -0.11527 -0.10241  0.00147  0.28773  0.30930
  0.47293  0.64283  0.82577  1.38621  1.42963  1.64020  1.68149  1.72060
                               OCCUPATION 
  1.00000  1.00000  1.00000  1.00000  1.00000  0.00000  0.00000  0.00000
  0.00000  0.00000  0.00000  0.00000  0.00000  0.00000  0.00000  0.00000
 NKP=   52  NGP=       292  K=( -0.19574  0.19574  0.84819)  WKP= 0.0087
                              EIGEN VALUE 
 -0.20442 -0.19383 -0.13892 -0.11875 -0.10456  0.07128  0.20999  0.25400
  0.49369  0.65315  0.94578  1.33787  1.37448  1.50271  1.56506  1.73685
                               OCCUPATION 
  1.00000  1.00000  1.00000  1.00000  1.00000  0.00000  0.00000  0.00000
  0.00000  0.00000  0.00000  0.00000  0.00000  0.00000  0.00000  0.00000
 NKP=   53  NGP=       288  K=( -0.26098  0.26098  0.91344)  WKP= 0.0044
                              EIGEN VALUE 
 -0.19548 -0.18874 -0.15150 -0.12388 -0.10892  0.12329  0.13670  0.24734
  0.53106  0.66859  1.08095  1.28281  1.30110  1.38876  1.47351  1.76187
                               OCCUPATION 
  1.00000  1.00000  1.00000  1.00000  1.00000  0.00000  0.00000  0.00000
  0.00000  0.00000  0.00000  0.00000  0.00000  0.00000  0.00000  0.00000
 NKP=   54  NGP=       294  K=(  0.00000  0.00000  0.78295)  WKP= 0.0022
                              EIGEN VALUE 
 -0.22107 -0.20189 -0.10691 -0.10345 -0.10345 -0.03576  0.27664  0.44847
  0.44847  0.59869  0.69168  1.55355  1.61264  1.61264  1.65951  1.83005
                               OCCUPATION 
  1.00000  1.00000  1.00000  1.00000  1.00000 -0.00000  0.00000  0.00000
  0.00000  0.00000  0.00000  0.00000  0.00000  0.00000  0.00000  0.00000
 NKP=   55  NGP=       298  K=( -0.06525  0.06525  0.84819)  WKP= 0.0087
                              EIGEN VALUE 
 -0.21860 -0.20243 -0.10800 -0.10798 -0.10105  0.00813  0.23247  0.38855
  0.44513  0.62018  0.72370  1.51085  1.57127  1.68262  1.72186  1.77532
                               OCCUPATION 
  1.00000  1.00000  1.00000  1.00000  1.00000  0.00000  0.00000  0.00000
  0.00000  0.00000  0.00000  0.00000  0.00000  0.00000  0.00000  0.00000
 NKP=   56  NGP=       288  K=( -0.13049  0.13049  0.91344)  WKP= 0.0044
                              EIGEN VALUE 
 -0.21283 -0.19948 -0.12176 -0.11157 -0.10222  0.05172  0.21818  0.29815
  0.46065  0.63831  0.81989  1.43946  1.48825  1.57556  1.62749  1.90906
                               OCCUPATION 
  1.00000  1.00000  1.00000  1.00000  1.00000  0.00000  0.00000  0.00000
  0.00000  0.00000  0.00000  0.00000  0.00000  0.00000  0.00000  0.00000
 NKP=   57  NGP=       302  K=(  0.00000  0.00000  0.91344)  WKP= 0.0011
                              EIGEN VALUE 
 -0.22069 -0.20424 -0.10593 -0.09992 -0.09992  0.01143  0.21120  0.43555
  0.43555  0.59427  0.68773  1.58000  1.68939  1.72150  1.72152  1.75139
                               OCCUPATION 
  1.00000  1.00000  1.00000  1.00000  1.00000  0.00000  0.00000  0.00000
  0.00000  0.00000  0.00000  0.00000  0.00000  0.00000  0.00000  0.00000
 NKP=   58  NGP=       300  K=(  0.00000  0.13049  0.26098)  WKP= 0.0087
                              EIGEN VALUE 
 -0.33949 -0.16456 -0.14751 -0.14608 -0.13264 -0.12137  0.61331  0.63796
  0.82417  0.85787  0.93959  1.06011  1.08724  1.23277  1.25621  1.34791
                               OCCUPATION 
  1.00000  1.00000  1.00000  1.00000  1.00000  1.00000  0.00000  0.00000
  0.00000  0.00000  0.00000  0.00000  0.00000  0.00000  0.00000  0.00000
 NKP=   59  NGP=       301  K=( -0.06525  0.19574  0.32623)  WKP= 0.0175
                              EIGEN VALUE 
 -0.30888 -0.16866 -0.14870 -0.14286 -0.13141 -0.11587  0.48736  0.59983
  0.80562  0.84527  0.94280  1.03298  1.09581  1.23911  1.29806  1.44882
                               OCCUPATION 
  1.00000  1.00000  1.00000  1.00000  1.00000  1.00000  0.00000  0.00000
  0.00000  0.00000  0.00000  0.00000  0.00000  0.00000  0.00000  0.00000
 NKP=   60  NGP=       301  K=( -0.13049  0.26098  0.39147)  WKP= 0.0175
                              EIGEN VALUE 
 -0.27120 -0.16978 -0.15297 -0.14391 -0.12355 -0.10617  0.36013  0.58324
  0.75174  0.81515  0.98538  1.01113  1.11806  1.23862  1.34388  1.54591
                               OCCUPATION 
  1.00000  1.00000  1.00000  1.00000  1.00000  1.00000  0.00000  0.00000
  0.00000  0.00000  0.00000  0.00000  0.00000  0.00000  0.00000  0.00000
 NKP=   61  NGP=       297  K=( -0.19574  0.32623  0.45672)  WKP= 0.0175
                              EIGEN VALUE 
 -0.23748 -0.16263 -0.15709 -0.14651 -0.11412 -0.08948  0.24431  0.57912
  0.69543  0.79612  0.95365  1.04640  1.15551  1.24779  1.43167  1.63578
                               OCCUPATION 
  1.00000  1.00000  1.00000  1.00000  1.00000  1.00000  0.00000  0.00000
  0.00000  0.00000  0.00000  0.00000  0.00000  0.00000  0.00000  0.00000
 NKP=   62  NGP=       295  K=( -0.26098  0.39147  0.52197)  WKP= 0.0175
                              EIGEN VALUE 
 -0.22114 -0.16154 -0.14934 -0.14505 -0.10789 -0.05684  0.14596  0.58762
  0.64854  0.78441  0.93356  1.05225  1.17290  1.32419  1.53765  1.57983
                               OCCUPATION 
  1.00000  1.00000  1.00000  1.00000  1.00000  1.00000  0.00000  0.00000
  0.00000  0.00000  0.00000  0.00000  0.00000  0.00000  0.00000  0.00000
 NKP=   63  NGP=       296  K=( -0.32623  0.45672  0.58721)  WKP= 0.0087
                              EIGEN VALUE 
 -0.21757 -0.16270 -0.14984 -0.13818 -0.10596 -0.02694  0.09448  0.60255
  0.62053  0.78034  0.92693  1.05201  1.17394  1.42947  1.46029  1.62036
                               OCCUPATION 
  1.00000  1.00000  1.00000  1.00000  1.00000  0.00000  0.00000  0.00000
  0.00000  0.00000  0.00000  0.00000  0.00000  0.00000  0.00000  0.00000
 NKP=   64  NGP=       300  K=(  0.00000  0.13049  0.39147)  WKP= 0.0087
                              EIGEN VALUE 
 -0.29909 -0.17388 -0.14733 -0.13668 -0.13172 -0.11546  0.53963  0.55944
  0.72341  0.76382  0.84435  1.16440  1.19729  1.33172  1.35624  1.45006
                               OCCUPATION 
  1.00000  1.00000  1.00000  1.00000  1.00000  1.00000  0.00000  0.00000
  0.00000  0.00000  0.00000  0.00000  0.00000  0.00000  0.00000  0.00000
 NKP=   65  NGP=       298  K=( -0.06525  0.19574  0.45672)  WKP= 0.0175
                              EIGEN VALUE 
 -0.26546 -0.17736 -0.15325 -0.13508 -0.12298 -0.10532  0.41924  0.53010
  0.65495  0.77303  0.89995  1.11281  1.21464  1.34175  1.40485  1.58048
                               OCCUPATION 
  1.00000  1.00000  1.00000  1.00000  1.00000  1.00000  0.00000  0.00000
  0.00000  0.00000  0.00000  0.00000  0.00000  0.00000  0.00000  0.00000
 NKP=   66  NGP=       299  K=( -0.13049  0.26098  0.52197)  WKP= 0.0175
                              EIGEN VALUE 
 -0.23224 -0.17673 -0.15875 -0.13724 -0.11270 -0.08457  0.29955  0.52160
  0.59263  0.76666  0.98746  1.07695  1.20642  1.32980  1.48664  1.68458
                               OCCUPATION 
  1.00000  1.00000  1.00000  1.00000  1.00000  1.00000  0.00000  0.00000
  0.00000  0.00000  0.00000  0.00000  0.00000  0.00000  0.00000  0.00000
 NKP=   67  NGP=       294  K=( -0.19574  0.32623  0.58721)  WKP= 0.0175
                              EIGEN VALUE 
 -0.21253 -0.17227 -0.15885 -0.13991 -0.10703 -0.04504  0.19264  0.52460
  0.54306  0.76593  1.00718  1.13390  1.19023  1.32157  1.57883  1.59557
                               OCCUPATION 
  1.00000  1.00000  1.00000  1.00000  1.00000  0.10702  0.00000  0.00000
  0.00000  0.00000  0.00000  0.00000  0.00000  0.00000  0.00000  0.00000
 NKP=   68  NGP=       295  K=( -0.26098  0.39147  0.65246)  WKP= 0.0175
                              EIGEN VALUE 
 -0.20649 -0.17156 -0.15272 -0.14207 -0.10618  0.00607  0.11172  0.49780
  0.54906  0.77457  0.98482  1.17320  1.24838  1.32534  1.44800  1.64326
                               OCCUPATION 
  1.00000  1.00000  1.00000  1.00000  1.00000  0.00000  0.00000  0.00000
  0.00000  0.00000  0.00000  0.00000  0.00000  0.00000  0.00000  0.00000
 NKP=   69  NGP=       295  K=( -0.32623  0.45672  0.71770)  WKP= 0.0175
                              EIGEN VALUE 
 -0.20682 -0.17002 -0.15449 -0.14230 -0.10935 -0.00827  0.13364  0.47048
  0.58181  0.79428  0.96700  1.15609  1.28051  1.33658  1.42223  1.54315
                               OCCUPATION 
  1.00000  1.00000  1.00000  1.00000  1.00000  0.00000  0.00000  0.00000
  0.00000  0.00000  0.00000  0.00000  0.00000  0.00000  0.00000  0.00000
 NKP=   70  NGP=       295  K=( -0.39147  0.52197  0.78295)  WKP= 0.0175
                              EIGEN VALUE 
 -0.21555 -0.16793 -0.16332 -0.14051 -0.11609 -0.05581  0.22713  0.45616
  0.62741  0.82557  0.95537  1.12555  1.19458  1.34448  1.43669  1.56853
                               OCCUPATION 
  1.00000  1.00000  1.00000  1.00000  1.00000  1.00000  0.00000  0.00000
  0.00000  0.00000  0.00000  0.00000  0.00000  0.00000  0.00000  0.00000
 NKP=   71  NGP=       299  K=( -0.45672  0.58721  0.84819)  WKP= 0.0175
                              EIGEN VALUE 
 -0.24133 -0.17358 -0.15896 -0.13773 -0.12551 -0.08616  0.33875  0.45555
  0.68426  0.86651  0.94251  1.05865  1.15124  1.31090  1.41258  1.62719
                               OCCUPATION 
  1.00000  1.00000  1.00000  1.00000  1.00000  1.00000  0.00000  0.00000
  0.00000  0.00000  0.00000  0.00000  0.00000  0.00000  0.00000  0.00000
 NKP=   72  NGP=       300  K=( -0.52197  0.65246  0.91344)  WKP= 0.0087
                              EIGEN VALUE 
 -0.27690 -0.17273 -0.15298 -0.13559 -0.13404 -0.10418  0.45187  0.47819
  0.75061  0.89182  0.91854  1.02367  1.11702  1.26595  1.40504  1.50658
                               OCCUPATION 
  1.00000  1.00000  1.00000  1.00000  1.00000  1.00000  0.00000  0.00000
  0.00000  0.00000  0.00000  0.00000  0.00000  0.00000  0.00000  0.00000
 NKP=   73  NGP=       303  K=(  0.00000  0.13049  0.52197)  WKP= 0.0087
                              EIGEN VALUE 
 -0.25282 -0.18417 -0.14826 -0.12488 -0.12123 -0.10606  0.47668  0.49345
  0.56394  0.71638  0.79368  1.23860  1.34949  1.44857  1.45342  1.55657
                               OCCUPATION 
  1.00000  1.00000  1.00000  1.00000  1.00000  1.00000  0.00000  0.00000
  0.00000  0.00000  0.00000  0.00000  0.00000  0.00000  0.00000  0.00000
 NKP=   74  NGP=       303  K=( -0.06525  0.19574  0.58721)  WKP= 0.0175
                              EIGEN VALUE 
 -0.22635 -0.18634 -0.15282 -0.12526 -0.11196 -0.08150  0.36463  0.47265
  0.49823  0.73250  0.86286  1.18473  1.35512  1.45142  1.54732  1.66544
                               OCCUPATION 
  1.00000  1.00000  1.00000  1.00000  1.00000  1.00000  0.00000  0.00000
  0.00000  0.00000  0.00000  0.00000  0.00000  0.00000  0.00000  0.00000
 NKP=   75  NGP=       299  K=( -0.13049  0.26098  0.65246)  WKP= 0.0175
                              EIGEN VALUE 
 -0.20781 -0.18504 -0.15645 -0.12847 -0.10619 -0.03600  0.25346  0.43949
  0.47672  0.73607  0.96782  1.14060  1.32915  1.45427  1.59650  1.65563
                               OCCUPATION 
  1.00000  1.00000  1.00000  1.00000  1.00000 -0.00000  0.00000  0.00000
  0.00000  0.00000  0.00000  0.00000  0.00000  0.00000  0.00000  0.00000
 NKP=   76  NGP=       294  K=( -0.19574  0.32623  0.71770)  WKP= 0.0175
                              EIGEN VALUE 
 -0.19836 -0.18259 -0.15765 -0.13182 -0.10548  0.02722  0.15636  0.39553
  0.49264  0.74591  1.06200  1.13182  1.29984  1.43507  1.48022  1.66906
                               OCCUPATION 
  1.00000  1.00000  1.00000  1.00000  1.00000  0.00000  0.00000  0.00000
  0.00000  0.00000  0.00000  0.00000  0.00000  0.00000  0.00000  0.00000
 NKP=   77  NGP=       294  K=( -0.26098  0.39147  0.78295)  WKP= 0.0175
                              EIGEN VALUE 
 -0.19390 -0.18035 -0.16029 -0.13396 -0.10902  0.05125  0.12969  0.36365
  0.52312  0.76572  1.05627  1.23556  1.26666  1.32474  1.47715  1.56146
                               OCCUPATION 
  1.00000  1.00000  1.00000  1.00000  1.00000  0.00000  0.00000  0.00000
  0.00000  0.00000  0.00000  0.00000  0.00000  0.00000  0.00000  0.00000
 NKP=   78  NGP=       291  K=( -0.32623  0.45672  0.84819)  WKP= 0.0175
                              EIGEN VALUE 
 -0.19610 -0.17495 -0.16830 -0.13395 -0.11570 -0.00875  0.21794  0.34580
  0.56628  0.79689  1.03046  1.18082  1.24870  1.38544  1.43464  1.53542
                               OCCUPATION 
  1.00000  1.00000  1.00000  1.00000  1.00000  0.00000  0.00000  0.00000
  0.00000  0.00000  0.00000  0.00000  0.00000  0.00000  0.00000  0.00000
 NKP=   79  NGP=       298  K=( -0.39147  0.52197  0.91344)  WKP= 0.0087
                              EIGEN VALUE 
 -0.21230 -0.17465 -0.16671 -0.13352 -0.12328 -0.05560  0.31186  0.35486
  0.62050  0.83826  0.98858  1.10139  1.20615  1.34726  1.53317  1.56049
                               OCCUPATION 
  1.00000  1.00000  1.00000  1.00000  1.00000  1.00000  0.00000  0.00000
  0.00000  0.00000  0.00000  0.00000  0.00000  0.00000  0.00000  0.00000
 NKP=   80  NGP=       302  K=( -0.00000  0.13049  0.65246)  WKP= 0.0087
                              EIGEN VALUE 
 -0.22298 -0.19329 -0.13532 -0.11281 -0.11188 -0.07760  0.41079  0.42702
  0.44519  0.68376  0.76352  1.31586  1.49309  1.54237  1.58576  1.69549
                               OCCUPATION 
  1.00000  1.00000  1.00000  1.00000  1.00000  1.00000  0.00000  0.00000
  0.00000  0.00000  0.00000  0.00000  0.00000  0.00000  0.00000  0.00000
 NKP=   81  NGP=       298  K=( -0.06525  0.19574  0.71770)  WKP= 0.0175
                              EIGEN VALUE 
 -0.21172 -0.19361 -0.14004 -0.11652 -0.10541 -0.02766  0.32513  0.35374
  0.43423  0.70736  0.83910  1.26226  1.47094  1.60479  1.61979  1.68768
                               OCCUPATION 
  1.00000  1.00000  1.00000  1.00000  1.00000  0.00000  0.00000  0.00000
  0.00000  0.00000  0.00000  0.00000  0.00000  0.00000  0.00000  0.00000
 NKP=   82  NGP=       295  K=( -0.13049  0.26098  0.78295)  WKP= 0.0175
                              EIGEN VALUE 
 -0.20269 -0.19103 -0.14683 -0.12123 -0.10392  0.03870  0.22341  0.30762
  0.44652  0.71891  0.95309  1.21559  1.42880  1.47353  1.62724  1.70046
                               OCCUPATION 
  1.00000  1.00000  1.00000  1.00000  1.00000  0.00000  0.00000  0.00000
  0.00000  0.00000  0.00000  0.00000  0.00000  0.00000  0.00000  0.00000
 NKP=   83  NGP=       293  K=( -0.19574  0.32623  0.84819)  WKP= 0.0175
                              EIGEN VALUE 
 -0.19414 -0.18747 -0.15534 -0.12558 -0.10677  0.11071  0.13863  0.27642
  0.47399  0.73620  1.08165  1.17281  1.34155  1.38827  1.56389  1.66871
                               OCCUPATION 
  1.00000  1.00000  1.00000  1.00000  1.00000  0.00000  0.00000  0.00000
  0.00000  0.00000  0.00000  0.00000  0.00000  0.00000  0.00000  0.00000
 NKP=   84  NGP=       293  K=( -0.26098  0.39147  0.91344)  WKP= 0.0087
                              EIGEN VALUE 
 -0.18752 -0.18373 -0.16486 -0.12929 -0.11183  0.05308  0.19321  0.27436
  0.51459  0.76250  1.11344  1.20016  1.27194  1.32995  1.47611  1.68392
                               OCCUPATION 
  1.00000  1.00000  1.00000  1.00000  1.00000  0.00000  0.00000  0.00000
  0.00000  0.00000  0.00000  0.00000  0.00000  0.00000  0.00000  0.00000
 NKP=   85  NGP=       302  K=(  0.00000  0.13049  0.78295)  WKP= 0.0087
                              EIGEN VALUE 
 -0.21671 -0.19953 -0.11998 -0.10862 -0.10348 -0.01471  0.28238  0.39457
  0.41150  0.66496  0.74765  1.39725  1.60936  1.61631  1.65993  1.76833
                               OCCUPATION 
  1.00000  1.00000  1.00000  1.00000  1.00000  0.00000  0.00000  0.00000
  0.00000  0.00000  0.00000  0.00000  0.00000  0.00000  0.00000  0.00000
 NKP=   86  NGP=       296  K=( -0.06525  0.19574  0.84819)  WKP= 0.0175
                              EIGEN VALUE 
 -0.21091 -0.19759 -0.12890 -0.11319 -0.10150  0.04315  0.24166  0.30489
  0.41275  0.69531  0.82783  1.33871  1.51664  1.55930  1.71808  1.79294
                               OCCUPATION 
  1.00000  1.00000  1.00000  1.00000  1.00000  0.00000  0.00000  0.00000
  0.00000  0.00000  0.00000  0.00000  0.00000  0.00000  0.00000  0.00000
 NKP=   87  NGP=       292  K=( -0.13049  0.26098  0.91344)  WKP= 0.0087
                              EIGEN VALUE 
 -0.20308 -0.19285 -0.14196 -0.11873 -0.10342  0.09722  0.20887  0.23474
  0.43636  0.71340  0.94802  1.26774  1.40521  1.48812  1.62664  1.83549
                               OCCUPATION 
  1.00000  1.00000  1.00000  1.00000  1.00000  0.00000  0.00000  0.00000
  0.00000  0.00000  0.00000  0.00000  0.00000  0.00000  0.00000  0.00000
 NKP=   88  NGP=       298  K=(  0.00000  0.13049  0.91344)  WKP= 0.0044
                              EIGEN VALUE 
 -0.21662 -0.20173 -0.11357 -0.10893 -0.09992  0.03313  0.21471  0.38319
  0.40010  0.65884  0.74276  1.45045  1.59153  1.64573  1.72575  1.76108
                               OCCUPATION 
  1.00000  1.00000  1.00000  1.00000  1.00000  0.00000  0.00000  0.00000
  0.00000  0.00000  0.00000  0.00000  0.00000  0.00000  0.00000  0.00000
 NKP=   89  NGP=       299  K=(  0.00000  0.26098  0.52197)  WKP= 0.0087
                              EIGEN VALUE 
 -0.23485 -0.18028 -0.15946 -0.12650 -0.12467 -0.08473  0.38969  0.41894
  0.58570  0.84344  0.89738  1.07192  1.27351  1.39900  1.48387  1.57588
                               OCCUPATION 
  1.00000  1.00000  1.00000  1.00000  1.00000  1.00000  0.00000  0.00000
  0.00000  0.00000  0.00000  0.00000  0.00000  0.00000  0.00000  0.00000
 NKP=   90  NGP=       300  K=( -0.06525  0.32623  0.58721)  WKP= 0.0175
                              EIGEN VALUE 
 -0.20936 -0.17935 -0.16548 -0.12961 -0.11538 -0.05028  0.28516  0.40436
  0.52551  0.85454  0.94915  1.06569  1.30220  1.44480  1.50767  1.57901
                               OCCUPATION 
  1.00000  1.00000  1.00000  1.00000  1.00000  1.00620  0.00000  0.00000
  0.00000  0.00000  0.00000  0.00000  0.00000  0.00000  0.00000  0.00000
 NKP=   91  NGP=       298  K=( -0.13049  0.39147  0.65246)  WKP= 0.0175
                              EIGEN VALUE 
 -0.19735 -0.17832 -0.16456 -0.13308 -0.10906  0.00311  0.18257  0.41424
  0.47649  0.84888  0.96493  1.14327  1.31066  1.40954  1.45254  1.60025
                               OCCUPATION 
  1.00000  1.00000  1.00000  1.00000  1.00000  0.00000  0.00000  0.00000
  0.00000  0.00000  0.00000  0.00000  0.00000  0.00000  0.00000  0.00000
 NKP=   92  NGP=       294  K=( -0.19574  0.45672  0.71770)  WKP= 0.0087
                              EIGEN VALUE 
 -0.19425 -0.18011 -0.16078 -0.13483 -0.10701  0.05385  0.11555  0.43396
  0.44377  0.84644  0.96316  1.24463  1.29369  1.31365  1.44383  1.68261
                               OCCUPATION 
  1.00000  1.00000  1.00000  1.00000  1.00000  0.00000  0.00000  0.00000
  0.00000  0.00000  0.00000  0.00000  0.00000  0.00000  0.00000  0.00000
 NKP=   93  NGP=       296  K=(  0.00000  0.26098  0.65246)  WKP= 0.0087
                              EIGEN VALUE 
 -0.20896 -0.18737 -0.15688 -0.11887 -0.11289 -0.04271  0.34150  0.37478
  0.43377  0.80784  0.87739  1.13473  1.44432  1.53469  1.58271  1.59436
                               OCCUPATION 
  1.00000  1.00000  1.00000  1.00000  1.00000 -0.01810  0.00000  0.00000
  0.00000  0.00000  0.00000  0.00000  0.00000  0.00000  0.00000  0.00000
 NKP=   94  NGP=       295  K=( -0.06525  0.32623  0.71770)  WKP= 0.0175
                              EIGEN VALUE 
 -0.19803 -0.18520 -0.16108 -0.12327 -0.10703  0.01414  0.24677  0.36802
  0.38242  0.83418  0.95968  1.09903  1.43584  1.46574  1.56540  1.66927
                               OCCUPATION 
  1.00000  1.00000  1.00000  1.00000  1.00000  0.00000  0.00000  0.00000
  0.00000  0.00000  0.00000  0.00000  0.00000  0.00000  0.00000  0.00000
 NKP=   95  NGP=       293  K=( -0.13049  0.39147  0.78295)  WKP= 0.0175
                              EIGEN VALUE 
 -0.19089 -0.18390 -0.16392 -0.12768 -0.10511  0.08496  0.15442  0.34067
  0.38944  0.84914  1.02098  1.12159  1.29932  1.45177  1.57678  1.72407
                               OCCUPATION 
  1.00000  1.00000  1.00000  1.00000  1.00000  0.00000  0.00000  0.00000
  0.00000  0.00000  0.00000  0.00000  0.00000  0.00000  0.00000  0.00000
 NKP=   96  NGP=       290  K=( -0.19574  0.45672  0.84819)  WKP= 0.0175
                              EIGEN VALUE 
 -0.18725 -0.18205 -0.16909 -0.12871 -0.10748  0.06468  0.17912  0.31466
  0.42293  0.87123  1.00251  1.14948  1.27369  1.42725  1.57408  1.64029
                               OCCUPATION 
  1.00000  1.00000  1.00000  1.00000  1.00000  0.00000  0.00000  0.00000
  0.00000  0.00000  0.00000  0.00000  0.00000  0.00000  0.00000  0.00000
 NKP=   97  NGP=       293  K=( -0.26098  0.52197  0.91344)  WKP= 0.0087
                              EIGEN VALUE 
 -0.19291 -0.17763 -0.17343 -0.12712 -0.11276 -0.00076  0.26228  0.31664
  0.46866  0.89923  0.95199  1.08466  1.38217  1.40920  1.51250  1.62245
                               OCCUPATION 
  1.00000  1.00000  1.00000  1.00000  1.00000  0.00000  0.00000  0.00000
  0.00000  0.00000  0.00000  0.00000  0.00000  0.00000  0.00000  0.00000
 NKP=   98  NGP=       297  K=(  0.00000  0.26098  0.78295)  WKP= 0.0087
                              EIGEN VALUE 
 -0.20542 -0.19233 -0.14494 -0.11648 -0.10353  0.02751  0.30027  0.31026
  0.34848  0.78657  0.86502  1.20889  1.46843  1.61199  1.63173  1.71631
                               OCCUPATION 
  1.00000  1.00000  1.00000  1.00000  1.00000  0.00000  0.00000  0.00000
  0.00000  0.00000  0.00000  0.00000  0.00000  0.00000  0.00000  0.00000
 NKP=   99  NGP=       293  K=( -0.06525  0.32623  0.84819)  WKP= 0.0175
                              EIGEN VALUE 
 -0.19922 -0.18795 -0.15290 -0.12188 -0.10167  0.09467  0.22533  0.26374
  0.35146  0.82260  0.96037  1.15699  1.33351  1.58398  1.71313  1.77293
                               OCCUPATION 
  1.00000  1.00000  1.00000  1.00000  1.00000  0.00000  0.00000  0.00000
  0.00000  0.00000  0.00000  0.00000  0.00000  0.00000  0.00000  0.00000
 NKP=  100  NGP=       290  K=( -0.13049  0.39147  0.91344)  WKP= 0.0087
                              EIGEN VALUE 
 -0.19260 -0.18276 -0.16295 -0.12610 -0.10363  0.13911  0.15814  0.25582
  0.38068  0.84684  1.08221  1.09044  1.24357  1.52413  1.65003  1.77887
                               OCCUPATION 
  1.00000  1.00000  1.00000  1.00000  1.00000  0.00000  0.00000  0.00000
  0.00000  0.00000  0.00000  0.00000  0.00000  0.00000  0.00000  0.00000
 NKP=  101  NGP=       294  K=( -0.00000  0.26098  0.91344)  WKP= 0.0044
                              EIGEN VALUE 
 -0.20624 -0.19409 -0.13884 -0.11694 -0.09990  0.08239  0.22614  0.29933
  0.33886  0.77953  0.86096  1.26014  1.40083  1.66854  1.73700  1.78420
                               OCCUPATION 
  1.00000  1.00000  1.00000  1.00000  1.00000  0.00000  0.00000  0.00000
  0.00000  0.00000  0.00000  0.00000  0.00000  0.00000  0.00000  0.00000
 NKP=  102  NGP=       292  K=(  0.00000  0.39147  0.78295)  WKP= 0.0087
                              EIGEN VALUE 
 -0.19360 -0.18011 -0.16691 -0.12509 -0.10360  0.07885  0.22991  0.29329
  0.33392  0.92966  0.96219  1.07688  1.29356  1.57159  1.65403  1.72965
                               OCCUPATION 
  1.00000  1.00000  1.00000  1.00000  1.00000  0.00000  0.00000  0.00000
  0.00000  0.00000  0.00000  0.00000  0.00000  0.00000  0.00000  0.00000
 NKP=  103  NGP=       294  K=( -0.06525  0.45672  0.84819)  WKP= 0.0087
                              EIGEN VALUE 
 -0.19256 -0.17532 -0.17109 -0.12696 -0.10171  0.14922  0.16289  0.29444
  0.30420  0.94865  0.99431  1.08480  1.21195  1.60342  1.68659  1.78843
                               OCCUPATION 
  1.00000  1.00000  1.00000  1.00000  1.00000  0.00000  0.00000  0.00000
  0.00000  0.00000  0.00000  0.00000  0.00000  0.00000  0.00000  0.00000
 NKP=  104  NGP=       294  K=(  0.00000  0.39147  0.91344)  WKP= 0.0044
                              EIGEN VALUE 
 -0.19593 -0.18106 -0.16245 -0.12537 -0.09989  0.14553  0.21851  0.24740
  0.28763  0.92221  0.99247  1.08276  1.23606  1.71097  1.74882  1.76534
                               OCCUPATION 
  1.00000  1.00000  1.00000  1.00000  1.00000  0.00000  0.00000  0.00000
  0.00000  0.00000  0.00000  0.00000  0.00000  0.00000  0.00000  0.00000
 
 QMDQMDQMDQMDQMDQMDQMDQMDQMDQMDQMDQMDQMDQMDQMDQMDQMDQMDQMDQMDQMDQMDQMDQM

 MD ITERATION NR.      1:012          TOTAL CPU TIME =      3.10 SECONDS

                       CONVERGED ENERGY AND FORCES 
   NIT     TotalEnergy     f_max     f_rms      edel      vdel      fdel
     1    -59.76557028  0.000000  0.000000  0.14D-10  0.84D-08  0.14D-10

    ATOM              COORDINATES                        FORCES
MD:    1
MD:    1 Cu   0.000000   0.000000   0.000000  -0.00000  0.00000  0.00000
 
CHGPRO:     0.0000      0.2966537423     -0.4892321096      0.1562097932
CHGPRO:     0.1520      0.2913593583     -0.4897779119      0.1511799053
CHGPRO:     0.3040      0.2760649830     -0.4913895193      0.1363281903
CHGPRO:     0.4560      0.2524273076     -0.4941762425      0.1123979828
CHGPRO:     0.6080      0.2229046294     -0.4980883482      0.0808430982
CHGPRO:     0.7600      0.1904183926     -0.5027296122      0.0440539294
CHGPRO:     0.9120      0.1579477669     -0.5074151856      0.0054828690
CHGPRO:     1.0640      0.1280779197     -0.5108831895     -0.0306557160
CHGPRO:     1.2160      0.1026065488     -0.5115716660     -0.0604941793
CHGPRO:     1.3680      0.0823253104     -0.5075515400     -0.0812310196
CHGPRO:     1.5200      0.0670702561     -0.4970822766     -0.0910834540
CHGPRO:     1.6720      0.0560563430     -0.4797882520     -0.0898040373
CHGPRO:     1.8240      0.0483276982     -0.4572734893     -0.0795300637
CHGPRO:     1.9760      0.0430695469     -0.4342061534     -0.0647344849
CHGPRO:     2.1280      0.0396919955     -0.4153271293     -0.0506832034
CHGPRO:     2.2800      0.0378056005     -0.4022031890     -0.0412065597
CHGPRO:     2.4320      0.0371980599     -0.3971048428     -0.0379363073
CHGPRO:     2.5839      0.0378056005     -0.4022031890     -0.0412065597
CHGPRO:     2.7359      0.0396919955     -0.4153271293     -0.0506832034
CHGPRO:     2.8879      0.0430695469     -0.4342061534     -0.0647344849
CHGPRO:     3.0399      0.0483276982     -0.4572734893     -0.0795300637
CHGPRO:     3.1919      0.0560563430     -0.4797882520     -0.0898040373
CHGPRO:     3.3439      0.0670702561     -0.4970822766     -0.0910834540
CHGPRO:     3.4959      0.0823253104     -0.5075515400     -0.0812310196
CHGPRO:     3.6479      0.1026065488     -0.5115716660     -0.0604941793
CHGPRO:     3.7999      0.1280779197     -0.5108831895     -0.0306557160
CHGPRO:     3.9519      0.1579477669     -0.5074151856      0.0054828690
CHGPRO:     4.1039      0.1904183926     -0.5027296122      0.0440539294
CHGPRO:     4.2559      0.2229046294     -0.4980883482      0.0808430982
CHGPRO:     4.4079      0.2524273076     -0.4941762425      0.1123979828
CHGPRO:     4.5599      0.2760649830     -0.4913895193      0.1363281903
CHGPRO:     4.7119      0.2913593583     -0.4897779119      0.1511799053

 *I* wavefunction data written in zaj.data

 *I* writing eko_l

 *I* writing fsr_l, fsi_l

 *I* potential data written in potential.data

           <<<  Atomic Charge >>>
  ia is   rd d_rd  Charge(1)  Charge(2)  Charge(3)
   1  1 2.30 0.10   9.836178  10.065219  10.301754

 ***********************************************************************
 *                                                                     *
 *                               TIMING                                *
 *                                                                     *
 ***********************************************************************
      SUBROUTINE        CALLS        TOTAL CPU TIME           <CPU TIME>
             SCF            1                2.1845               2.1845
          WF_Dav           13                1.7174               0.1321
           kbint            1                0.9214               0.9214
        dav_hphi          507                0.8712               0.0017
         fftw3c3         9360                0.8436               0.0001
     diagonalize          507                0.4408               0.0009
         swffftx         4056                0.4037               0.0001
        swffftx2         4056                0.3682               0.0001
             Dos            2                0.2259               0.1129
          Chgfft           12                0.1418               0.0118
          swffft         1248                0.1214               0.0001
         Writing            1                0.1163               0.1163
         dav_mgs          338                0.0855               0.0003
       dav_mgs_2          338                0.0716               0.0002
         dav_hij          507                0.0576               0.0001
      xc_gga_chg           24                0.0546               0.0023
     fdchgq0_fft           12                0.0504               0.0042
      dav_nonloc          507                0.0453               0.0001
    dav_residual          338                0.0424               0.0001
           Force            1                0.0364               0.0364
           pspot            1                0.0342               0.0342
   fdchgq0_fft_1           12                0.0339               0.0028
           fd_vq           12                0.0333               0.0028
  dav_residual_1          338                0.0305               0.0001
        fdforce0            1                0.0302               0.0302
    dav_nonloc_3         3276                0.0256               0.0000
      dav_sumset          338                0.0226               0.0001
      dav_precon          338                0.0183               0.0001
    dav_sumset_1          338                0.0166               0.0000
 dav_band2g_hphi          507                0.0159               0.0000
         FFT_SET            1                0.0153               0.0153
           Fermi           12                0.0139               0.0012
    dav_nonloc_2         3276                0.0129               0.0000
 dav_refresh_phi          169                0.0115               0.0001
    xc_1_gr_ch12           72                0.0085               0.0001
       dav_mgs_1          338                0.0085               0.0000
  dav_band2g_phi          182                0.0069               0.0000
            symm            1                0.0068               0.0068
        swffftx1         4056                0.0061               0.0000
    dav_sumset_2          338                0.0055               0.0000
       dav_mgs_3          338                0.0047               0.0000
           psloc            1                0.0045               0.0045
           gstep            1                0.0045               0.0045
    dav_nonloc_1          507                0.0040               0.0000
    dav_copy_fsr          169                0.0039               0.0000
      dav_grmsmd            1                0.0038               0.0038
          ptfft1           13                0.0031               0.0002
    xc_1_gr_ch11           72                0.0031               0.0000
    Total Energy           12                0.0026               0.0002
       dav_mgs_t           13                0.0024               0.0002
 dav_refresh_fsr          169                0.0023               0.0000
       ptfft1p00            9                0.0022               0.0002
 ***********************************************************************

 =======================================================================
 TASK                   CALLS        TOTAL CPU TIME           <CPU TIME>
 FFT SingleProc          9360                0.8481               0.0001
 FFT MPI                  298                0.0343               0.0001
 FFTW MPI1                 25                0.0027               0.0001
  
 ALLREDUCE               8422                0.0360               0.0000
 ALLREDUCE_G               42                0.0022               0.0001
 ALLREDUCE_BG              13                0.0001               0.0000
 ALLREDUCE_K             2566                0.0201               0.0000
 ALLGATHERV                67                0.0036               0.0001
 ALLGATHERV_KG            520                0.0035               0.0000
 ALLGATHERV_K             338                0.0028               0.0000
 GATHERV                    2                0.0001               0.0000
 ALLTOALLV                167                0.0077               0.0000
 ALLTOALLV_KG            1417                0.0235               0.0000
 TOTAL TIME FOR COMMUNICATION                0.0996
 =======================================================================

 TOTAL CPU TIME:  00 HOURS 00 MINUTES  3.49 SECONDS

 PROGRAM STATE ENDED AT: Jul  1 11:28:30 2025
  
 HHHHHHHHHHHHHHHHHHHHHHHHHHHHHHHHHHHHHHHHHHHHHHHHHHHHHHHHHHHHHHHHH
 HHHHHHHHHHHHHHHHHHHHHHHHHHHHHHHHHHHHHHHHHHHHHHHHHHHHHHHHHHHHHHHHH
                           _______________________
     __________   _______/______v______v______v___]
    D          | |                                 |
    D   A A    | | Congratulations!                |  C( > < )D
  --  =(^.^)=  | |  The calculation has converged. |    = o =
 |     @@@@@   | |                                 |    (    )~
 /--=O=-+-=O=---+--=O=--+--==O==--+--==O==--+--=O=-+--=O=---=O=-/
  
 HHHHHHHHHHHHHHHHHHHHHHHHHHHHHHHHHHHHHHHHHHHHHHHHHHHHHHHHHHHHHHHHH
 HHHHHHHHHHHHHHHHHHHHHHHHHHHHHHHHHHHHHHHHHHHHHHHHHHHHHHHHHHHHHHHHH
