[0] MPI startup(): I_MPI_TCP_NETMASK variable has been removed from the product, its value is ignored

 
 ***********************************************************************
 *                                                                     *
 *                                                                     *
 *                                                                     *
 *              ******  ********    **    ******** ********            *
 *             ******** ********   ****   ******** ********            *
 *             **          **     **  **     **    **                  *
 *              ***        **    ********    **    ******              *
 *                ***      **   **********   **    ******              *
 *                  **     **  **        **  **    **                  *
 *             ********    ** **          ** **    ********            *
 *              ******     ** VERSION 5.6.17 **    ********            *
 *                               RICS-AIST                             *
 *                           OSAKA UNIVERSITY                          *
 *                                                                     *
 ***********************************************************************
 
 PROGRAM STATE STARTED AT: Jul  1 11:28:04 2025

 THIS JOB RUNS ON         : xs01                            
 THE CURRENT DIRECTORY IS : /home/ikutaro/work/STATE/examples/Cu/fcc/k-p
 THE PROCESS ID IS        : 84314
 THE JOB WAS SUBMITTED BY : ikutaro             
 THE NUMBER OF PROCESSORS : 16
 THE NUMBER OF THREADS    : 1
 
 ELECTRONIC WAVEFUNCTIONS INITIALIZED 
 ELECTRONIC CHARGE INITIALIZED 
 IONIC POSITIONS READ FROM STANDARD INPUT 
 IONIC VELOCITIES INITIALIZED 
 MAXIMUM SCF ITERATIONS : 200
 MAXIMUM MD STEPS : 200
 MAXIMUM ELAPSED CPU TIME :  86400.00 SEC
 TIME INCREMENT IN MOLECULAR DYNAMICS :     50.00 A.U.
 ENERGY CRITERION FOR SCF ITERATIONS :  0.100000E-09 HA/ATOM

 EXCHANGE-CORRELATION FUNCTIONAL : ggapbe
 SPIN POLARIZATION NOT ALLOWED 
 NUMBER OF BANDS CONSIDERED : 16
 METHFESSEL-PAXTON SMEARING 
 SMEARING WIDTH : 0.002000
 DAVIDSON METHOD WITH G-SPACE TECHNIQUE 
 BLUGEL MIXING PARAMETERS 
   MIXING OBJECT : CHARGE 
   MIXING INFORMATION RESET AFTER 30 STEPS
   MIXING PARAMETER : 0.300

 ********************************** TYPE *******************************
 TYPE  NAME  INITIAL CHARGE   MASS(AMU)     PP TYPE  ILOC   INITIAL SPIN
    1    Cu          0.1500     63.5460   UltraSoft     3         0.0000
 ***********************************************************************

 ********************************* ATOMS *******************************
   ATOM    X(BOHR)    Y(BOHR)    Z(BOHR)     TAUX    TAUY    TAUZ IW  IR
   1  1    0.00000    0.00000    0.00000   0.0000  0.0000  0.0000  1   0
 ***********************************************************************

 ******************************** K-POINTS *****************************
 BRAVIAS LATTICE         :        FACE CENTER         
 SPACE GROUP             :        F m -3 m  
 INVERSION SYMMETRY      :        NO 
 CONV. LAT. VECTOR(BOHR) :        6.878600       0.000000       0.000000
 CONV. LAT. VECTOR(BOHR) :        0.000000       6.878600       0.000000
 CONV. LAT. VECTOR(BOHR) :        0.000000       0.000000       6.878600
 PRIM. LAT. VECTOR(BOHR) :        0.000000       3.439300       3.439300
 PRIM. LAT. VECTOR(BOHR) :        3.439300       0.000000       3.439300
 PRIM. LAT. VECTOR(BOHR) :        3.439300       3.439300       0.000000
 PRIM. CELL VOLUME       :    0.813655E+02
 PRIM. REC. VECTOR(1/BOHR) :     -0.913440       0.913440       0.913440
 PRIM. REC. VECTOR(1/BOHR) :      0.913440      -0.913440       0.913440
 PRIM. REC. VECTOR(1/BOHR) :      0.913440       0.913440      -0.913440
 REC. PRIM. CELL VOLUME    :  0.304859E+01
 ENERGY CUTOFF FOR SOFT MODE(RY) :  36.000
 ENERGY CUTOFF FOR HARD MODE(RY) : 400.000
 NUMBER OF K-POINT MESH  :               9              9              9
 K-POINT SHIFT           :             OFF            OFF            OFF
 NUMBER OF K-POINTS      :              35
        NKP            WKP              KX             KY             KZ
          1       0.001372        0.000000       0.000000       0.000000
          2       0.010974       -0.101493       0.101493       0.101493
          3       0.010974       -0.202987       0.202987       0.202987
          4       0.010974       -0.304480       0.304480       0.304480
          5       0.010974       -0.405973       0.405973       0.405973
          6       0.008230        0.000000       0.000000       0.202987
          7       0.032922       -0.101493       0.101493       0.304480
          8       0.032922       -0.202987       0.202987       0.405973
          9       0.032922       -0.304480       0.304480       0.507466
         10       0.032922       -0.405973       0.405973       0.608960
         11       0.032922       -0.507466       0.507466       0.710453
         12       0.032922       -0.608960       0.608960       0.811946
         13       0.016461       -0.710453       0.710453       0.913440
         14       0.008230        0.000000       0.000000       0.405973
         15       0.032922       -0.101493       0.101493       0.507466
         16       0.032922       -0.202987       0.202987       0.608960
         17       0.032922       -0.304480       0.304480       0.710453
         18       0.032922       -0.405973       0.405973       0.811946
         19       0.016461       -0.507466       0.507466       0.913440
         20       0.008230        0.000000       0.000000       0.608960
         21       0.032922       -0.101493       0.101493       0.710453
         22       0.032922       -0.202987       0.202987       0.811946
         23       0.016461       -0.304480       0.304480       0.913440
         24       0.008230        0.000000       0.000000       0.811946
         25       0.016461       -0.101493       0.101493       0.913440
         26       0.032922       -0.000000       0.202987       0.405973
         27       0.065844       -0.101493       0.304480       0.507466
         28       0.065844       -0.202987       0.405973       0.608960
         29       0.032922        0.000000       0.202987       0.608960
         30       0.065844       -0.101493       0.304480       0.710453
         31       0.065844       -0.202987       0.405973       0.811946
         32       0.032922       -0.304480       0.507466       0.913440
         33       0.032922        0.000000       0.202987       0.811946
         34       0.032922       -0.101493       0.304480       0.913440
         35       0.032922       -0.000000       0.405973       0.811946
 ***********************************************************************
 *I* TOTAL NUMBER OF DEGREES OF FREEDOM :     0
     
 NEIBRD =       1331
 KID  KNX  KNY  KNZ  KNL  KNM  KNN  =   21   10   10   10   20   20   20
 KIDP KNXP KNYP KNZP KNLP KNMP KNNP =   33   16   16   16   32   32   32
 NUMBER OF GENERATED VECTORS KNG,KNGP =      2421     10969
 KFFT KFFTP =      16800     67584
 IOPT IOPTP =          1         1

 ************************* SYMMETRY OPERATION **************************
                   Rc              tc               Rp             tp
         1.0000  0.0000  0.0000  0.0000   1.0000  0.0000  0.0000  0.0000
 nr.  1  0.0000  1.0000  0.0000  0.0000   0.0000  1.0000  0.0000  0.0000
         0.0000  0.0000  1.0000  0.0000   0.0000  0.0000  1.0000  0.0000

        -1.0000  0.0000  0.0000  0.0000  -1.0000  0.0000  0.0000  0.0000
 nr.  2  0.0000 -1.0000  0.0000  0.0000   0.0000 -1.0000  0.0000  0.0000
         0.0000  0.0000 -1.0000  0.0000   0.0000  0.0000 -1.0000  0.0000

         1.0000  0.0000  0.0000  0.0000   0.0000 -1.0000  1.0000  0.0000
 nr.  3  0.0000  0.0000 -1.0000  0.0000   0.0000  0.0000  1.0000  0.0000
         0.0000  1.0000  0.0000  0.0000  -1.0000  0.0000  1.0000  0.0000

         0.0000  0.0000  1.0000  0.0000   0.0000  0.0000  1.0000  0.0000
 nr.  4  1.0000  0.0000  0.0000  0.0000   1.0000  0.0000  0.0000  0.0000
         0.0000  1.0000  0.0000  0.0000   0.0000  1.0000  0.0000  0.0000

        -1.0000  0.0000  0.0000  0.0000   0.0000  1.0000 -1.0000  0.0000
 nr.  5  0.0000  0.0000  1.0000  0.0000   0.0000  0.0000 -1.0000  0.0000
         0.0000 -1.0000  0.0000  0.0000   1.0000  0.0000 -1.0000  0.0000

         0.0000  0.0000 -1.0000  0.0000   0.0000  0.0000 -1.0000  0.0000
 nr.  6 -1.0000  0.0000  0.0000  0.0000  -1.0000  0.0000  0.0000  0.0000
         0.0000 -1.0000  0.0000  0.0000   0.0000 -1.0000  0.0000  0.0000

         1.0000  0.0000  0.0000  0.0000  -1.0000  0.0000  0.0000  0.0000
 nr.  7  0.0000 -1.0000  0.0000  0.0000  -1.0000  0.0000  1.0000  0.0000
         0.0000  0.0000 -1.0000  0.0000  -1.0000  1.0000  0.0000  0.0000

         0.0000  0.0000  1.0000  0.0000  -1.0000  1.0000  0.0000  0.0000
 nr.  8  0.0000 -1.0000  0.0000  0.0000   0.0000  1.0000  0.0000  0.0000
         1.0000  0.0000  0.0000  0.0000   0.0000  1.0000 -1.0000  0.0000

         0.0000  1.0000  0.0000  0.0000  -1.0000  0.0000  1.0000  0.0000
 nr.  9  1.0000  0.0000  0.0000  0.0000   0.0000 -1.0000  1.0000  0.0000
         0.0000  0.0000 -1.0000  0.0000   0.0000  0.0000  1.0000  0.0000

         0.0000  1.0000  0.0000  0.0000   0.0000  1.0000  0.0000  0.0000
 nr. 10  0.0000  0.0000  1.0000  0.0000   0.0000  0.0000  1.0000  0.0000
         1.0000  0.0000  0.0000  0.0000   1.0000  0.0000  0.0000  0.0000

        -1.0000  0.0000  0.0000  0.0000   1.0000  0.0000  0.0000  0.0000
 nr. 11  0.0000  1.0000  0.0000  0.0000   1.0000  0.0000 -1.0000  0.0000
         0.0000  0.0000  1.0000  0.0000   1.0000 -1.0000  0.0000  0.0000

         0.0000  0.0000 -1.0000  0.0000   1.0000 -1.0000  0.0000  0.0000
 nr. 12  0.0000  1.0000  0.0000  0.0000   0.0000 -1.0000  0.0000  0.0000
        -1.0000  0.0000  0.0000  0.0000   0.0000 -1.0000  1.0000  0.0000

         0.0000 -1.0000  0.0000  0.0000   1.0000  0.0000 -1.0000  0.0000
 nr. 13 -1.0000  0.0000  0.0000  0.0000   0.0000  1.0000 -1.0000  0.0000
         0.0000  0.0000  1.0000  0.0000   0.0000  0.0000 -1.0000  0.0000

         0.0000 -1.0000  0.0000  0.0000   0.0000 -1.0000  0.0000  0.0000
 nr. 14  0.0000  0.0000 -1.0000  0.0000   0.0000  0.0000 -1.0000  0.0000
        -1.0000  0.0000  0.0000  0.0000  -1.0000  0.0000  0.0000  0.0000

         1.0000  0.0000  0.0000  0.0000   0.0000  1.0000 -1.0000  0.0000
 nr. 15  0.0000  0.0000  1.0000  0.0000  -1.0000  1.0000  0.0000  0.0000
         0.0000 -1.0000  0.0000  0.0000   0.0000  1.0000  0.0000  0.0000

         0.0000  0.0000  1.0000  0.0000   0.0000  0.0000 -1.0000  0.0000
 nr. 16 -1.0000  0.0000  0.0000  0.0000   0.0000  1.0000 -1.0000  0.0000
         0.0000 -1.0000  0.0000  0.0000   1.0000  0.0000 -1.0000  0.0000

         0.0000  1.0000  0.0000  0.0000   1.0000  0.0000 -1.0000  0.0000
 nr. 17 -1.0000  0.0000  0.0000  0.0000   1.0000  0.0000  0.0000  0.0000
         0.0000  0.0000  1.0000  0.0000   1.0000 -1.0000  0.0000  0.0000

         0.0000  0.0000 -1.0000  0.0000  -1.0000  1.0000  0.0000  0.0000
 nr. 18  1.0000  0.0000  0.0000  0.0000  -1.0000  0.0000  0.0000  0.0000
         0.0000 -1.0000  0.0000  0.0000  -1.0000  0.0000  1.0000  0.0000

         0.0000  0.0000 -1.0000  0.0000   0.0000  0.0000  1.0000  0.0000
 nr. 19  0.0000  1.0000  0.0000  0.0000  -1.0000  0.0000  1.0000  0.0000
         1.0000  0.0000  0.0000  0.0000   0.0000 -1.0000  1.0000  0.0000

        -1.0000  0.0000  0.0000  0.0000   0.0000 -1.0000  1.0000  0.0000
 nr. 20  0.0000  0.0000 -1.0000  0.0000   1.0000 -1.0000  0.0000  0.0000
         0.0000  1.0000  0.0000  0.0000   0.0000 -1.0000  0.0000  0.0000

         0.0000  0.0000 -1.0000  0.0000   0.0000  0.0000  1.0000  0.0000
 nr. 21  1.0000  0.0000  0.0000  0.0000   0.0000 -1.0000  1.0000  0.0000
         0.0000  1.0000  0.0000  0.0000  -1.0000  0.0000  1.0000  0.0000

         0.0000 -1.0000  0.0000  0.0000  -1.0000  0.0000  1.0000  0.0000
 nr. 22  1.0000  0.0000  0.0000  0.0000  -1.0000  0.0000  0.0000  0.0000
         0.0000  0.0000 -1.0000  0.0000  -1.0000  1.0000  0.0000  0.0000

         0.0000  0.0000  1.0000  0.0000   1.0000 -1.0000  0.0000  0.0000
 nr. 23 -1.0000  0.0000  0.0000  0.0000   1.0000  0.0000  0.0000  0.0000
         0.0000  1.0000  0.0000  0.0000   1.0000  0.0000 -1.0000  0.0000

         0.0000  0.0000  1.0000  0.0000   0.0000  0.0000 -1.0000  0.0000
 nr. 24  0.0000 -1.0000  0.0000  0.0000   1.0000  0.0000 -1.0000  0.0000
        -1.0000  0.0000  0.0000  0.0000   0.0000  1.0000 -1.0000  0.0000

         0.0000  0.0000  1.0000  0.0000   1.0000 -1.0000  0.0000  0.0000
 nr. 25  0.0000  1.0000  0.0000  0.0000   1.0000  0.0000 -1.0000  0.0000
        -1.0000  0.0000  0.0000  0.0000   1.0000  0.0000  0.0000  0.0000

         0.0000  1.0000  0.0000  0.0000   0.0000 -1.0000  0.0000  0.0000
 nr. 26  0.0000  0.0000 -1.0000  0.0000   1.0000 -1.0000  0.0000  0.0000
        -1.0000  0.0000  0.0000  0.0000   0.0000 -1.0000  1.0000  0.0000

         0.0000  0.0000 -1.0000  0.0000   1.0000 -1.0000  0.0000  0.0000
 nr. 27 -1.0000  0.0000  0.0000  0.0000   0.0000 -1.0000  1.0000  0.0000
         0.0000  1.0000  0.0000  0.0000   0.0000 -1.0000  0.0000  0.0000

         0.0000 -1.0000  0.0000  0.0000   0.0000  1.0000  0.0000  0.0000
 nr. 28  1.0000  0.0000  0.0000  0.0000   0.0000  1.0000 -1.0000  0.0000
         0.0000  0.0000  1.0000  0.0000  -1.0000  1.0000  0.0000  0.0000

         0.0000 -1.0000  0.0000  0.0000   1.0000  0.0000 -1.0000  0.0000
 nr. 29  0.0000  0.0000  1.0000  0.0000   0.0000  0.0000 -1.0000  0.0000
        -1.0000  0.0000  0.0000  0.0000   0.0000  1.0000 -1.0000  0.0000

         0.0000 -1.0000  0.0000  0.0000  -1.0000  0.0000  1.0000  0.0000
 nr. 30  0.0000  0.0000 -1.0000  0.0000  -1.0000  1.0000  0.0000  0.0000
         1.0000  0.0000  0.0000  0.0000  -1.0000  0.0000  0.0000  0.0000

         0.0000  0.0000 -1.0000  0.0000  -1.0000  1.0000  0.0000  0.0000
 nr. 31  0.0000 -1.0000  0.0000  0.0000  -1.0000  0.0000  1.0000  0.0000
         1.0000  0.0000  0.0000  0.0000  -1.0000  0.0000  0.0000  0.0000

         0.0000 -1.0000  0.0000  0.0000   0.0000  1.0000  0.0000  0.0000
 nr. 32  0.0000  0.0000  1.0000  0.0000  -1.0000  1.0000  0.0000  0.0000
         1.0000  0.0000  0.0000  0.0000   0.0000  1.0000 -1.0000  0.0000

         0.0000  0.0000  1.0000  0.0000  -1.0000  1.0000  0.0000  0.0000
 nr. 33  1.0000  0.0000  0.0000  0.0000   0.0000  1.0000 -1.0000  0.0000
         0.0000 -1.0000  0.0000  0.0000   0.0000  1.0000  0.0000  0.0000

         0.0000  1.0000  0.0000  0.0000   0.0000 -1.0000  0.0000  0.0000
 nr. 34 -1.0000  0.0000  0.0000  0.0000   0.0000 -1.0000  1.0000  0.0000
         0.0000  0.0000 -1.0000  0.0000   1.0000 -1.0000  0.0000  0.0000

         0.0000  1.0000  0.0000  0.0000  -1.0000  0.0000  1.0000  0.0000
 nr. 35  0.0000  0.0000 -1.0000  0.0000   0.0000  0.0000  1.0000  0.0000
         1.0000  0.0000  0.0000  0.0000   0.0000 -1.0000  1.0000  0.0000

         0.0000  1.0000  0.0000  0.0000   1.0000  0.0000 -1.0000  0.0000
 nr. 36  0.0000  0.0000  1.0000  0.0000   1.0000 -1.0000  0.0000  0.0000
        -1.0000  0.0000  0.0000  0.0000   1.0000  0.0000  0.0000  0.0000

         0.0000  0.0000 -1.0000  0.0000   0.0000  0.0000 -1.0000  0.0000
 nr. 37  0.0000 -1.0000  0.0000  0.0000   0.0000 -1.0000  0.0000  0.0000
        -1.0000  0.0000  0.0000  0.0000  -1.0000  0.0000  0.0000  0.0000

         0.0000 -1.0000  0.0000  0.0000   0.0000 -1.0000  0.0000  0.0000
 nr. 38 -1.0000  0.0000  0.0000  0.0000  -1.0000  0.0000  0.0000  0.0000
         0.0000  0.0000 -1.0000  0.0000   0.0000  0.0000 -1.0000  0.0000

        -1.0000  0.0000  0.0000  0.0000   1.0000  0.0000  0.0000  0.0000
 nr. 39  0.0000  0.0000  1.0000  0.0000   1.0000 -1.0000  0.0000  0.0000
         0.0000  1.0000  0.0000  0.0000   1.0000  0.0000 -1.0000  0.0000

        -1.0000  0.0000  0.0000  0.0000   0.0000 -1.0000  1.0000  0.0000
 nr. 40  0.0000  1.0000  0.0000  0.0000   0.0000 -1.0000  0.0000  0.0000
         0.0000  0.0000 -1.0000  0.0000   1.0000 -1.0000  0.0000  0.0000

        -1.0000  0.0000  0.0000  0.0000   0.0000  1.0000 -1.0000  0.0000
 nr. 41  0.0000 -1.0000  0.0000  0.0000   1.0000  0.0000 -1.0000  0.0000
         0.0000  0.0000  1.0000  0.0000   0.0000  0.0000 -1.0000  0.0000

         0.0000  0.0000  1.0000  0.0000   0.0000  0.0000  1.0000  0.0000
 nr. 42  0.0000  1.0000  0.0000  0.0000   0.0000  1.0000  0.0000  0.0000
         1.0000  0.0000  0.0000  0.0000   1.0000  0.0000  0.0000  0.0000

         0.0000  1.0000  0.0000  0.0000   0.0000  1.0000  0.0000  0.0000
 nr. 43  1.0000  0.0000  0.0000  0.0000   1.0000  0.0000  0.0000  0.0000
         0.0000  0.0000  1.0000  0.0000   0.0000  0.0000  1.0000  0.0000

         1.0000  0.0000  0.0000  0.0000  -1.0000  0.0000  0.0000  0.0000
 nr. 44  0.0000  0.0000 -1.0000  0.0000  -1.0000  1.0000  0.0000  0.0000
         0.0000 -1.0000  0.0000  0.0000  -1.0000  0.0000  1.0000  0.0000

         1.0000  0.0000  0.0000  0.0000   0.0000  1.0000 -1.0000  0.0000
 nr. 45  0.0000 -1.0000  0.0000  0.0000   0.0000  1.0000  0.0000  0.0000
         0.0000  0.0000  1.0000  0.0000  -1.0000  1.0000  0.0000  0.0000

         1.0000  0.0000  0.0000  0.0000   0.0000 -1.0000  1.0000  0.0000
 nr. 46  0.0000  1.0000  0.0000  0.0000  -1.0000  0.0000  1.0000  0.0000
         0.0000  0.0000 -1.0000  0.0000   0.0000  0.0000  1.0000  0.0000

        -1.0000  0.0000  0.0000  0.0000  -1.0000  0.0000  0.0000  0.0000
 nr. 47  0.0000  0.0000 -1.0000  0.0000   0.0000  0.0000 -1.0000  0.0000
         0.0000 -1.0000  0.0000  0.0000   0.0000 -1.0000  0.0000  0.0000

         1.0000  0.0000  0.0000  0.0000   1.0000  0.0000  0.0000  0.0000
 nr. 48  0.0000  0.0000  1.0000  0.0000   0.0000  0.0000  1.0000  0.0000
         0.0000  1.0000  0.0000  0.0000   0.0000  1.0000  0.0000  0.0000
 ***********************************************************************
  
           ===================================================
           ===       MPI PARALLELIZATION INFORMATION       ===
           ===================================================
           === TOTAL NUMBER OF K-POINTS          :      35 ===
           === K-POINT DIVISOR                   :       1 ===
           === TOTAL NUMBER OF BANDS             :      16 ===
           === BAND DIVISOR                      :      16 ===
           === TOTAL NUMBER OF G-VECTORS         :     310 ===
           === G-VECTOR DIVISOR                  :       1 ===
           ===================================================

 ***********************************************************************
                               ALLOCATION 
 ***********************************************************************
  NCPU  KNGP_FFT      KNGP       KNG     KNG1      KEG     KATM    KATM2
     0      1061       685       151       20        1        0        0
     1      1041       685       151       20        1        0        0
     2       965       685       151       20        1        0        0
     3       877       685       151       20        1        0        0
     4       745       685       151       20        1        0        0
     5       569       685       151       20        1        0        0
     6       369       685       151       19        1        0        0
     7       125       686       151       19        1        0        0
     8        30       686       151       19        1        0        0
     9       251       686       151       19        1        0        0
    10       471       686       151       19        1        0        0
    11       665       686       152       19        1        0        0
    12       817       686       152       19        1        0        0
    13       929       686       152       19        1        0        0
    14      1001       686       152       19        1        0        0
    15      1053       686       152       19        1        1        1
 -----------------------------------------------------------------------
  NCPU    KFFTPM     KFFTP    KFFTP2     KFFT    KMESH     KNMP     KNNP
     0      4224      4224      2112     1050       93        2        2
     1      4224      4224      2112     1050       93        2        2
     2      4224      4224      2112     1050       93        2        2
     3      4224      4224      2112     1050       94        2        2
     4      4224      4224      2112     1050       94        2        2
     5      4224      4224      2112     1050       94        2        2
     6      4224      4224      2112     1050       94        2        2
     7      4224      4224      2112     1050       94        2        2
     8      4224      4224      2112     1050       94        2        2
     9      4224      4224      2112     1050       94        2        2
    10      4224      4224      2112     1050       94        2        2
    11      4224      4224      2112     1050       94        2        2
    12      4224      4224      2112     1050       94        2        2
    13      4224      4224      2112     1050       94        2        2
    14      4224      4224      2112     1050       94        2        2
    15      4224      4224      2112     1050       94        2        2
 ***********************************************************************
                            END OF ALLOCATION 
 ***********************************************************************

 ********   <<  Reading Potential >>  ******** 
 F_POT(01) = pot.Cu_pbe1
 29.0000 11.0000  6      1          : NATOMN IVAL ILOC ITPCC
 ggapbe                             : XCTYPE
  7.5900  3.0200  2.6959 -1.6959    : ALP CC
 1501    96.0000 60.0000            : NMESH XH RMAX
 VALL is read from unit 37
    1   2   1                       : IL ITAU(IL1) IVAN(IL1)
    2   2   1                       : IL ITAU(IL1) IVAN(IL1)
    3   2   1                       : IL ITAU(IL1) IVAN(IL1)
    1   1   1   1   1   1  1135   8 : MM L1 T1 L2 T2 L3 NRC MORD
    2   1   1   1   2   1  1135   8 : MM L1 T1 L2 T2 L3 NRC MORD
    3   1   1   2   1   2  1135   8 : MM L1 T1 L2 T2 L3 NRC MORD
    4   1   1   2   2   2  1135   8 : MM L1 T1 L2 T2 L3 NRC MORD
    5   1   1   3   1   3  1135   8 : MM L1 T1 L2 T2 L3 NRC MORD
    6   1   1   3   2   3  1135   8 : MM L1 T1 L2 T2 L3 NRC MORD
    7   1   2   1   2   1  1135   8 : MM L1 T1 L2 T2 L3 NRC MORD
    8   1   2   2   1   2  1135   8 : MM L1 T1 L2 T2 L3 NRC MORD
    9   1   2   2   2   2  1135   8 : MM L1 T1 L2 T2 L3 NRC MORD
   10   1   2   3   1   3  1135   8 : MM L1 T1 L2 T2 L3 NRC MORD
   11   1   2   3   2   3  1135   8 : MM L1 T1 L2 T2 L3 NRC MORD
   12   2   1   2   1   1  1135   8 : MM L1 T1 L2 T2 L3 NRC MORD
   13   2   1   2   1   3  1135   8 : MM L1 T1 L2 T2 L3 NRC MORD
   14   2   1   2   2   1  1135   8 : MM L1 T1 L2 T2 L3 NRC MORD
   15   2   1   2   2   3  1135   8 : MM L1 T1 L2 T2 L3 NRC MORD
   16   2   1   3   1   2  1135   8 : MM L1 T1 L2 T2 L3 NRC MORD
   17   2   1   3   1   4  1135   8 : MM L1 T1 L2 T2 L3 NRC MORD
   18   2   1   3   2   2  1135   8 : MM L1 T1 L2 T2 L3 NRC MORD
   19   2   1   3   2   4  1135   8 : MM L1 T1 L2 T2 L3 NRC MORD
   20   2   2   2   2   1  1135   8 : MM L1 T1 L2 T2 L3 NRC MORD
   21   2   2   2   2   3  1135   8 : MM L1 T1 L2 T2 L3 NRC MORD
   22   2   2   3   1   2  1135   8 : MM L1 T1 L2 T2 L3 NRC MORD
   23   2   2   3   1   4  1135   8 : MM L1 T1 L2 T2 L3 NRC MORD
   24   2   2   3   2   2  1135   8 : MM L1 T1 L2 T2 L3 NRC MORD
   25   2   2   3   2   4  1135   8 : MM L1 T1 L2 T2 L3 NRC MORD
   26   3   1   3   1   1  1135   8 : MM L1 T1 L2 T2 L3 NRC MORD
   27   3   1   3   1   3  1127   8 : MM L1 T1 L2 T2 L3 NRC MORD
   28   3   1   3   1   5  1135   8 : MM L1 T1 L2 T2 L3 NRC MORD
   29   3   1   3   2   1  1135   8 : MM L1 T1 L2 T2 L3 NRC MORD
   30   3   1   3   2   3  1135   8 : MM L1 T1 L2 T2 L3 NRC MORD
   31   3   1   3   2   5  1135   8 : MM L1 T1 L2 T2 L3 NRC MORD
   32   3   2   3   2   1  1135   8 : MM L1 T1 L2 T2 L3 NRC MORD
   33   3   2   3   2   3  1135   8 : MM L1 T1 L2 T2 L3 NRC MORD
   34   3   2   3   2   5  1135   8 : MM L1 T1 L2 T2 L3 NRC MORD
 CHGPC  =   8.48851088
 TOTAL ENERGY CORRECTION FROM PS     =     0.4923571502D+00
 TOTAL PARTIAL CHARGE         SCHGPC =         8.4885108817
 TOTAL LOCALIZED CHARGE (QLCTOT)     =         0.0000000000
 KQITG =    34
 NUMBER OF BANDS SHOULD BE GREATER THAN 6
 KLMT  =    18
 KLMTT =    18
 KLMTA =    18
 TOTCH =      11.000000000000
 NX NY NZ  =   4   4   4
 NNEIB     =     729
 ALF       =    2.647574
 NEWLDG    =     137

 ***********************************************************************
 *                                                                     *
 *                              START SCF                              *
 *                                                                     *
 ***********************************************************************

  NSCF NADR            ETOTAL          EDEL          CDEL CONV      TCPU
     1    0      -59.01868192   0.59019E+02   0.15190E-01    0      0.53
     2    0      -59.50793824   0.48926E+00   0.53874E-01    0      0.26
     3    1      -59.76281817   0.25488E+00   0.93397E-02    0      0.26
     4    2      -59.76603832   0.32202E-02   0.34468E-02    1      0.26
     5    3      -59.76590777   0.13055E-03   0.12679E-02    1      0.26
     6    4      -59.76602352   0.11575E-03   0.53500E-03    2      0.26
     7    5      -59.76604764   0.24123E-04   0.76226E-04    3      0.26
     8    6      -59.76604813   0.48727E-06   0.10454E-04    3      0.26
     9    7      -59.76604814   0.74199E-08   0.38293E-05    3      0.26
    10    8      -59.76604814   0.11957E-08   0.67621E-06    3      0.29
    11    9      -59.76604814   0.48672E-11   0.14571E-06    4      0.26
    12   10      -59.76604814   0.72475E-12   0.62392E-07    5      0.26
    13   11      -59.76604814   0.34980E-10   0.15595E-07    6      0.26
 
                                   TOTAL CHARGE DENSITY =     10.9999997

                     TOTAL ENERGY AND ITS COMPONENTS 
                  TOTAL ENERGY     =         -59.76604814 A.U.
                KINETIC ENERGY     =           6.33528435 A.U.
                HARTREE ENERGY     =          16.07923912 A.U.
                     XC ENERGY     =         -19.86562504 A.U.
                  LOCAL ENERGY     =         -17.32859768 A.U.
               NONLOCAL ENERGY     =          -4.66067642 A.U.
                  EWALD ENERGY     =         -40.32567026 A.U.
                     PC ENERGY     =           0.00000000 A.U.
               ENTROPIC ENERGY     =          -0.00000220 A.U.

                                         FERMI ENERGY =      -0.03784038
 NKP=    1  NGP=       307  K=(  0.00000  0.00000  0.00000)  WKP= 0.0014
                              EIGEN VALUE 
 -0.38325 -0.15448 -0.15448 -0.15448 -0.12540 -0.12540  0.81227  0.88459
  0.88459  0.88459  0.96425  0.96425  0.96425  1.10350  1.29731  1.29731
                               OCCUPATION 
  1.00000  1.00000  1.00000  1.00000  1.00000  1.00000  0.00000  0.00000
  0.00000  0.00000  0.00000  0.00000  0.00000  0.00000  0.00000  0.00000
 NKP=    2  NGP=       304  K=( -0.10149  0.10149  0.10149)  WKP= 0.0110
                              EIGEN VALUE 
 -0.36705 -0.15760 -0.15171 -0.15171 -0.12630 -0.12630  0.67263  0.82790
  0.84036  0.84036  1.03395  1.03395  1.04838  1.17023  1.17023  1.21193
                               OCCUPATION 
  1.00000  1.00000  1.00000  1.00000  1.00000  1.00000  0.00000  0.00000
  0.00000  0.00000  0.00000  0.00000  0.00000  0.00000  0.00000  0.00000
 NKP=    3  NGP=       299  K=( -0.20299  0.20299  0.20299)  WKP= 0.0110
                              EIGEN VALUE 
 -0.32114 -0.16298 -0.14865 -0.14865 -0.12422 -0.12422  0.45886  0.79494
  0.79494  0.80518  1.02885  1.02885  1.04786  1.17216  1.17216  1.35316
                               OCCUPATION 
  1.00000  1.00000  1.00000  1.00000  1.00000  1.00000  0.00000  0.00000
  0.00000  0.00000  0.00000  0.00000  0.00000  0.00000  0.00000  0.00000
 NKP=    4  NGP=       302  K=( -0.30448  0.30448  0.30448)  WKP= 0.0110
                              EIGEN VALUE 
 -0.26090 -0.15395 -0.15170 -0.15170 -0.11454 -0.11454  0.26759  0.77057
  0.77057  0.77375  0.93236  0.93236  1.05179  1.32844  1.32844  1.46983
                               OCCUPATION 
  1.00000  1.00000  1.00000  1.00000  1.00000  1.00000  0.00000  0.00000
  0.00000  0.00000  0.00000  0.00000  0.00000  0.00000  0.00000  0.00000
 NKP=    5  NGP=       290  K=( -0.40597  0.40597  0.40597)  WKP= 0.0110
                              EIGEN VALUE 
 -0.23026 -0.15524 -0.15524 -0.10617 -0.10617 -0.09851  0.11894  0.75201
  0.76400  0.76400  0.87561  0.87561  1.05672  1.51127  1.51127  1.60444
                               OCCUPATION 
  1.00000  1.00000  1.00000  1.00000  1.00000  1.00000  0.00000  0.00000
  0.00000  0.00000  0.00000  0.00000  0.00000  0.00000  0.00000  0.00000
 NKP=    6  NGP=       299  K=(  0.00000  0.00000  0.20299)  WKP= 0.0082
                              EIGEN VALUE 
 -0.36169 -0.16053 -0.14943 -0.14943 -0.13078 -0.12314  0.74302  0.75025
  0.75025  0.81595  1.00852  1.08070  1.11887  1.11887  1.23239  1.33122
                               OCCUPATION 
  1.00000  1.00000  1.00000  1.00000  1.00000  1.00000  0.00000  0.00000
  0.00000  0.00000  0.00000  0.00000  0.00000  0.00000  0.00000  0.00000
 NKP=    7  NGP=       299  K=( -0.10149  0.10149  0.30448)  WKP= 0.0329
                              EIGEN VALUE 
 -0.32569 -0.16705 -0.14635 -0.14458 -0.13150 -0.12006  0.53927  0.68818
  0.73701  0.84625  0.91383  1.07399  1.17876  1.19563  1.27472  1.37209
                               OCCUPATION 
  1.00000  1.00000  1.00000  1.00000  1.00000  1.00000  0.00000  0.00000
  0.00000  0.00000  0.00000  0.00000  0.00000  0.00000  0.00000  0.00000
 NKP=    8  NGP=       298  K=( -0.20299  0.20299  0.40597)  WKP= 0.0329
                              EIGEN VALUE 
 -0.26840 -0.16900 -0.15276 -0.14518 -0.11461 -0.11214  0.33928  0.65658
  0.70540  0.75750  1.01522  1.05265  1.08844  1.20811  1.40283  1.50156
                               OCCUPATION 
  1.00000  1.00000  1.00000  1.00000  1.00000  1.00000  0.00000  0.00000
  0.00000  0.00000  0.00000  0.00000  0.00000  0.00000  0.00000  0.00000
 NKP=    9  NGP=       293  K=( -0.30448  0.30448  0.50747)  WKP= 0.0329
                              EIGEN VALUE 
 -0.22633 -0.16027 -0.14904 -0.14787 -0.10518 -0.07544  0.17006  0.64626
  0.65846  0.72458  1.00780  1.00896  1.13047  1.28645  1.57155  1.63384
                               OCCUPATION 
  1.00000  1.00000  1.00000  1.00000  1.00000  1.00000  0.00000  0.00000
  0.00000  0.00000  0.00000  0.00000  0.00000  0.00000  0.00000  0.00000
 NKP=   10  NGP=       290  K=( -0.40597  0.40597  0.60896)  WKP= 0.0329
                              EIGEN VALUE 
 -0.21955 -0.16095 -0.15095 -0.13473 -0.10655 -0.03656  0.09775  0.59371
  0.69651  0.73729  0.95739  0.99629  1.16107  1.46553  1.48138  1.54707
                               OCCUPATION 
  1.00000  1.00000  1.00000  1.00000  1.00000  0.06250  0.00000  0.00000
  0.00000  0.00000  0.00000  0.00000  0.00000  0.00000  0.00000  0.00000
 NKP=   11  NGP=       297  K=( -0.50747  0.50747  0.71045)  WKP= 0.0329
                              EIGEN VALUE 
 -0.23506 -0.15675 -0.15527 -0.14891 -0.11672 -0.08579  0.22215  0.57087
  0.77039  0.77982  0.93384  0.98813  1.18592  1.28459  1.38276  1.64134
                               OCCUPATION 
  1.00000  1.00000  1.00000  1.00000  1.00000  1.00000  0.00000  0.00000
  0.00000  0.00000  0.00000  0.00000  0.00000  0.00000  0.00000  0.00000
 NKP=   12  NGP=       302  K=( -0.60896  0.60896  0.81195)  WKP= 0.0329
                              EIGEN VALUE 
 -0.28832 -0.16780 -0.15057 -0.14442 -0.12967 -0.10938  0.40363  0.57885
  0.85012  0.87614  0.93719  0.96206  1.11320  1.20027  1.29889  1.51162
                               OCCUPATION 
  1.00000  1.00000  1.00000  1.00000  1.00000  1.00000  0.00000  0.00000
  0.00000  0.00000  0.00000  0.00000  0.00000  0.00000  0.00000  0.00000
 NKP=   13  NGP=       305  K=( -0.71045  0.71045  0.91344)  WKP= 0.0165
                              EIGEN VALUE 
 -0.34084 -0.16286 -0.14850 -0.14728 -0.13149 -0.12144  0.60023  0.62668
  0.89152  0.94212  0.95705  0.99114  1.01261  1.18269  1.26331  1.35445
                               OCCUPATION 
  1.00000  1.00000  1.00000  1.00000  1.00000  1.00000  0.00000  0.00000
  0.00000  0.00000  0.00000  0.00000  0.00000  0.00000  0.00000  0.00000
 NKP=   14  NGP=       303  K=(  0.00000  0.00000  0.40597)  WKP= 0.0082
                              EIGEN VALUE 
 -0.30160 -0.17557 -0.14088 -0.13535 -0.13535 -0.11739  0.60975  0.60975
  0.66663  0.68308  0.78248  1.29513  1.30539  1.30539  1.40111  1.42171
                               OCCUPATION 
  1.00000  1.00000  1.00000  1.00000  1.00000  1.00000  0.00000  0.00000
  0.00000  0.00000  0.00000  0.00000  0.00000  0.00000  0.00000  0.00000
 NKP=   15  NGP=       301  K=( -0.10149  0.10149  0.50747)  WKP= 0.0329
                              EIGEN VALUE 
 -0.25642 -0.18249 -0.14896 -0.13122 -0.11299 -0.11099  0.43460  0.56409
  0.57996  0.68207  0.83093  1.26107  1.27057  1.37243  1.49737  1.57779
                               OCCUPATION 
  1.00000  1.00000  1.00000  1.00000  1.00000  1.00000  0.00000  0.00000
  0.00000  0.00000  0.00000  0.00000  0.00000  0.00000  0.00000  0.00000
 NKP=   16  NGP=       301  K=( -0.20299  0.20299  0.60896)  WKP= 0.0329
                              EIGEN VALUE 
 -0.21533 -0.18191 -0.15546 -0.13421 -0.10417 -0.05894  0.25376  0.48743
  0.55580  0.67861  0.99084  1.18462  1.20802  1.38163  1.66023  1.70980
                               OCCUPATION 
  1.00000  1.00000  1.00000  1.00000  1.00000  1.00000  0.00000  0.00000
  0.00000  0.00000  0.00000  0.00000  0.00000  0.00000  0.00000  0.00000
 NKP=   17  NGP=       294  K=( -0.30448  0.30448  0.71045)  WKP= 0.0329
                              EIGEN VALUE 
 -0.20148 -0.17691 -0.15459 -0.13778 -0.10596  0.02939  0.11553  0.42099
  0.58734  0.69143  1.12323  1.13639  1.21430  1.39376  1.48243  1.55822
                               OCCUPATION 
  1.00000  1.00000  1.00000  1.00000  1.00000  0.00000  0.00000  0.00000
  0.00000  0.00000  0.00000  0.00000  0.00000  0.00000  0.00000  0.00000
 NKP=   18  NGP=       295  K=( -0.40597  0.40597  0.81195)  WKP= 0.0329
                              EIGEN VALUE 
 -0.20314 -0.17012 -0.16354 -0.13885 -0.11669 -0.02332  0.20100  0.38538
  0.65629  0.72757  1.08990  1.10378  1.27493  1.34107  1.42330  1.48119
                               OCCUPATION 
  1.00000  1.00000  1.00000  1.00000  1.00000  0.00000  0.00000  0.00000
  0.00000  0.00000  0.00000  0.00000  0.00000  0.00000  0.00000  0.00000
 NKP=   19  NGP=       297  K=( -0.50747  0.50747  0.91344)  WKP= 0.0165
                              EIGEN VALUE 
 -0.23713 -0.17270 -0.15912 -0.13758 -0.12990 -0.08061  0.36019  0.39534
  0.75637  0.78932  1.02943  1.07787  1.09976  1.25642  1.47546  1.56614
                               OCCUPATION 
  1.00000  1.00000  1.00000  1.00000  1.00000  1.00000  0.00000  0.00000
  0.00000  0.00000  0.00000  0.00000  0.00000  0.00000  0.00000  0.00000
 NKP=   20  NGP=       310  K=(  0.00000  0.00000  0.60896)  WKP= 0.0082
                              EIGEN VALUE 
 -0.23532 -0.19214 -0.12020 -0.11647 -0.11647 -0.11075  0.45272  0.50300
  0.50300  0.61904  0.71213  1.46699  1.46699  1.48684  1.56028  1.56303
                               OCCUPATION 
  1.00000  1.00000  1.00000  1.00000  1.00000  1.00000  0.00000  0.00000
  0.00000  0.00000  0.00000  0.00000  0.00000  0.00000  0.00000  0.00000
 NKP=   21  NGP=       303  K=( -0.10149  0.10149  0.71045)  WKP= 0.0329
                              EIGEN VALUE 
 -0.21749 -0.19594 -0.12778 -0.11641 -0.10362 -0.04946  0.35122  0.36496
  0.48080  0.64290  0.78525  1.38338  1.42072  1.63166  1.68664  1.75533
                               OCCUPATION 
  1.00000  1.00000  1.00000  1.00000  1.00000  1.00000  0.00000  0.00000
  0.00000  0.00000  0.00000  0.00000  0.00000  0.00000  0.00000  0.00000
 NKP=   22  NGP=       298  K=( -0.20299  0.20299  0.81195)  WKP= 0.0329
                              EIGEN VALUE 
 -0.20330 -0.19235 -0.14196 -0.12098 -0.10419  0.05481  0.20543  0.28202
  0.50178  0.65632  0.96257  1.30836  1.34572  1.51850  1.57528  1.67466
                               OCCUPATION 
  1.00000  1.00000  1.00000  1.00000  1.00000  0.00000  0.00000  0.00000
  0.00000  0.00000  0.00000  0.00000  0.00000  0.00000  0.00000  0.00000
 NKP=   23  NGP=       284  K=( -0.30448  0.30448  0.91344)  WKP= 0.0165
                              EIGEN VALUE 
 -0.19090 -0.18472 -0.15874 -0.12778 -0.11185  0.07284  0.17069  0.26287
  0.56299  0.68250  1.17589  1.23789  1.24534  1.33135  1.43042  1.70604
                               OCCUPATION 
  1.00000  1.00000  1.00000  1.00000  1.00000  0.00000  0.00000  0.00000
  0.00000  0.00000  0.00000  0.00000  0.00000  0.00000  0.00000  0.00000
 NKP=   24  NGP=       302  K=(  0.00000  0.00000  0.81195)  WKP= 0.0082
                              EIGEN VALUE 
 -0.22071 -0.20267 -0.10638 -0.10191 -0.10191 -0.02010  0.25379  0.44343
  0.44343  0.59698  0.69017  1.56299  1.63869  1.63869  1.67072  1.84176
                               OCCUPATION 
  1.00000  1.00000  1.00000  1.00000  1.00000  0.00000  0.00000  0.00000
  0.00000  0.00000  0.00000  0.00000  0.00000  0.00000  0.00000  0.00000
 NKP=   25  NGP=       298  K=( -0.10149  0.10149  0.91344)  WKP= 0.0165
                              EIGEN VALUE 
 -0.21569 -0.20116 -0.11451 -0.10931 -0.10114  0.03738  0.21551  0.33806
  0.45088  0.63142  0.77153  1.47770  1.53378  1.61956  1.66394  1.84660
                               OCCUPATION 
  1.00000  1.00000  1.00000  1.00000  1.00000  0.00000  0.00000  0.00000
  0.00000  0.00000  0.00000  0.00000  0.00000  0.00000  0.00000  0.00000
 NKP=   26  NGP=       300  K=( -0.00000  0.20299  0.40597)  WKP= 0.0329
                              EIGEN VALUE 
 -0.28337 -0.17405 -0.15128 -0.13498 -0.13130 -0.10879  0.48210  0.50588
  0.71965  0.82710  0.89167  1.07934  1.16755  1.30557  1.39243  1.49239
                               OCCUPATION 
  1.00000  1.00000  1.00000  1.00000  1.00000  1.00000  0.00000  0.00000
  0.00000  0.00000  0.00000  0.00000  0.00000  0.00000  0.00000  0.00000
 NKP=   27  NGP=       301  K=( -0.10149  0.30448  0.50747)  WKP= 0.0658
                              EIGEN VALUE 
 -0.23045 -0.17483 -0.16052 -0.13687 -0.11774 -0.07971  0.30119  0.47811
  0.61787  0.82815  0.96434  1.06306  1.19634  1.35025  1.43707  1.68312
                               OCCUPATION 
  1.00000  1.00000  1.00000  1.00000  1.00000  1.00000  0.00000  0.00000
  0.00000  0.00000  0.00000  0.00000  0.00000  0.00000  0.00000  0.00000
 NKP=   28  NGP=       298  K=( -0.20299  0.40597  0.60896)  WKP= 0.0658
                              EIGEN VALUE 
 -0.20670 -0.17104 -0.15617 -0.14089 -0.10783 -0.01284  0.14339  0.49212
  0.54139  0.81418  0.95146  1.18853  1.22773  1.33097  1.46142  1.59222
                               OCCUPATION 
  1.00000  1.00000  1.00000  1.00000  1.00000  0.00000  0.00000  0.00000
  0.00000  0.00000  0.00000  0.00000  0.00000  0.00000  0.00000  0.00000
 NKP=   29  NGP=       300  K=(  0.00000  0.20299  0.60896)  WKP= 0.0329
                              EIGEN VALUE 
 -0.22199 -0.18782 -0.15176 -0.11737 -0.11656 -0.07444  0.39367  0.41843
  0.47186  0.75977  0.83312  1.18617  1.41649  1.50629  1.53620  1.63463
                               OCCUPATION 
  1.00000  1.00000  1.00000  1.00000  1.00000  1.00000  0.00000  0.00000
  0.00000  0.00000  0.00000  0.00000  0.00000  0.00000  0.00000  0.00000
 NKP=   30  NGP=       294  K=( -0.10149  0.30448  0.71045)  WKP= 0.0658
                              EIGEN VALUE 
 -0.20008 -0.18600 -0.15792 -0.12439 -0.10615  0.00530  0.23390  0.38495
  0.41442  0.78801  0.97362  1.11954  1.41767  1.47355  1.53563  1.69107
                               OCCUPATION 
  1.00000  1.00000  1.00000  1.00000  1.00000  0.00000  0.00000  0.00000
  0.00000  0.00000  0.00000  0.00000  0.00000  0.00000  0.00000  0.00000
 NKP=   31  NGP=       292  K=( -0.20299  0.40597  0.81195)  WKP= 0.0658
                              EIGEN VALUE 
 -0.18800 -0.18493 -0.16341 -0.12984 -0.10725  0.08068  0.13806  0.32956
  0.45297  0.81473  1.04227  1.18557  1.27376  1.37862  1.54928  1.62376
                               OCCUPATION 
  1.00000  1.00000  1.00000  1.00000  1.00000  0.00000  0.00000  0.00000
  0.00000  0.00000  0.00000  0.00000  0.00000  0.00000  0.00000  0.00000
 NKP=   32  NGP=       290  K=( -0.30448  0.50747  0.91344)  WKP= 0.0329
                              EIGEN VALUE 
 -0.19543 -0.17536 -0.17340 -0.12941 -0.11605 -0.01718  0.26900  0.32201
  0.52249  0.86341  0.97985  1.10359  1.31513  1.42086  1.46898  1.59697
                               OCCUPATION 
  1.00000  1.00000  1.00000  1.00000  1.00000  0.00000  0.00000  0.00000
  0.00000  0.00000  0.00000  0.00000  0.00000  0.00000  0.00000  0.00000
 NKP=   33  NGP=       295  K=(  0.00000  0.20299  0.81195)  WKP= 0.0329
                              EIGEN VALUE 
 -0.21094 -0.19677 -0.13133 -0.11240 -0.10194  0.02358  0.26676  0.34360
  0.37226  0.72667  0.80731  1.30752  1.52913  1.63448  1.64702  1.77406
                               OCCUPATION 
  1.00000  1.00000  1.00000  1.00000  1.00000  0.00000  0.00000  0.00000
  0.00000  0.00000  0.00000  0.00000  0.00000  0.00000  0.00000  0.00000
 NKP=   34  NGP=       294  K=( -0.10149  0.30448  0.91344)  WKP= 0.0329
                              EIGEN VALUE 
 -0.20028 -0.18992 -0.14825 -0.12082 -0.10204  0.11078  0.20607  0.23808
  0.39115  0.77422  0.96769  1.20392  1.34416  1.54357  1.67576  1.82609
                               OCCUPATION 
  1.00000  1.00000  1.00000  1.00000  1.00000  0.00000  0.00000  0.00000
  0.00000  0.00000  0.00000  0.00000  0.00000  0.00000  0.00000  0.00000
 NKP=   35  NGP=       294  K=( -0.00000  0.40597  0.81195)  WKP= 0.0329
                              EIGEN VALUE 
 -0.19355 -0.17862 -0.16730 -0.12560 -0.10201  0.10475  0.21703  0.28485
  0.31243  0.94375  0.97329  1.07388  1.25695  1.60933  1.67925  1.75916
                               OCCUPATION 
  1.00000  1.00000  1.00000  1.00000  1.00000  0.00000  0.00000  0.00000
  0.00000  0.00000  0.00000  0.00000  0.00000  0.00000  0.00000  0.00000
 
 QMDQMDQMDQMDQMDQMDQMDQMDQMDQMDQMDQMDQMDQMDQMDQMDQMDQMDQMDQMDQMDQMDQMDQM

 MD ITERATION NR.      1:013          TOTAL CPU TIME =      4.02 SECONDS

                       CONVERGED ENERGY AND FORCES 
   NIT     TotalEnergy     f_max     f_rms      edel      vdel      fdel
     1    -59.76604814  0.000000  0.000000  0.35D-10  0.16D-07  0.35D-10

    ATOM              COORDINATES                        FORCES
MD:    1
MD:    1 Cu   0.000000   0.000000   0.000000  -0.00000 -0.00000 -0.00000
 
CHGPRO:     0.0000      0.2966919867     -0.4891428591      0.1564326248
CHGPRO:     0.1520      0.2913969730     -0.4896906597      0.1513982334
CHGPRO:     0.3040      0.2761006573     -0.4913088995      0.1365333323
CHGPRO:     0.4560      0.2524596400     -0.4941054744      0.1125821164
CHGPRO:     0.6080      0.2229322272     -0.4980288246      0.0809995358
CHGPRO:     0.7600      0.1904400690     -0.5026820165      0.0441771484
CHGPRO:     0.9120      0.1579626983     -0.5073774738      0.0055684515
CHGPRO:     1.0640      0.1280856619     -0.5108521629     -0.0306110632
CHGPRO:     1.2160      0.1026069365     -0.5115431003     -0.0604924575
CHGPRO:     1.3680      0.0823183491     -0.5075200071     -0.0812726943
CHGPRO:     1.5200      0.0670560903     -0.4970448479     -0.0911672713
CHGPRO:     1.6720      0.0560353157     -0.4797438726     -0.0899269867
CHGPRO:     1.8240      0.0483004480     -0.4572244844     -0.0796874847
CHGPRO:     1.9760      0.0430370576     -0.4341605413     -0.0649202783
CHGPRO:     2.1280      0.0396555566     -0.4152926417     -0.0508901098
CHGPRO:     2.2800      0.0377667126     -0.4021817478     -0.0414264758
CHGPRO:     2.4320      0.0371583427     -0.3970895608     -0.0381606172
CHGPRO:     2.5839      0.0377667126     -0.4021817478     -0.0414264758
CHGPRO:     2.7359      0.0396555566     -0.4152926417     -0.0508901098
CHGPRO:     2.8879      0.0430370576     -0.4341605413     -0.0649202783
CHGPRO:     3.0399      0.0483004480     -0.4572244844     -0.0796874847
CHGPRO:     3.1919      0.0560353157     -0.4797438726     -0.0899269867
CHGPRO:     3.3439      0.0670560903     -0.4970448479     -0.0911672713
CHGPRO:     3.4959      0.0823183491     -0.5075200071     -0.0812726943
CHGPRO:     3.6479      0.1026069365     -0.5115431003     -0.0604924575
CHGPRO:     3.7999      0.1280856619     -0.5108521629     -0.0306110632
CHGPRO:     3.9519      0.1579626983     -0.5073774738      0.0055684515
CHGPRO:     4.1039      0.1904400690     -0.5026820165      0.0441771484
CHGPRO:     4.2559      0.2229322272     -0.4980288246      0.0809995358
CHGPRO:     4.4079      0.2524596400     -0.4941054744      0.1125821164
CHGPRO:     4.5599      0.2761006573     -0.4913088995      0.1365333323
CHGPRO:     4.7119      0.2913969730     -0.4896906597      0.1513982334

 *I* wavefunction data written in zaj.data

 *I* writing eko_l

 *I* writing fsr_l, fsi_l

 *I* potential data written in potential.data

           <<<  Atomic Charge >>>
  ia is   rd d_rd  Charge(1)  Charge(2)  Charge(3)
   1  1 2.30 0.10   9.837366  10.066476  10.303052

 ***********************************************************************
 *                                                                     *
 *                               TIMING                                *
 *                                                                     *
 ***********************************************************************
      SUBROUTINE        CALLS        TOTAL CPU TIME           <CPU TIME>
             SCF            1                3.7839               3.7839
          WF_Dav           14                3.4757               0.2483
     diagonalize         1470                2.4979               0.0017
        dav_hphi         1470                0.3855               0.0003
         fftw3c3         3395                0.3134               0.0001
           kbint            1                0.2172               0.2172
         swffftx         1470                0.1564               0.0001
         dav_mgs          980                0.1457               0.0001
        swffftx2         1470                0.1392               0.0001
       dav_mgs_2          980                0.1147               0.0001
             Dos            2                0.1045               0.0522
         dav_hij         1470                0.0852               0.0001
 dav_band2g_hphi         1470                0.0710               0.0000
      dav_nonloc         1470                0.0632               0.0000
      xc_gga_chg           26                0.0569               0.0022
     fdchgq0_fft           13                0.0546               0.0042
          Chgfft           13                0.0536               0.0041
  dav_residual_1          980                0.0451               0.0000
          swffft          455                0.0443               0.0001
         Writing            1                0.0431               0.0431
   fdchgq0_fft_1           13                0.0368               0.0028
           fd_vq           13                0.0361               0.0028
           pspot            1                0.0351               0.0351
           Force            1                0.0331               0.0331
    dav_nonloc_2         9324                0.0309               0.0000
    dav_residual          980                0.0307               0.0000
        fdforce0            1                0.0300               0.0300
      dav_sumset          980                0.0296               0.0000
    dav_copy_fsr          490                0.0256               0.0001
  dav_band2g_phi          525                0.0254               0.0000
      dav_precon          980                0.0205               0.0000
    dav_nonloc_3         9324                0.0170               0.0000
       dav_mgs_3          980                0.0168               0.0000
         FFT_SET            1                0.0159               0.0159
    dav_sumset_2          980                0.0158               0.0000
    dav_sumset_1          980                0.0125               0.0000
       dav_mgs_1          980                0.0121               0.0000
      dav_grmsmd            1                0.0106               0.0106
 dav_refresh_phi          490                0.0087               0.0000
    xc_1_gr_ch12           78                0.0081               0.0001
    dav_nonloc_1         1470                0.0079               0.0000
            symm            1                0.0069               0.0069
       dav_mgs_t           35                0.0057               0.0002
           Fermi           13                0.0055               0.0004
           gstep            1                0.0046               0.0046
           psloc            1                0.0045               0.0045
 ***********************************************************************

 =======================================================================
 TASK                   CALLS        TOTAL CPU TIME           <CPU TIME>
 FFT SingleProc          3395                0.3153               0.0001
 FFT MPI                  321                0.0347               0.0001
 FFTW MPI1                 27                0.0026               0.0001
  
 ALLREDUCE               8402                0.0294               0.0000
 ALLREDUCE_G               45                0.0017               0.0000
 ALLREDUCE_K             7401                0.0701               0.0000
 ALLGATHERV                68                0.0032               0.0000
 ALLGATHERV_KG           1505                0.0208               0.0000
 ALLGATHERV_K             980                0.0136               0.0000
 GATHERV                    2                0.0001               0.0000
 ALLTOALLV                180                0.0076               0.0000
 ALLTOALLV_KG            4095                0.1274               0.0000
 TOTAL TIME FOR COMMUNICATION                0.2738
 =======================================================================

 TOTAL CPU TIME:  00 HOURS 00 MINUTES  4.21 SECONDS

 PROGRAM STATE ENDED AT: Jul  1 11:28:08 2025
  
 HHHHHHHHHHHHHHHHHHHHHHHHHHHHHHHHHHHHHHHHHHHHHHHHHHHHHHHHHHHHHHHHH
 HHHHHHHHHHHHHHHHHHHHHHHHHHHHHHHHHHHHHHHHHHHHHHHHHHHHHHHHHHHHHHHHH
                           _______________________
     __________   _______/______v______v______v___]
    D          | |                                 |
    D   A A    | | Congratulations!                |  C( > < )D
  --  =(^.^)=  | |  The calculation has converged. |    = o =
 |     @@@@@   | |                                 |    (    )~
 /--=O=-+-=O=---+--=O=--+--==O==--+--==O==--+--=O=-+--=O=---=O=-/
  
 HHHHHHHHHHHHHHHHHHHHHHHHHHHHHHHHHHHHHHHHHHHHHHHHHHHHHHHHHHHHHHHHH
 HHHHHHHHHHHHHHHHHHHHHHHHHHHHHHHHHHHHHHHHHHHHHHHHHHHHHHHHHHHHHHHHH
