[0] MPI startup(): I_MPI_TCP_NETMASK variable has been removed from the product, its value is ignored

 
 ***********************************************************************
 *                                                                     *
 *                                                                     *
 *                                                                     *
 *              ******  ********    **    ******** ********            *
 *             ******** ********   ****   ******** ********            *
 *             **          **     **  **     **    **                  *
 *              ***        **    ********    **    ******              *
 *                ***      **   **********   **    ******              *
 *                  **     **  **        **  **    **                  *
 *             ********    ** **          ** **    ********            *
 *              ******     ** VERSION 5.6.17 **    ********            *
 *                               RICS-AIST                             *
 *                           OSAKA UNIVERSITY                          *
 *                                                                     *
 ***********************************************************************
 
 PROGRAM STATE STARTED AT: Jul  1 11:28:21 2025

 THIS JOB RUNS ON         : xs01                            
 THE CURRENT DIRECTORY IS : /home/ikutaro/work/STATE/examples/Cu/fcc/k-p
 THE PROCESS ID IS        : 84421
 THE JOB WAS SUBMITTED BY : ikutaro             
 THE NUMBER OF PROCESSORS : 16
 THE NUMBER OF THREADS    : 1
 
 ELECTRONIC WAVEFUNCTIONS INITIALIZED 
 ELECTRONIC CHARGE INITIALIZED 
 IONIC POSITIONS READ FROM STANDARD INPUT 
 IONIC VELOCITIES INITIALIZED 
 MAXIMUM SCF ITERATIONS : 200
 MAXIMUM MD STEPS : 200
 MAXIMUM ELAPSED CPU TIME :  86400.00 SEC
 TIME INCREMENT IN MOLECULAR DYNAMICS :     50.00 A.U.
 ENERGY CRITERION FOR SCF ITERATIONS :  0.100000E-09 HA/ATOM

 EXCHANGE-CORRELATION FUNCTIONAL : ggapbe
 SPIN POLARIZATION NOT ALLOWED 
 NUMBER OF BANDS CONSIDERED : 16
 METHFESSEL-PAXTON SMEARING 
 SMEARING WIDTH : 0.002000
 DAVIDSON METHOD WITH G-SPACE TECHNIQUE 
 BLUGEL MIXING PARAMETERS 
   MIXING OBJECT : CHARGE 
   MIXING INFORMATION RESET AFTER 30 STEPS
   MIXING PARAMETER : 0.300

 ********************************** TYPE *******************************
 TYPE  NAME  INITIAL CHARGE   MASS(AMU)     PP TYPE  ILOC   INITIAL SPIN
    1    Cu          0.1500     63.5460   UltraSoft     3         0.0000
 ***********************************************************************

 ********************************* ATOMS *******************************
   ATOM    X(BOHR)    Y(BOHR)    Z(BOHR)     TAUX    TAUY    TAUZ IW  IR
   1  1    0.00000    0.00000    0.00000   0.0000  0.0000  0.0000  1   0
 ***********************************************************************

 ******************************** K-POINTS *****************************
 BRAVIAS LATTICE         :        FACE CENTER         
 SPACE GROUP             :        F m -3 m  
 INVERSION SYMMETRY      :        NO 
 CONV. LAT. VECTOR(BOHR) :        6.878600       0.000000       0.000000
 CONV. LAT. VECTOR(BOHR) :        0.000000       6.878600       0.000000
 CONV. LAT. VECTOR(BOHR) :        0.000000       0.000000       6.878600
 PRIM. LAT. VECTOR(BOHR) :        0.000000       3.439300       3.439300
 PRIM. LAT. VECTOR(BOHR) :        3.439300       0.000000       3.439300
 PRIM. LAT. VECTOR(BOHR) :        3.439300       3.439300       0.000000
 PRIM. CELL VOLUME       :    0.813655E+02
 PRIM. REC. VECTOR(1/BOHR) :     -0.913440       0.913440       0.913440
 PRIM. REC. VECTOR(1/BOHR) :      0.913440      -0.913440       0.913440
 PRIM. REC. VECTOR(1/BOHR) :      0.913440       0.913440      -0.913440
 REC. PRIM. CELL VOLUME    :  0.304859E+01
 ENERGY CUTOFF FOR SOFT MODE(RY) :  36.000
 ENERGY CUTOFF FOR HARD MODE(RY) : 400.000
 NUMBER OF K-POINT MESH  :              13             13             13
 K-POINT SHIFT           :             OFF            OFF            OFF
 NUMBER OF K-POINTS      :              84
        NKP            WKP              KX             KY             KZ
          1       0.000455        0.000000       0.000000       0.000000
          2       0.003641       -0.070265       0.070265       0.070265
          3       0.003641       -0.140529       0.140529       0.140529
          4       0.003641       -0.210794       0.210794       0.210794
          5       0.003641       -0.281058       0.281058       0.281058
          6       0.003641       -0.351323       0.351323       0.351323
          7       0.003641       -0.421587       0.421587       0.421587
          8       0.002731        0.000000       0.000000       0.140529
          9       0.010924       -0.070265       0.070265       0.210794
         10       0.010924       -0.140529       0.140529       0.281058
         11       0.010924       -0.210794       0.210794       0.351323
         12       0.010924       -0.281058       0.281058       0.421587
         13       0.010924       -0.351323       0.351323       0.491852
         14       0.010924       -0.421587       0.421587       0.562117
         15       0.010924       -0.491852       0.491852       0.632381
         16       0.010924       -0.562117       0.562117       0.702646
         17       0.010924       -0.632381       0.632381       0.772910
         18       0.010924       -0.702646       0.702646       0.843175
         19       0.005462       -0.772910       0.772910       0.913440
         20       0.002731        0.000000       0.000000       0.281058
         21       0.010924       -0.070265       0.070265       0.351323
         22       0.010924       -0.140529       0.140529       0.421587
         23       0.010924       -0.210794       0.210794       0.491852
         24       0.010924       -0.281058       0.281058       0.562117
         25       0.010924       -0.351323       0.351323       0.632381
         26       0.010924       -0.421587       0.421587       0.702646
         27       0.010924       -0.491852       0.491852       0.772910
         28       0.010924       -0.562117       0.562117       0.843175
         29       0.005462       -0.632381       0.632381       0.913440
         30       0.002731        0.000000       0.000000       0.421587
         31       0.010924       -0.070265       0.070265       0.491852
         32       0.010924       -0.140529       0.140529       0.562117
         33       0.010924       -0.210794       0.210794       0.632381
         34       0.010924       -0.281058       0.281058       0.702646
         35       0.010924       -0.351323       0.351323       0.772910
         36       0.010924       -0.421587       0.421587       0.843175
         37       0.005462       -0.491852       0.491852       0.913440
         38       0.002731        0.000000       0.000000       0.562117
         39       0.010924       -0.070265       0.070265       0.632381
         40       0.010924       -0.140529       0.140529       0.702646
         41       0.010924       -0.210794       0.210794       0.772910
         42       0.010924       -0.281058       0.281058       0.843175
         43       0.005462       -0.351323       0.351323       0.913440
         44       0.002731        0.000000       0.000000       0.702646
         45       0.010924       -0.070265       0.070265       0.772910
         46       0.010924       -0.140529       0.140529       0.843175
         47       0.005462       -0.210794       0.210794       0.913440
         48       0.002731        0.000000       0.000000       0.843175
         49       0.005462       -0.070265       0.070265       0.913440
         50       0.010924        0.000000       0.140529       0.281058
         51       0.021848       -0.070265       0.210794       0.351323
         52       0.021848       -0.140529       0.281058       0.421587
         53       0.021848       -0.210794       0.351323       0.491852
         54       0.021848       -0.281058       0.421587       0.562117
         55       0.010924        0.000000       0.140529       0.421587
         56       0.021848       -0.070265       0.210794       0.491852
         57       0.021848       -0.140529       0.281058       0.562117
         58       0.021848       -0.210794       0.351323       0.632381
         59       0.021848       -0.281058       0.421587       0.702646
         60       0.021848       -0.351323       0.491852       0.772910
         61       0.021848       -0.421587       0.562117       0.843175
         62       0.010924       -0.491852       0.632381       0.913440
         63       0.010924        0.000000       0.140529       0.562117
         64       0.021848       -0.070265       0.210794       0.632381
         65       0.021848       -0.140529       0.281058       0.702646
         66       0.021848       -0.210794       0.351323       0.772910
         67       0.021848       -0.281058       0.421587       0.843175
         68       0.010924       -0.351323       0.491852       0.913440
         69       0.010924       -0.000000       0.140529       0.702646
         70       0.021848       -0.070265       0.210794       0.772910
         71       0.021848       -0.140529       0.281058       0.843175
         72       0.010924       -0.210794       0.351323       0.913440
         73       0.010924        0.000000       0.140529       0.843175
         74       0.010924       -0.070265       0.210794       0.913440
         75       0.010924        0.000000       0.281058       0.562117
         76       0.021848       -0.070265       0.351323       0.632381
         77       0.021848       -0.140529       0.421587       0.702646
         78       0.010924        0.000000       0.281058       0.702646
         79       0.021848       -0.070265       0.351323       0.772910
         80       0.021848       -0.140529       0.421587       0.843175
         81       0.010924       -0.210794       0.491852       0.913440
         82       0.010924        0.000000       0.281058       0.843175
         83       0.010924       -0.070265       0.351323       0.913440
         84       0.010924        0.000000       0.421587       0.843175
 ***********************************************************************
 *I* TOTAL NUMBER OF DEGREES OF FREEDOM :     0
     
 NEIBRD =       1331
 KID  KNX  KNY  KNZ  KNL  KNM  KNN  =   21   10   10   10   20   20   20
 KIDP KNXP KNYP KNZP KNLP KNMP KNNP =   33   16   16   16   32   32   32
 NUMBER OF GENERATED VECTORS KNG,KNGP =      2421     10969
 KFFT KFFTP =      16800     67584
 IOPT IOPTP =          1         1

 ************************* SYMMETRY OPERATION **************************
                   Rc              tc               Rp             tp
         1.0000  0.0000  0.0000  0.0000   1.0000  0.0000  0.0000  0.0000
 nr.  1  0.0000  1.0000  0.0000  0.0000   0.0000  1.0000  0.0000  0.0000
         0.0000  0.0000  1.0000  0.0000   0.0000  0.0000  1.0000  0.0000

        -1.0000  0.0000  0.0000  0.0000  -1.0000  0.0000  0.0000  0.0000
 nr.  2  0.0000 -1.0000  0.0000  0.0000   0.0000 -1.0000  0.0000  0.0000
         0.0000  0.0000 -1.0000  0.0000   0.0000  0.0000 -1.0000  0.0000

         1.0000  0.0000  0.0000  0.0000   0.0000 -1.0000  1.0000  0.0000
 nr.  3  0.0000  0.0000 -1.0000  0.0000   0.0000  0.0000  1.0000  0.0000
         0.0000  1.0000  0.0000  0.0000  -1.0000  0.0000  1.0000  0.0000

         0.0000  0.0000  1.0000  0.0000   0.0000  0.0000  1.0000  0.0000
 nr.  4  1.0000  0.0000  0.0000  0.0000   1.0000  0.0000  0.0000  0.0000
         0.0000  1.0000  0.0000  0.0000   0.0000  1.0000  0.0000  0.0000

        -1.0000  0.0000  0.0000  0.0000   0.0000  1.0000 -1.0000  0.0000
 nr.  5  0.0000  0.0000  1.0000  0.0000   0.0000  0.0000 -1.0000  0.0000
         0.0000 -1.0000  0.0000  0.0000   1.0000  0.0000 -1.0000  0.0000

         0.0000  0.0000 -1.0000  0.0000   0.0000  0.0000 -1.0000  0.0000
 nr.  6 -1.0000  0.0000  0.0000  0.0000  -1.0000  0.0000  0.0000  0.0000
         0.0000 -1.0000  0.0000  0.0000   0.0000 -1.0000  0.0000  0.0000

         1.0000  0.0000  0.0000  0.0000  -1.0000  0.0000  0.0000  0.0000
 nr.  7  0.0000 -1.0000  0.0000  0.0000  -1.0000  0.0000  1.0000  0.0000
         0.0000  0.0000 -1.0000  0.0000  -1.0000  1.0000  0.0000  0.0000

         0.0000  0.0000  1.0000  0.0000  -1.0000  1.0000  0.0000  0.0000
 nr.  8  0.0000 -1.0000  0.0000  0.0000   0.0000  1.0000  0.0000  0.0000
         1.0000  0.0000  0.0000  0.0000   0.0000  1.0000 -1.0000  0.0000

         0.0000  1.0000  0.0000  0.0000  -1.0000  0.0000  1.0000  0.0000
 nr.  9  1.0000  0.0000  0.0000  0.0000   0.0000 -1.0000  1.0000  0.0000
         0.0000  0.0000 -1.0000  0.0000   0.0000  0.0000  1.0000  0.0000

         0.0000  1.0000  0.0000  0.0000   0.0000  1.0000  0.0000  0.0000
 nr. 10  0.0000  0.0000  1.0000  0.0000   0.0000  0.0000  1.0000  0.0000
         1.0000  0.0000  0.0000  0.0000   1.0000  0.0000  0.0000  0.0000

        -1.0000  0.0000  0.0000  0.0000   1.0000  0.0000  0.0000  0.0000
 nr. 11  0.0000  1.0000  0.0000  0.0000   1.0000  0.0000 -1.0000  0.0000
         0.0000  0.0000  1.0000  0.0000   1.0000 -1.0000  0.0000  0.0000

         0.0000  0.0000 -1.0000  0.0000   1.0000 -1.0000  0.0000  0.0000
 nr. 12  0.0000  1.0000  0.0000  0.0000   0.0000 -1.0000  0.0000  0.0000
        -1.0000  0.0000  0.0000  0.0000   0.0000 -1.0000  1.0000  0.0000

         0.0000 -1.0000  0.0000  0.0000   1.0000  0.0000 -1.0000  0.0000
 nr. 13 -1.0000  0.0000  0.0000  0.0000   0.0000  1.0000 -1.0000  0.0000
         0.0000  0.0000  1.0000  0.0000   0.0000  0.0000 -1.0000  0.0000

         0.0000 -1.0000  0.0000  0.0000   0.0000 -1.0000  0.0000  0.0000
 nr. 14  0.0000  0.0000 -1.0000  0.0000   0.0000  0.0000 -1.0000  0.0000
        -1.0000  0.0000  0.0000  0.0000  -1.0000  0.0000  0.0000  0.0000

         1.0000  0.0000  0.0000  0.0000   0.0000  1.0000 -1.0000  0.0000
 nr. 15  0.0000  0.0000  1.0000  0.0000  -1.0000  1.0000  0.0000  0.0000
         0.0000 -1.0000  0.0000  0.0000   0.0000  1.0000  0.0000  0.0000

         0.0000  0.0000  1.0000  0.0000   0.0000  0.0000 -1.0000  0.0000
 nr. 16 -1.0000  0.0000  0.0000  0.0000   0.0000  1.0000 -1.0000  0.0000
         0.0000 -1.0000  0.0000  0.0000   1.0000  0.0000 -1.0000  0.0000

         0.0000  1.0000  0.0000  0.0000   1.0000  0.0000 -1.0000  0.0000
 nr. 17 -1.0000  0.0000  0.0000  0.0000   1.0000  0.0000  0.0000  0.0000
         0.0000  0.0000  1.0000  0.0000   1.0000 -1.0000  0.0000  0.0000

         0.0000  0.0000 -1.0000  0.0000  -1.0000  1.0000  0.0000  0.0000
 nr. 18  1.0000  0.0000  0.0000  0.0000  -1.0000  0.0000  0.0000  0.0000
         0.0000 -1.0000  0.0000  0.0000  -1.0000  0.0000  1.0000  0.0000

         0.0000  0.0000 -1.0000  0.0000   0.0000  0.0000  1.0000  0.0000
 nr. 19  0.0000  1.0000  0.0000  0.0000  -1.0000  0.0000  1.0000  0.0000
         1.0000  0.0000  0.0000  0.0000   0.0000 -1.0000  1.0000  0.0000

        -1.0000  0.0000  0.0000  0.0000   0.0000 -1.0000  1.0000  0.0000
 nr. 20  0.0000  0.0000 -1.0000  0.0000   1.0000 -1.0000  0.0000  0.0000
         0.0000  1.0000  0.0000  0.0000   0.0000 -1.0000  0.0000  0.0000

         0.0000  0.0000 -1.0000  0.0000   0.0000  0.0000  1.0000  0.0000
 nr. 21  1.0000  0.0000  0.0000  0.0000   0.0000 -1.0000  1.0000  0.0000
         0.0000  1.0000  0.0000  0.0000  -1.0000  0.0000  1.0000  0.0000

         0.0000 -1.0000  0.0000  0.0000  -1.0000  0.0000  1.0000  0.0000
 nr. 22  1.0000  0.0000  0.0000  0.0000  -1.0000  0.0000  0.0000  0.0000
         0.0000  0.0000 -1.0000  0.0000  -1.0000  1.0000  0.0000  0.0000

         0.0000  0.0000  1.0000  0.0000   1.0000 -1.0000  0.0000  0.0000
 nr. 23 -1.0000  0.0000  0.0000  0.0000   1.0000  0.0000  0.0000  0.0000
         0.0000  1.0000  0.0000  0.0000   1.0000  0.0000 -1.0000  0.0000

         0.0000  0.0000  1.0000  0.0000   0.0000  0.0000 -1.0000  0.0000
 nr. 24  0.0000 -1.0000  0.0000  0.0000   1.0000  0.0000 -1.0000  0.0000
        -1.0000  0.0000  0.0000  0.0000   0.0000  1.0000 -1.0000  0.0000

         0.0000  0.0000  1.0000  0.0000   1.0000 -1.0000  0.0000  0.0000
 nr. 25  0.0000  1.0000  0.0000  0.0000   1.0000  0.0000 -1.0000  0.0000
        -1.0000  0.0000  0.0000  0.0000   1.0000  0.0000  0.0000  0.0000

         0.0000  1.0000  0.0000  0.0000   0.0000 -1.0000  0.0000  0.0000
 nr. 26  0.0000  0.0000 -1.0000  0.0000   1.0000 -1.0000  0.0000  0.0000
        -1.0000  0.0000  0.0000  0.0000   0.0000 -1.0000  1.0000  0.0000

         0.0000  0.0000 -1.0000  0.0000   1.0000 -1.0000  0.0000  0.0000
 nr. 27 -1.0000  0.0000  0.0000  0.0000   0.0000 -1.0000  1.0000  0.0000
         0.0000  1.0000  0.0000  0.0000   0.0000 -1.0000  0.0000  0.0000

         0.0000 -1.0000  0.0000  0.0000   0.0000  1.0000  0.0000  0.0000
 nr. 28  1.0000  0.0000  0.0000  0.0000   0.0000  1.0000 -1.0000  0.0000
         0.0000  0.0000  1.0000  0.0000  -1.0000  1.0000  0.0000  0.0000

         0.0000 -1.0000  0.0000  0.0000   1.0000  0.0000 -1.0000  0.0000
 nr. 29  0.0000  0.0000  1.0000  0.0000   0.0000  0.0000 -1.0000  0.0000
        -1.0000  0.0000  0.0000  0.0000   0.0000  1.0000 -1.0000  0.0000

         0.0000 -1.0000  0.0000  0.0000  -1.0000  0.0000  1.0000  0.0000
 nr. 30  0.0000  0.0000 -1.0000  0.0000  -1.0000  1.0000  0.0000  0.0000
         1.0000  0.0000  0.0000  0.0000  -1.0000  0.0000  0.0000  0.0000

         0.0000  0.0000 -1.0000  0.0000  -1.0000  1.0000  0.0000  0.0000
 nr. 31  0.0000 -1.0000  0.0000  0.0000  -1.0000  0.0000  1.0000  0.0000
         1.0000  0.0000  0.0000  0.0000  -1.0000  0.0000  0.0000  0.0000

         0.0000 -1.0000  0.0000  0.0000   0.0000  1.0000  0.0000  0.0000
 nr. 32  0.0000  0.0000  1.0000  0.0000  -1.0000  1.0000  0.0000  0.0000
         1.0000  0.0000  0.0000  0.0000   0.0000  1.0000 -1.0000  0.0000

         0.0000  0.0000  1.0000  0.0000  -1.0000  1.0000  0.0000  0.0000
 nr. 33  1.0000  0.0000  0.0000  0.0000   0.0000  1.0000 -1.0000  0.0000
         0.0000 -1.0000  0.0000  0.0000   0.0000  1.0000  0.0000  0.0000

         0.0000  1.0000  0.0000  0.0000   0.0000 -1.0000  0.0000  0.0000
 nr. 34 -1.0000  0.0000  0.0000  0.0000   0.0000 -1.0000  1.0000  0.0000
         0.0000  0.0000 -1.0000  0.0000   1.0000 -1.0000  0.0000  0.0000

         0.0000  1.0000  0.0000  0.0000  -1.0000  0.0000  1.0000  0.0000
 nr. 35  0.0000  0.0000 -1.0000  0.0000   0.0000  0.0000  1.0000  0.0000
         1.0000  0.0000  0.0000  0.0000   0.0000 -1.0000  1.0000  0.0000

         0.0000  1.0000  0.0000  0.0000   1.0000  0.0000 -1.0000  0.0000
 nr. 36  0.0000  0.0000  1.0000  0.0000   1.0000 -1.0000  0.0000  0.0000
        -1.0000  0.0000  0.0000  0.0000   1.0000  0.0000  0.0000  0.0000

         0.0000  0.0000 -1.0000  0.0000   0.0000  0.0000 -1.0000  0.0000
 nr. 37  0.0000 -1.0000  0.0000  0.0000   0.0000 -1.0000  0.0000  0.0000
        -1.0000  0.0000  0.0000  0.0000  -1.0000  0.0000  0.0000  0.0000

         0.0000 -1.0000  0.0000  0.0000   0.0000 -1.0000  0.0000  0.0000
 nr. 38 -1.0000  0.0000  0.0000  0.0000  -1.0000  0.0000  0.0000  0.0000
         0.0000  0.0000 -1.0000  0.0000   0.0000  0.0000 -1.0000  0.0000

        -1.0000  0.0000  0.0000  0.0000   1.0000  0.0000  0.0000  0.0000
 nr. 39  0.0000  0.0000  1.0000  0.0000   1.0000 -1.0000  0.0000  0.0000
         0.0000  1.0000  0.0000  0.0000   1.0000  0.0000 -1.0000  0.0000

        -1.0000  0.0000  0.0000  0.0000   0.0000 -1.0000  1.0000  0.0000
 nr. 40  0.0000  1.0000  0.0000  0.0000   0.0000 -1.0000  0.0000  0.0000
         0.0000  0.0000 -1.0000  0.0000   1.0000 -1.0000  0.0000  0.0000

        -1.0000  0.0000  0.0000  0.0000   0.0000  1.0000 -1.0000  0.0000
 nr. 41  0.0000 -1.0000  0.0000  0.0000   1.0000  0.0000 -1.0000  0.0000
         0.0000  0.0000  1.0000  0.0000   0.0000  0.0000 -1.0000  0.0000

         0.0000  0.0000  1.0000  0.0000   0.0000  0.0000  1.0000  0.0000
 nr. 42  0.0000  1.0000  0.0000  0.0000   0.0000  1.0000  0.0000  0.0000
         1.0000  0.0000  0.0000  0.0000   1.0000  0.0000  0.0000  0.0000

         0.0000  1.0000  0.0000  0.0000   0.0000  1.0000  0.0000  0.0000
 nr. 43  1.0000  0.0000  0.0000  0.0000   1.0000  0.0000  0.0000  0.0000
         0.0000  0.0000  1.0000  0.0000   0.0000  0.0000  1.0000  0.0000

         1.0000  0.0000  0.0000  0.0000  -1.0000  0.0000  0.0000  0.0000
 nr. 44  0.0000  0.0000 -1.0000  0.0000  -1.0000  1.0000  0.0000  0.0000
         0.0000 -1.0000  0.0000  0.0000  -1.0000  0.0000  1.0000  0.0000

         1.0000  0.0000  0.0000  0.0000   0.0000  1.0000 -1.0000  0.0000
 nr. 45  0.0000 -1.0000  0.0000  0.0000   0.0000  1.0000  0.0000  0.0000
         0.0000  0.0000  1.0000  0.0000  -1.0000  1.0000  0.0000  0.0000

         1.0000  0.0000  0.0000  0.0000   0.0000 -1.0000  1.0000  0.0000
 nr. 46  0.0000  1.0000  0.0000  0.0000  -1.0000  0.0000  1.0000  0.0000
         0.0000  0.0000 -1.0000  0.0000   0.0000  0.0000  1.0000  0.0000

        -1.0000  0.0000  0.0000  0.0000  -1.0000  0.0000  0.0000  0.0000
 nr. 47  0.0000  0.0000 -1.0000  0.0000   0.0000  0.0000 -1.0000  0.0000
         0.0000 -1.0000  0.0000  0.0000   0.0000 -1.0000  0.0000  0.0000

         1.0000  0.0000  0.0000  0.0000   1.0000  0.0000  0.0000  0.0000
 nr. 48  0.0000  0.0000  1.0000  0.0000   0.0000  0.0000  1.0000  0.0000
         0.0000  1.0000  0.0000  0.0000   0.0000  1.0000  0.0000  0.0000
 ***********************************************************************
  
           ===================================================
           ===       MPI PARALLELIZATION INFORMATION       ===
           ===================================================
           === TOTAL NUMBER OF K-POINTS          :      84 ===
           === K-POINT DIVISOR                   :       4 ===
           === TOTAL NUMBER OF BANDS             :      16 ===
           === BAND DIVISOR                      :       4 ===
           === TOTAL NUMBER OF G-VECTORS         :     307 ===
           === G-VECTOR DIVISOR                  :       1 ===
           ===================================================

 ***********************************************************************
                               ALLOCATION 
 ***********************************************************************
  NCPU  KNGP_FFT      KNGP       KNG     KNG1      KEG     KATM    KATM2
     0      1061       685       151       77        4        0        0
     1      1041       685       151       77        4        0        0
     2       965       685       151       77        4        0        0
     3       877       685       151       76        4        0        0
     4       745       685       151       77        4        0        0
     5       569       685       151       77        4        0        0
     6       369       685       151       77        4        0        0
     7       125       686       151       76        4        0        0
     8        30       686       151       77        4        0        0
     9       251       686       151       77        4        0        0
    10       471       686       151       77        4        0        0
    11       665       686       152       76        4        0        0
    12       817       686       152       77        4        0        0
    13       929       686       152       77        4        0        0
    14      1001       686       152       77        4        0        0
    15      1053       686       152       76        4        1        1
 -----------------------------------------------------------------------
  NCPU    KFFTPM     KFFTP    KFFTP2     KFFT    KMESH     KNMP     KNNP
     0      4224      4224      2112     1050       93        2        2
     1      4224      4224      2112     1050       93        2        2
     2      4224      4224      2112     1050       93        2        2
     3      4224      4224      2112     1050       94        2        2
     4      4224      4224      2112     1050       94        2        2
     5      4224      4224      2112     1050       94        2        2
     6      4224      4224      2112     1050       94        2        2
     7      4224      4224      2112     1050       94        2        2
     8      4224      4224      2112     1050       94        2        2
     9      4224      4224      2112     1050       94        2        2
    10      4224      4224      2112     1050       94        2        2
    11      4224      4224      2112     1050       94        2        2
    12      4224      4224      2112     1050       94        2        2
    13      4224      4224      2112     1050       94        2        2
    14      4224      4224      2112     1050       94        2        2
    15      4224      4224      2112     1050       94        2        2
 ***********************************************************************
                            END OF ALLOCATION 
 ***********************************************************************

 ********   <<  Reading Potential >>  ******** 
 F_POT(01) = pot.Cu_pbe1
 29.0000 11.0000  6      1          : NATOMN IVAL ILOC ITPCC
 ggapbe                             : XCTYPE
  7.5900  3.0200  2.6959 -1.6959    : ALP CC
 1501    96.0000 60.0000            : NMESH XH RMAX
 VALL is read from unit 37
    1   2   1                       : IL ITAU(IL1) IVAN(IL1)
    2   2   1                       : IL ITAU(IL1) IVAN(IL1)
    3   2   1                       : IL ITAU(IL1) IVAN(IL1)
    1   1   1   1   1   1  1135   8 : MM L1 T1 L2 T2 L3 NRC MORD
    2   1   1   1   2   1  1135   8 : MM L1 T1 L2 T2 L3 NRC MORD
    3   1   1   2   1   2  1135   8 : MM L1 T1 L2 T2 L3 NRC MORD
    4   1   1   2   2   2  1135   8 : MM L1 T1 L2 T2 L3 NRC MORD
    5   1   1   3   1   3  1135   8 : MM L1 T1 L2 T2 L3 NRC MORD
    6   1   1   3   2   3  1135   8 : MM L1 T1 L2 T2 L3 NRC MORD
    7   1   2   1   2   1  1135   8 : MM L1 T1 L2 T2 L3 NRC MORD
    8   1   2   2   1   2  1135   8 : MM L1 T1 L2 T2 L3 NRC MORD
    9   1   2   2   2   2  1135   8 : MM L1 T1 L2 T2 L3 NRC MORD
   10   1   2   3   1   3  1135   8 : MM L1 T1 L2 T2 L3 NRC MORD
   11   1   2   3   2   3  1135   8 : MM L1 T1 L2 T2 L3 NRC MORD
   12   2   1   2   1   1  1135   8 : MM L1 T1 L2 T2 L3 NRC MORD
   13   2   1   2   1   3  1135   8 : MM L1 T1 L2 T2 L3 NRC MORD
   14   2   1   2   2   1  1135   8 : MM L1 T1 L2 T2 L3 NRC MORD
   15   2   1   2   2   3  1135   8 : MM L1 T1 L2 T2 L3 NRC MORD
   16   2   1   3   1   2  1135   8 : MM L1 T1 L2 T2 L3 NRC MORD
   17   2   1   3   1   4  1135   8 : MM L1 T1 L2 T2 L3 NRC MORD
   18   2   1   3   2   2  1135   8 : MM L1 T1 L2 T2 L3 NRC MORD
   19   2   1   3   2   4  1135   8 : MM L1 T1 L2 T2 L3 NRC MORD
   20   2   2   2   2   1  1135   8 : MM L1 T1 L2 T2 L3 NRC MORD
   21   2   2   2   2   3  1135   8 : MM L1 T1 L2 T2 L3 NRC MORD
   22   2   2   3   1   2  1135   8 : MM L1 T1 L2 T2 L3 NRC MORD
   23   2   2   3   1   4  1135   8 : MM L1 T1 L2 T2 L3 NRC MORD
   24   2   2   3   2   2  1135   8 : MM L1 T1 L2 T2 L3 NRC MORD
   25   2   2   3   2   4  1135   8 : MM L1 T1 L2 T2 L3 NRC MORD
   26   3   1   3   1   1  1135   8 : MM L1 T1 L2 T2 L3 NRC MORD
   27   3   1   3   1   3  1127   8 : MM L1 T1 L2 T2 L3 NRC MORD
   28   3   1   3   1   5  1135   8 : MM L1 T1 L2 T2 L3 NRC MORD
   29   3   1   3   2   1  1135   8 : MM L1 T1 L2 T2 L3 NRC MORD
   30   3   1   3   2   3  1135   8 : MM L1 T1 L2 T2 L3 NRC MORD
   31   3   1   3   2   5  1135   8 : MM L1 T1 L2 T2 L3 NRC MORD
   32   3   2   3   2   1  1135   8 : MM L1 T1 L2 T2 L3 NRC MORD
   33   3   2   3   2   3  1135   8 : MM L1 T1 L2 T2 L3 NRC MORD
   34   3   2   3   2   5  1135   8 : MM L1 T1 L2 T2 L3 NRC MORD
 CHGPC  =   8.48851088
 TOTAL ENERGY CORRECTION FROM PS     =     0.4923571502D+00
 TOTAL PARTIAL CHARGE         SCHGPC =         8.4885108817
 TOTAL LOCALIZED CHARGE (QLCTOT)     =         0.0000000000
 KQITG =    34
 NUMBER OF BANDS SHOULD BE GREATER THAN 6
 KLMT  =    18
 KLMTT =    18
 KLMTA =    18
 TOTCH =      11.000000000000
 NX NY NZ  =   4   4   4
 NNEIB     =     729
 ALF       =    2.647574
 NEWLDG    =     137

 ***********************************************************************
 *                                                                     *
 *                              START SCF                              *
 *                                                                     *
 ***********************************************************************

  NSCF NADR            ETOTAL          EDEL          CDEL CONV      TCPU
     1    0      -59.03129392   0.59031E+02   0.15015E-01    0      0.38
     2    0      -59.51794925   0.48666E+00   0.53261E-01    0      0.49
     3    1      -59.76301341   0.24506E+00   0.87420E-02    0      0.20
     4    2      -59.76556053   0.25471E-02   0.34219E-02    1      0.20
     5    3      -59.76547887   0.81666E-04   0.99834E-03    2      0.20
     6    4      -59.76554148   0.62609E-04   0.53143E-03    2      0.20
     7    5      -59.76556557   0.24099E-04   0.56685E-04    3      0.20
     8    6      -59.76556585   0.27436E-06   0.24523E-05    3      0.20
     9    7      -59.76556585   0.35624E-09   0.26924E-05    3      0.20
    10    8      -59.76556585   0.59113E-09   0.26140E-06    3      0.20
    11    9      -59.76556585   0.48459E-11   0.74357E-07    4      0.20
    12   10      -59.76556585   0.73470E-11   0.41072E-07    5      0.20
    13   11      -59.76556585   0.52296E-11   0.28877E-08    6      0.20
 
                                   TOTAL CHARGE DENSITY =     10.9999997

                     TOTAL ENERGY AND ITS COMPONENTS 
                  TOTAL ENERGY     =         -59.76556585 A.U.
                KINETIC ENERGY     =           6.33320765 A.U.
                HARTREE ENERGY     =          16.07418155 A.U.
                     XC ENERGY     =         -19.86468074 A.U.
                  LOCAL ENERGY     =         -17.32408674 A.U.
               NONLOCAL ENERGY     =          -4.65851165 A.U.
                  EWALD ENERGY     =         -40.32567026 A.U.
                     PC ENERGY     =           0.00000000 A.U.
               ENTROPIC ENERGY     =          -0.00000565 A.U.

                                         FERMI ENERGY =      -0.03767547
 NKP=    1  NGP=       307  K=(  0.00000  0.00000  0.00000)  WKP= 0.0005
                              EIGEN VALUE 
 -0.38330 -0.15500 -0.15500 -0.15500 -0.12593 -0.12593  0.81225  0.88452
  0.88452  0.88452  0.96411  0.96411  0.96411  1.10346  1.29721  1.29721
                               OCCUPATION 
  1.00000  1.00000  1.00000  1.00000  1.00000  1.00000  0.00000  0.00000
  0.00000  0.00000  0.00000  0.00000  0.00000  0.00000  0.00000  0.00000
 NKP=    2  NGP=       304  K=( -0.07026  0.07026  0.07026)  WKP= 0.0036
                              EIGEN VALUE 
 -0.37549 -0.15656 -0.15356 -0.15356 -0.12646 -0.12646  0.73839  0.83383
  0.85743  0.85743  1.00379  1.00379  1.03928  1.15244  1.21385  1.21385
                               OCCUPATION 
  1.00000  1.00000  1.00000  1.00000  1.00000  1.00000  0.00000  0.00000
  0.00000  0.00000  0.00000  0.00000  0.00000  0.00000  0.00000  0.00000
 NKP=    3  NGP=       304  K=( -0.14053  0.14053  0.14053)  WKP= 0.0036
                              EIGEN VALUE 
 -0.35260 -0.16040 -0.15048 -0.15048 -0.12693 -0.12693  0.58865  0.82045
  0.82045  0.82074  1.04909  1.06899  1.06899  1.12643  1.12643  1.28161
                               OCCUPATION 
  1.00000  1.00000  1.00000  1.00000  1.00000  1.00000  0.00000  0.00000
  0.00000  0.00000  0.00000  0.00000  0.00000  0.00000  0.00000  0.00000
 NKP=    4  NGP=       299  K=( -0.21079  0.21079  0.21079)  WKP= 0.0036
                              EIGEN VALUE 
 -0.31670 -0.16364 -0.14921 -0.14921 -0.12421 -0.12421  0.44305  0.79220
  0.79220  0.80284  1.02043  1.02043  1.04784  1.18271  1.18271  1.36106
                               OCCUPATION 
  1.00000  1.00000  1.00000  1.00000  1.00000  1.00000  0.00000  0.00000
  0.00000  0.00000  0.00000  0.00000  0.00000  0.00000  0.00000  0.00000
 NKP=    5  NGP=       302  K=( -0.28106  0.28106  0.28106)  WKP= 0.0036
                              EIGEN VALUE 
 -0.27415 -0.15962 -0.15121 -0.15121 -0.11759 -0.11759  0.30889  0.77425
  0.77425  0.78080  0.95163  0.95163  1.05035  1.28939  1.28939  1.44003
                               OCCUPATION 
  1.00000  1.00000  1.00000  1.00000  1.00000  1.00000  0.00000  0.00000
  0.00000  0.00000  0.00000  0.00000  0.00000  0.00000  0.00000  0.00000
 NKP=    6  NGP=       296  K=( -0.35132  0.35132  0.35132)  WKP= 0.0036
                              EIGEN VALUE 
 -0.24130 -0.15413 -0.15413 -0.13407 -0.11048 -0.11048  0.19090  0.76147
  0.76575  0.76575  0.90007  0.90007  1.05434  1.41053  1.41053  1.53298
                               OCCUPATION 
  1.00000  1.00000  1.00000  1.00000  1.00000  1.00000  0.00000  0.00000
  0.00000  0.00000  0.00000  0.00000  0.00000  0.00000  0.00000  0.00000
 NKP=    7  NGP=       290  K=( -0.42159  0.42159  0.42159)  WKP= 0.0036
                              EIGEN VALUE 
 -0.22927 -0.15601 -0.15601 -0.10609 -0.10609 -0.08944  0.10408  0.75044
  0.76378  0.76378  0.87143  0.87143  1.05697  1.53917  1.53917  1.62040
                               OCCUPATION 
  1.00000  1.00000  1.00000  1.00000  1.00000  1.00000  0.00000  0.00000
  0.00000  0.00000  0.00000  0.00000  0.00000  0.00000  0.00000  0.00000
 NKP=    8  NGP=       299  K=(  0.00000  0.00000  0.14053)  WKP= 0.0027
                              EIGEN VALUE 
 -0.37290 -0.15796 -0.15255 -0.15255 -0.12861 -0.12482  0.77061  0.79795
  0.79795  0.84588  1.02846  1.06065  1.06065  1.08342  1.19978  1.31320
                               OCCUPATION 
  1.00000  1.00000  1.00000  1.00000  1.00000  1.00000  0.00000  0.00000
  0.00000  0.00000  0.00000  0.00000  0.00000  0.00000  0.00000  0.00000
 NKP=    9  NGP=       303  K=( -0.07026  0.07026  0.21079)  WKP= 0.0109
                              EIGEN VALUE 
 -0.35505 -0.16167 -0.14954 -0.14940 -0.13101 -0.12382  0.64379  0.74986
  0.77492  0.87816  0.98143  1.04529  1.12699  1.14058  1.24474  1.27036
                               OCCUPATION 
  1.00000  1.00000  1.00000  1.00000  1.00000  1.00000  0.00000  0.00000
  0.00000  0.00000  0.00000  0.00000  0.00000  0.00000  0.00000  0.00000
 NKP=   10  NGP=       299  K=( -0.14053  0.14053  0.28106)  WKP= 0.0109
                              EIGEN VALUE 
 -0.32340 -0.16581 -0.14820 -0.14705 -0.12949 -0.12119  0.49592  0.71489
  0.75358  0.89109  0.93921  1.04281  1.12660  1.15517  1.24507  1.36851
                               OCCUPATION 
  1.00000  1.00000  1.00000  1.00000  1.00000  1.00000  0.00000  0.00000
  0.00000  0.00000  0.00000  0.00000  0.00000  0.00000  0.00000  0.00000
 NKP=   11  NGP=       298  K=( -0.21079  0.21079  0.35132)  WKP= 0.0109
                              EIGEN VALUE 
 -0.28237 -0.16640 -0.15130 -0.14785 -0.12051 -0.11554  0.35755  0.69381
  0.73545  0.81650  0.96133  1.05853  1.06498  1.18546  1.34016  1.45222
                               OCCUPATION 
  1.00000  1.00000  1.00000  1.00000  1.00000  1.00000  0.00000  0.00000
  0.00000  0.00000  0.00000  0.00000  0.00000  0.00000  0.00000  0.00000
 NKP=   12  NGP=       297  K=( -0.28106  0.28106  0.42159)  WKP= 0.0109
                              EIGEN VALUE 
 -0.24476 -0.15629 -0.15384 -0.15052 -0.10928 -0.10497  0.23305  0.68750
  0.71785  0.75976  0.95552  0.99816  1.08923  1.26404  1.45488  1.54777
                               OCCUPATION 
  1.00000  1.00000  1.00000  1.00000  1.00000  1.00000  0.00000  0.00000
  0.00000  0.00000  0.00000  0.00000  0.00000  0.00000  0.00000  0.00000
 NKP=   13  NGP=       297  K=( -0.35132  0.35132  0.49185)  WKP= 0.0109
                              EIGEN VALUE 
 -0.22712 -0.15831 -0.15297 -0.13261 -0.10560 -0.07477  0.13099  0.68673
  0.69705  0.73959  0.95024  0.95137  1.10056  1.38017  1.57391  1.62845
                               OCCUPATION 
  1.00000  1.00000  1.00000  1.00000  1.00000  1.00000  0.00000  0.00000
  0.00000  0.00000  0.00000  0.00000  0.00000  0.00000  0.00000  0.00000
 NKP=   14  NGP=       287  K=( -0.42159  0.42159  0.56212)  WKP= 0.0109
                              EIGEN VALUE 
 -0.22409 -0.15876 -0.15391 -0.12499 -0.10629 -0.05351  0.09287  0.65535
  0.72317  0.74580  0.91888  0.95282  1.10802  1.51457  1.51796  1.57156
                               OCCUPATION 
  1.00000  1.00000  1.00000  1.00000  1.00000  1.00000  0.00000  0.00000
  0.00000  0.00000  0.00000  0.00000  0.00000  0.00000  0.00000  0.00000
 NKP=   15  NGP=       294  K=( -0.49185  0.49185  0.63238)  WKP= 0.0109
                              EIGEN VALUE 
 -0.23066 -0.15693 -0.15289 -0.13728 -0.11147 -0.08418  0.16144  0.63683
  0.76555  0.76688  0.90086  0.96177  1.11705  1.38089  1.45310  1.62219
                               OCCUPATION 
  1.00000  1.00000  1.00000  1.00000  1.00000  1.00000  0.00000  0.00000
  0.00000  0.00000  0.00000  0.00000  0.00000  0.00000  0.00000  0.00000
 NKP=   16  NGP=       294  K=( -0.56212  0.56212  0.70265)  WKP= 0.0109
                              EIGEN VALUE 
 -0.25551 -0.15955 -0.15350 -0.15018 -0.11963 -0.10395  0.27284  0.63274
  0.80028  0.82129  0.89895  0.97059  1.13268  1.25348  1.34800  1.54948
                               OCCUPATION 
  1.00000  1.00000  1.00000  1.00000  1.00000  1.00000  0.00000  0.00000
  0.00000  0.00000  0.00000  0.00000  0.00000  0.00000  0.00000  0.00000
 NKP=   17  NGP=       299  K=( -0.63238  0.63238  0.77291)  WKP= 0.0109
                              EIGEN VALUE 
 -0.29652 -0.16625 -0.15011 -0.14727 -0.12782 -0.11478  0.40248  0.64252
  0.84103  0.87432  0.92712  0.97205  1.13921  1.15779  1.26901  1.45018
                               OCCUPATION 
  1.00000  1.00000  1.00000  1.00000  1.00000  1.00000  0.00000  0.00000
  0.00000  0.00000  0.00000  0.00000  0.00000  0.00000  0.00000  0.00000
 NKP=   18  NGP=       300  K=( -0.70265  0.70265  0.84317)  WKP= 0.0109
                              EIGEN VALUE 
 -0.33531 -0.16376 -0.14897 -0.14773 -0.13120 -0.12181  0.54439  0.66556
  0.87243  0.90376  0.97341  1.00099  1.04241  1.17862  1.22579  1.35996
                               OCCUPATION 
  1.00000  1.00000  1.00000  1.00000  1.00000  1.00000  0.00000  0.00000
  0.00000  0.00000  0.00000  0.00000  0.00000  0.00000  0.00000  0.00000
 NKP=   19  NGP=       307  K=( -0.77291  0.77291  0.91344)  WKP= 0.0055
                              EIGEN VALUE 
 -0.36265 -0.15940 -0.15145 -0.15103 -0.12918 -0.12492  0.68308  0.71290
  0.86752  0.91249  0.97687  0.99795  1.10302  1.16068  1.17246  1.27469
                               OCCUPATION 
  1.00000  1.00000  1.00000  1.00000  1.00000  1.00000  0.00000  0.00000
  0.00000  0.00000  0.00000  0.00000  0.00000  0.00000  0.00000  0.00000
 NKP=   20  NGP=       303  K=(  0.00000  0.00000  0.28106)  WKP= 0.0027
                              EIGEN VALUE 
 -0.34254 -0.16611 -0.14547 -0.14547 -0.13544 -0.12176  0.69290  0.69290
  0.71030  0.77505  0.90705  1.15598  1.19271  1.19271  1.29359  1.36436
                               OCCUPATION 
  1.00000  1.00000  1.00000  1.00000  1.00000  1.00000  0.00000  0.00000
  0.00000  0.00000  0.00000  0.00000  0.00000  0.00000  0.00000  0.00000
 NKP=   21  NGP=       299  K=( -0.07026  0.07026  0.35132)  WKP= 0.0109
                              EIGEN VALUE 
 -0.31615 -0.17123 -0.14509 -0.14142 -0.13355 -0.11915  0.55888  0.65033
  0.71128  0.77376  0.85505  1.15625  1.23159  1.25121  1.33140  1.39959
                               OCCUPATION 
  1.00000  1.00000  1.00000  1.00000  1.00000  1.00000  0.00000  0.00000
  0.00000  0.00000  0.00000  0.00000  0.00000  0.00000  0.00000  0.00000
 NKP=   22  NGP=       298  K=( -0.14053  0.14053  0.42159)  WKP= 0.0109
                              EIGEN VALUE 
 -0.27922 -0.17488 -0.15128 -0.14052 -0.12023 -0.11408  0.41817  0.62313
  0.67977  0.73031  0.92665  1.12732  1.17751  1.25869  1.40424  1.49610
                               OCCUPATION 
  1.00000  1.00000  1.00000  1.00000  1.00000  1.00000  0.00000  0.00000
  0.00000  0.00000  0.00000  0.00000  0.00000  0.00000  0.00000  0.00000
 NKP=   23  NGP=       297  K=( -0.21079  0.21079  0.49185)  WKP= 0.0109
                              EIGEN VALUE 
 -0.24114 -0.17319 -0.15677 -0.14252 -0.10823 -0.09735  0.28840  0.61245
  0.62554  0.70868  1.03220  1.10019  1.11470  1.25963  1.51263  1.59633
                               OCCUPATION 
  1.00000  1.00000  1.00000  1.00000  1.00000  1.00000  0.00000  0.00000
  0.00000  0.00000  0.00000  0.00000  0.00000  0.00000  0.00000  0.00000
 NKP=   24  NGP=       301  K=( -0.28106  0.28106  0.56212)  WKP= 0.0109
                              EIGEN VALUE 
 -0.21894 -0.16740 -0.15427 -0.14522 -0.10493 -0.05751  0.17494  0.57265
  0.61939  0.70578  1.06301  1.07202  1.15111  1.27356  1.62034  1.66304
                               OCCUPATION 
  1.00000  1.00000  1.00000  1.00000  1.00000  1.00000  0.00000  0.00000
  0.00000  0.00000  0.00000  0.00000  0.00000  0.00000  0.00000  0.00000
 NKP=   25  NGP=       294  K=( -0.35132  0.35132  0.63238)  WKP= 0.0109
                              EIGEN VALUE 
 -0.21305 -0.16674 -0.14705 -0.14583 -0.10610 -0.01116  0.09979  0.53169
  0.64451  0.71550  1.02453  1.05471  1.22725  1.34389  1.51071  1.57439
                               OCCUPATION 
  1.00000  1.00000  1.00000  1.00000  1.00000  0.00000  0.00000  0.00000
  0.00000  0.00000  0.00000  0.00000  0.00000  0.00000  0.00000  0.00000
 NKP=   26  NGP=       297  K=( -0.42159  0.42159  0.70265)  WKP= 0.0109
                              EIGEN VALUE 
 -0.21502 -0.16445 -0.14957 -0.14718 -0.11187 -0.03716  0.14353  0.50525
  0.68741  0.73835  0.99953  1.03835  1.25493  1.36656  1.43781  1.50087
                               OCCUPATION 
  1.00000  1.00000  1.00000  1.00000  1.00000  0.28908  0.00000  0.00000
  0.00000  0.00000  0.00000  0.00000  0.00000  0.00000  0.00000  0.00000
 NKP=   27  NGP=       297  K=( -0.49185  0.49185  0.77291)  WKP= 0.0109
                              EIGEN VALUE 
 -0.23004 -0.16411 -0.15975 -0.14534 -0.12088 -0.07691  0.24928  0.49413
  0.74675  0.77541  0.98793  1.01707  1.23326  1.26174  1.37029  1.64101
                               OCCUPATION 
  1.00000  1.00000  1.00000  1.00000  1.00000  1.00000  0.00000  0.00000
  0.00000  0.00000  0.00000  0.00000  0.00000  0.00000  0.00000  0.00000
 NKP=   28  NGP=       299  K=( -0.56212  0.56212  0.84317)  WKP= 0.0109
                              EIGEN VALUE 
 -0.26524 -0.17074 -0.15423 -0.14197 -0.13086 -0.09899  0.37421  0.49840
  0.82067  0.82701  0.98237  0.98947  1.11239  1.23061  1.36389  1.59525
                               OCCUPATION 
  1.00000  1.00000  1.00000  1.00000  1.00000  1.00000  0.00000  0.00000
  0.00000  0.00000  0.00000  0.00000  0.00000  0.00000  0.00000  0.00000
 NKP=   29  NGP=       297  K=( -0.63238  0.63238  0.91344)  WKP= 0.0055
                              EIGEN VALUE 
 -0.30468 -0.16848 -0.14995 -0.14185 -0.13550 -0.11287  0.50183  0.52747
  0.89028  0.90689  0.93450  0.99239  1.01663  1.20035  1.35726  1.45664
                               OCCUPATION 
  1.00000  1.00000  1.00000  1.00000  1.00000  1.00000  0.00000  0.00000
  0.00000  0.00000  0.00000  0.00000  0.00000  0.00000  0.00000  0.00000
 NKP=   30  NGP=       303  K=(  0.00000  0.00000  0.42159)  WKP= 0.0027
                              EIGEN VALUE 
 -0.29596 -0.17738 -0.14173 -0.13451 -0.13451 -0.11740  0.60008  0.60008
  0.66182  0.66699  0.77281  1.31391  1.31850  1.31850  1.41438  1.42574
                               OCCUPATION 
  1.00000  1.00000  1.00000  1.00000  1.00000  1.00000  0.00000  0.00000
  0.00000  0.00000  0.00000  0.00000  0.00000  0.00000  0.00000  0.00000
 NKP=   31  NGP=       300  K=( -0.07026  0.07026  0.49185)  WKP= 0.0109
                              EIGEN VALUE 
 -0.26604 -0.18261 -0.14636 -0.13065 -0.12098 -0.11346  0.48657  0.56571
  0.59372  0.67710  0.78935  1.29273  1.30619  1.38172  1.47069  1.54915
                               OCCUPATION 
  1.00000  1.00000  1.00000  1.00000  1.00000  1.00000  0.00000  0.00000
  0.00000  0.00000  0.00000  0.00000  0.00000  0.00000  0.00000  0.00000
 NKP=   32  NGP=       298  K=( -0.14053  0.14053  0.56212)  WKP= 0.0109
                              EIGEN VALUE 
 -0.23395 -0.18501 -0.15207 -0.13139 -0.10767 -0.09341  0.35594  0.52337
  0.54889  0.67586  0.88284  1.24333  1.25211  1.39408  1.57755  1.65683
                               OCCUPATION 
  1.00000  1.00000  1.00000  1.00000  1.00000  1.00000  0.00000  0.00000
  0.00000  0.00000  0.00000  0.00000  0.00000  0.00000  0.00000  0.00000
 NKP=   33  NGP=       301  K=( -0.21079  0.21079  0.63238)  WKP= 0.0109
                              EIGEN VALUE 
 -0.21152 -0.18303 -0.15534 -0.13399 -0.10426 -0.04601  0.23588  0.46368
  0.55095  0.67619  1.00145  1.18772  1.21614  1.40102  1.66830  1.71120
                               OCCUPATION 
  1.00000  1.00000  1.00000  1.00000  1.00000  1.00000  0.00000  0.00000
  0.00000  0.00000  0.00000  0.00000  0.00000  0.00000  0.00000  0.00000
 NKP=   34  NGP=       296  K=( -0.28106  0.28106  0.70265)  WKP= 0.0109
                              EIGEN VALUE 
 -0.20198 -0.17948 -0.15530 -0.13658 -0.10549  0.01949  0.13547  0.41710
  0.57234  0.68482  1.12294  1.14465  1.19784  1.41008  1.51778  1.58739
                               OCCUPATION 
  1.00000  1.00000  1.00000  1.00000  1.00000  0.00000  0.00000  0.00000
  0.00000  0.00000  0.00000  0.00000  0.00000  0.00000  0.00000  0.00000
 NKP=   35  NGP=       297  K=( -0.35132  0.35132  0.77291)  WKP= 0.0109
                              EIGEN VALUE 
 -0.19918 -0.17571 -0.15824 -0.13816 -0.11135  0.02296  0.13544  0.38501
  0.61218  0.70399  1.11494  1.13695  1.29871  1.36873  1.40190  1.49341
                               OCCUPATION 
  1.00000  1.00000  1.00000  1.00000  1.00000  0.00000  0.00000  0.00000
  0.00000  0.00000  0.00000  0.00000  0.00000  0.00000  0.00000  0.00000
 NKP=   36  NGP=       297  K=( -0.42159  0.42159  0.84317)  WKP= 0.0109
                              EIGEN VALUE 
 -0.20488 -0.16954 -0.16773 -0.13836 -0.12020 -0.03529  0.23625  0.36895
  0.66855  0.73517  1.09857  1.09998  1.23151  1.32067  1.46195  1.50084
                               OCCUPATION 
  1.00000  1.00000  1.00000  1.00000  1.00000 -0.03529  0.00000  0.00000
  0.00000  0.00000  0.00000  0.00000  0.00000  0.00000  0.00000  0.00000
 NKP=   37  NGP=       297  K=( -0.49185  0.49185  0.91344)  WKP= 0.0055
                              EIGEN VALUE 
 -0.22959 -0.17319 -0.16130 -0.13799 -0.12895 -0.07474  0.34366  0.38129
  0.73903  0.77831  1.04335  1.08730  1.11513  1.26529  1.49108  1.57736
                               OCCUPATION 
  1.00000  1.00000  1.00000  1.00000  1.00000  1.00000  0.00000  0.00000
  0.00000  0.00000  0.00000  0.00000  0.00000  0.00000  0.00000  0.00000
 NKP=   38  NGP=       306  K=(  0.00000  0.00000  0.56212)  WKP= 0.0027
                              EIGEN VALUE 
 -0.24695 -0.18907 -0.13251 -0.12139 -0.12139 -0.11273  0.50607  0.52388
  0.52388  0.62743  0.72173  1.43016  1.43016  1.46967  1.49683  1.52682
                               OCCUPATION 
  1.00000  1.00000  1.00000  1.00000  1.00000  1.00000  0.00000  0.00000
  0.00000  0.00000  0.00000  0.00000  0.00000  0.00000  0.00000  0.00000
 NKP=   39  NGP=       307  K=( -0.07026  0.07026  0.63238)  WKP= 0.0109
                              EIGEN VALUE 
 -0.22814 -0.19315 -0.13196 -0.11928 -0.10785 -0.09276  0.42602  0.43466
  0.49997  0.64425  0.75286  1.38335  1.40773  1.55485  1.59457  1.66185
                               OCCUPATION 
  1.00000  1.00000  1.00000  1.00000  1.00000  1.00000  0.00000  0.00000
  0.00000  0.00000  0.00000  0.00000  0.00000  0.00000  0.00000  0.00000
 NKP=   40  NGP=       303  K=( -0.14053  0.14053  0.70265)  WKP= 0.0109
                              EIGEN VALUE 
 -0.21363 -0.19367 -0.13843 -0.12148 -0.10371 -0.03826  0.31089  0.36775
  0.49591  0.65229  0.85356  1.32321  1.35880  1.57523  1.69162  1.74466
                               OCCUPATION 
  1.00000  1.00000  1.00000  1.00000  1.00000  0.73756  0.00000  0.00000
  0.00000  0.00000  0.00000  0.00000  0.00000  0.00000  0.00000  0.00000
 NKP=   41  NGP=       294  K=( -0.21079  0.21079  0.77291)  WKP= 0.0109
                              EIGEN VALUE 
 -0.20298 -0.19089 -0.14619 -0.12455 -0.10444  0.03427  0.20148  0.31832
  0.51236  0.66034  0.98157  1.27414  1.31186  1.54046  1.57253  1.62782
                               OCCUPATION 
  1.00000  1.00000  1.00000  1.00000  1.00000  0.00000  0.00000  0.00000
  0.00000  0.00000  0.00000  0.00000  0.00000  0.00000  0.00000  0.00000
 NKP=   42  NGP=       290  K=( -0.28106  0.28106  0.84317)  WKP= 0.0109
                              EIGEN VALUE 
 -0.19416 -0.18653 -0.15545 -0.12791 -0.10956  0.09462  0.13260  0.28535
  0.54828  0.67568  1.12499  1.23566  1.26096  1.39215  1.46895  1.63275
                               OCCUPATION 
  1.00000  1.00000  1.00000  1.00000  1.00000  0.00000  0.00000  0.00000
  0.00000  0.00000  0.00000  0.00000  0.00000  0.00000  0.00000  0.00000
 NKP=   43  NGP=       289  K=( -0.35132  0.35132  0.91344)  WKP= 0.0055
                              EIGEN VALUE 
 -0.19127 -0.17942 -0.16538 -0.13209 -0.11613  0.02379  0.20976  0.28410
  0.60130  0.70051  1.18894  1.19371  1.27227  1.27489  1.39526  1.64789
                               OCCUPATION 
  1.00000  1.00000  1.00000  1.00000  1.00000  0.00000  0.00000  0.00000
  0.00000  0.00000  0.00000  0.00000  0.00000  0.00000  0.00000  0.00000
 NKP=   44  NGP=       298  K=(  0.00000  0.00000  0.70265)  WKP= 0.0027
                              EIGEN VALUE 
 -0.22391 -0.19857 -0.10905 -0.10905 -0.10882 -0.08015  0.35182  0.46867
  0.46867  0.60579  0.69847  1.52320  1.54324  1.54324  1.61933  1.70276
                               OCCUPATION 
  1.00000  1.00000  1.00000  1.00000  1.00000  1.00000  0.00000  0.00000
  0.00000  0.00000  0.00000  0.00000  0.00000  0.00000  0.00000  0.00000
 NKP=   45  NGP=       297  K=( -0.07026  0.07026  0.77291)  WKP= 0.0109
                              EIGEN VALUE 
 -0.21888 -0.20049 -0.11390 -0.11086 -0.10316 -0.02819  0.28850  0.39255
  0.45762  0.62660  0.73395  1.46583  1.51329  1.67792  1.72809  1.76924
                               OCCUPATION 
  1.00000  1.00000  1.00000  1.00000  1.00000 -0.00000  0.00000  0.00000
  0.00000  0.00000  0.00000  0.00000  0.00000  0.00000  0.00000  0.00000
 NKP=   46  NGP=       295  K=( -0.14053  0.14053  0.84317)  WKP= 0.0109
                              EIGEN VALUE 
 -0.21183 -0.19846 -0.12625 -0.11401 -0.10287  0.03820  0.24349  0.28754
  0.46808  0.64164  0.83954  1.40632  1.45175  1.58424  1.63730  1.79337
                               OCCUPATION 
  1.00000  1.00000  1.00000  1.00000  1.00000  0.00000  0.00000  0.00000
  0.00000  0.00000  0.00000  0.00000  0.00000  0.00000  0.00000  0.00000
 NKP=   47  NGP=       296  K=( -0.21079  0.21079  0.91344)  WKP= 0.0055
                              EIGEN VALUE 
 -0.20270 -0.19331 -0.14147 -0.11932 -0.10625  0.10065  0.18583  0.23460
  0.49917  0.65545  0.97494  1.33933  1.36957  1.45810  1.52932  1.82125
                               OCCUPATION 
  1.00000  1.00000  1.00000  1.00000  1.00000  0.00000  0.00000  0.00000
  0.00000  0.00000  0.00000  0.00000  0.00000  0.00000  0.00000  0.00000
 NKP=   48  NGP=       302  K=(  0.00000  0.00000  0.84317)  WKP= 0.0027
                              EIGEN VALUE 
 -0.22097 -0.20386 -0.10661 -0.10136 -0.10136 -0.00528  0.23295  0.43929
  0.43929  0.59541  0.68880  1.57136  1.66711  1.66711  1.68015  1.80936
                               OCCUPATION 
  1.00000  1.00000  1.00000  1.00000  1.00000  0.00000  0.00000  0.00000
  0.00000  0.00000  0.00000  0.00000  0.00000  0.00000  0.00000  0.00000
 NKP=   49  NGP=       302  K=( -0.07026  0.07026  0.91344)  WKP= 0.0055
                              EIGEN VALUE 
 -0.21855 -0.20311 -0.10815 -0.10806 -0.10099  0.02458  0.21306  0.37932
  0.44289  0.62094  0.72818  1.51863  1.58422  1.66720  1.70141  1.79375
                               OCCUPATION 
  1.00000  1.00000  1.00000  1.00000  1.00000  0.00000  0.00000  0.00000
  0.00000  0.00000  0.00000  0.00000  0.00000  0.00000  0.00000  0.00000
 NKP=   50  NGP=       298  K=(  0.00000  0.14053  0.28106)  WKP= 0.0109
                              EIGEN VALUE 
 -0.33280 -0.16622 -0.14756 -0.14513 -0.13350 -0.12074  0.59411  0.61823
  0.82341  0.84772  0.92308  1.07314  1.08720  1.23890  1.27947  1.36992
                               OCCUPATION 
  1.00000  1.00000  1.00000  1.00000  1.00000  1.00000  0.00000  0.00000
  0.00000  0.00000  0.00000  0.00000  0.00000  0.00000  0.00000  0.00000
 NKP=   51  NGP=       300  K=( -0.07026  0.21079  0.35132)  WKP= 0.0218
                              EIGEN VALUE 
 -0.29810 -0.17040 -0.15014 -0.14217 -0.13071 -0.11353  0.45926  0.58034
  0.78673  0.83347  0.94880  1.03142  1.10641  1.25189  1.31613  1.48491
                               OCCUPATION 
  1.00000  1.00000  1.00000  1.00000  1.00000  1.00000  0.00000  0.00000
  0.00000  0.00000  0.00000  0.00000  0.00000  0.00000  0.00000  0.00000
 NKP=   52  NGP=       299  K=( -0.14053  0.28106  0.42159)  WKP= 0.0218
                              EIGEN VALUE 
 -0.25751 -0.17006 -0.15533 -0.14406 -0.12104 -0.10081  0.32525  0.56608
  0.72108  0.81058  0.97693  1.03311  1.12866  1.25177  1.37258  1.59217
                               OCCUPATION 
  1.00000  1.00000  1.00000  1.00000  1.00000  1.00000  0.00000  0.00000
  0.00000  0.00000  0.00000  0.00000  0.00000  0.00000  0.00000  0.00000
 NKP=   53  NGP=       300  K=( -0.21079  0.35132  0.49185)  WKP= 0.0218
                              EIGEN VALUE 
 -0.22735 -0.16193 -0.15667 -0.14677 -0.11169 -0.07623  0.20578  0.56653
  0.66244  0.79403  0.94762  1.06676  1.17332  1.26713  1.47457  1.64019
                               OCCUPATION 
  1.00000  1.00000  1.00000  1.00000  1.00000  1.00000  0.00000  0.00000
  0.00000  0.00000  0.00000  0.00000  0.00000  0.00000  0.00000  0.00000
 NKP=   54  NGP=       295  K=( -0.28106  0.42159  0.56212)  WKP= 0.0218
                              EIGEN VALUE 
 -0.21718 -0.16375 -0.14910 -0.14285 -0.10702 -0.03346  0.11320  0.58129
  0.61755  0.78509  0.93211  1.07070  1.18902  1.36321  1.50505  1.59116
                               OCCUPATION 
  1.00000  1.00000  1.00000  1.00000  1.00000 -0.00552  0.00000  0.00000
  0.00000  0.00000  0.00000  0.00000  0.00000  0.00000  0.00000  0.00000
 NKP=   55  NGP=       300  K=(  0.00000  0.14053  0.42159)  WKP= 0.0109
                              EIGEN VALUE 
 -0.28723 -0.17646 -0.14905 -0.13445 -0.13011 -0.11349  0.51693  0.53676
  0.68833  0.76072  0.83764  1.16817  1.22507  1.35309  1.38116  1.47775
                               OCCUPATION 
  1.00000  1.00000  1.00000  1.00000  1.00000  1.00000  0.00000  0.00000
  0.00000  0.00000  0.00000  0.00000  0.00000  0.00000  0.00000  0.00000
 NKP=   56  NGP=       299  K=( -0.07026  0.21079  0.49185)  WKP= 0.0218
                              EIGEN VALUE 
 -0.25116 -0.17959 -0.15558 -0.13363 -0.11998 -0.09922  0.38932  0.50899
  0.61441  0.77084  0.90566  1.11302  1.24168  1.36426  1.43822  1.61478
                               OCCUPATION 
  1.00000  1.00000  1.00000  1.00000  1.00000  1.00000  0.00000  0.00000
  0.00000  0.00000  0.00000  0.00000  0.00000  0.00000  0.00000  0.00000
 NKP=   57  NGP=       294  K=( -0.14053  0.28106  0.56212)  WKP= 0.0218
                              EIGEN VALUE 
 -0.22016 -0.17764 -0.16055 -0.13638 -0.11037 -0.06858  0.26440  0.50442
  0.55056  0.76703  0.99935  1.08289  1.23084  1.35188  1.53447  1.66182
                               OCCUPATION 
  1.00000  1.00000  1.00000  1.00000  1.00000  1.00000  0.00000  0.00000
  0.00000  0.00000  0.00000  0.00000  0.00000  0.00000  0.00000  0.00000
 NKP=   58  NGP=       296  K=( -0.21079  0.35132  0.63238)  WKP= 0.0218
                              EIGEN VALUE 
 -0.20641 -0.17437 -0.15784 -0.13931 -0.10656 -0.01519  0.15645  0.49574
  0.52007  0.77102  1.00599  1.16758  1.21330  1.34514  1.50758  1.64460
                               OCCUPATION 
  1.00000  1.00000  1.00000  1.00000  1.00000  0.00000  0.00000  0.00000
  0.00000  0.00000  0.00000  0.00000  0.00000  0.00000  0.00000  0.00000
 NKP=   59  NGP=       296  K=( -0.28106  0.42159  0.70265)  WKP= 0.0218
                              EIGEN VALUE 
 -0.20343 -0.17355 -0.15475 -0.14104 -0.10793  0.02073  0.10824  0.45982
  0.54709  0.78673  0.98356  1.19267  1.30209  1.32191  1.39733  1.59809
                               OCCUPATION 
  1.00000  1.00000  1.00000  1.00000  1.00000  0.00000  0.00000  0.00000
  0.00000  0.00000  0.00000  0.00000  0.00000  0.00000  0.00000  0.00000
 NKP=   60  NGP=       294  K=( -0.35132  0.49185  0.77291)  WKP= 0.0218
                              EIGEN VALUE 
 -0.20734 -0.17035 -0.16245 -0.13993 -0.11362 -0.03157  0.19039  0.43780
  0.59047  0.81585  0.96637  1.16294  1.22181  1.36908  1.45652  1.50702
                               OCCUPATION 
  1.00000  1.00000  1.00000  1.00000  1.00000 -0.00007  0.00000  0.00000
  0.00000  0.00000  0.00000  0.00000  0.00000  0.00000  0.00000  0.00000
 NKP=   61  NGP=       299  K=( -0.42159  0.56212  0.84317)  WKP= 0.0218
                              EIGEN VALUE 
 -0.22694 -0.17390 -0.16254 -0.13725 -0.12296 -0.07413  0.30506  0.43168
  0.64748  0.85806  0.94907  1.08191  1.17610  1.34036  1.43475  1.64845
                               OCCUPATION 
  1.00000  1.00000  1.00000  1.00000  1.00000  1.00000  0.00000  0.00000
  0.00000  0.00000  0.00000  0.00000  0.00000  0.00000  0.00000  0.00000
 NKP=   62  NGP=       300  K=( -0.49185  0.63238  0.91344)  WKP= 0.0109
                              EIGEN VALUE 
 -0.26281 -0.17444 -0.15567 -0.13405 -0.13335 -0.09848  0.42372  0.45169
  0.71628  0.90092  0.91060  1.02961  1.14001  1.28536  1.42922  1.52901
                               OCCUPATION 
  1.00000  1.00000  1.00000  1.00000  1.00000  1.00000  0.00000  0.00000
  0.00000  0.00000  0.00000  0.00000  0.00000  0.00000  0.00000  0.00000
 NKP=   63  NGP=       305  K=(  0.00000  0.14053  0.56212)  WKP= 0.0109
                              EIGEN VALUE 
 -0.23978 -0.18726 -0.14752 -0.12145 -0.11832 -0.09934  0.45298  0.47017
  0.51751  0.71357  0.79048  1.24725  1.39117  1.47896  1.48905  1.59509
                               OCCUPATION 
  1.00000  1.00000  1.00000  1.00000  1.00000  1.00000  0.00000  0.00000
  0.00000  0.00000  0.00000  0.00000  0.00000  0.00000  0.00000  0.00000
 NKP=   64  NGP=       299  K=( -0.07026  0.21079  0.63238)  WKP= 0.0218
                              EIGEN VALUE 
 -0.21677 -0.18867 -0.15182 -0.12314 -0.10966 -0.06281  0.33558  0.44452
  0.45785  0.73261  0.87110  1.19021  1.39059  1.49132  1.59718  1.68676
                               OCCUPATION 
  1.00000  1.00000  1.00000  1.00000  1.00000  1.00000  0.00000  0.00000
  0.00000  0.00000  0.00000  0.00000  0.00000  0.00000  0.00000  0.00000
 NKP=   65  NGP=       298  K=( -0.14053  0.28106  0.70265)  WKP= 0.0218
                              EIGEN VALUE 
 -0.20256 -0.18659 -0.15564 -0.12724 -0.10556 -0.00256  0.22083  0.39165
  0.46277  0.74002  0.98952  1.14512  1.35784  1.49356  1.52887  1.71177
                               OCCUPATION 
  1.00000  1.00000  1.00000  1.00000  1.00000  0.00000  0.00000  0.00000
  0.00000  0.00000  0.00000  0.00000  0.00000  0.00000  0.00000  0.00000
 NKP=   66  NGP=       293  K=( -0.21079  0.35132  0.77291)  WKP= 0.0218
                              EIGEN VALUE 
 -0.19423 -0.18431 -0.15889 -0.13095 -0.10703  0.06971  0.12855  0.35019
  0.48756  0.75583  1.07938  1.15414  1.32135  1.36916  1.51840  1.61905
                               OCCUPATION 
  1.00000  1.00000  1.00000  1.00000  1.00000  0.00000  0.00000  0.00000
  0.00000  0.00000  0.00000  0.00000  0.00000  0.00000  0.00000  0.00000
 NKP=   67  NGP=       292  K=( -0.28106  0.42159  0.84317)  WKP= 0.0218
                              EIGEN VALUE 
 -0.19100 -0.18030 -0.16596 -0.13253 -0.11270  0.02843  0.18324  0.32456
  0.52799  0.78359  1.05853  1.21496  1.28327  1.31887  1.47287  1.56952
                               OCCUPATION 
  1.00000  1.00000  1.00000  1.00000  1.00000  0.00000  0.00000  0.00000
  0.00000  0.00000  0.00000  0.00000  0.00000  0.00000  0.00000  0.00000
 NKP=   68  NGP=       296  K=( -0.35132  0.49185  0.91344)  WKP= 0.0109
                              EIGEN VALUE 
 -0.20077 -0.17399 -0.17161 -0.13284 -0.12010 -0.03261  0.27833  0.32924
  0.58191  0.82321  1.01176  1.12706  1.24484  1.37892  1.48005  1.57232
                               OCCUPATION 
  1.00000  1.00000  1.00000  1.00000  1.00000 -0.00100  0.00000  0.00000
  0.00000  0.00000  0.00000  0.00000  0.00000  0.00000  0.00000  0.00000
 NKP=   69  NGP=       298  K=( -0.00000  0.14053  0.70265)  WKP= 0.0109
                              EIGEN VALUE 
 -0.21829 -0.19607 -0.13083 -0.11084 -0.10910 -0.05407  0.35933  0.40575
  0.42454  0.68333  0.76370  1.33211  1.54082  1.57186  1.64718  1.70905
                               OCCUPATION 
  1.00000  1.00000  1.00000  1.00000  1.00000  1.00000  0.00000  0.00000
  0.00000  0.00000  0.00000  0.00000  0.00000  0.00000  0.00000  0.00000
 NKP=   70  NGP=       294  K=( -0.07026  0.21079  0.77291)  WKP= 0.0218
                              EIGEN VALUE 
 -0.20960 -0.19516 -0.13759 -0.11579 -0.10392  0.00795  0.29806  0.30557
  0.41946  0.71103  0.85112  1.27494  1.50599  1.55008  1.67013  1.73602
                               OCCUPATION 
  1.00000  1.00000  1.00000  1.00000  1.00000  0.00000  0.00000  0.00000
  0.00000  0.00000  0.00000  0.00000  0.00000  0.00000  0.00000  0.00000
 NKP=   71  NGP=       294  K=( -0.14053  0.28106  0.84317)  WKP= 0.0218
                              EIGEN VALUE 
 -0.20090 -0.19116 -0.14742 -0.12141 -0.10444  0.08399  0.19606  0.26376
  0.43998  0.72720  0.98006  1.22178  1.40165  1.45602  1.63496  1.71726
                               OCCUPATION 
  1.00000  1.00000  1.00000  1.00000  1.00000  0.00000  0.00000  0.00000
  0.00000  0.00000  0.00000  0.00000  0.00000  0.00000  0.00000  0.00000
 NKP=   72  NGP=       292  K=( -0.21079  0.35132  0.91344)  WKP= 0.0109
                              EIGEN VALUE 
 -0.19141 -0.18681 -0.15910 -0.12666 -0.10862  0.10406  0.15794  0.25635
  0.47709  0.75074  1.12406  1.15571  1.29372  1.38987  1.53208  1.74152
                               OCCUPATION 
  1.00000  1.00000  1.00000  1.00000  1.00000  0.00000  0.00000  0.00000
  0.00000  0.00000  0.00000  0.00000  0.00000  0.00000  0.00000  0.00000
 NKP=   73  NGP=       303  K=(  0.00000  0.14053  0.84317)  WKP= 0.0109
                              EIGEN VALUE 
 -0.21618 -0.20099 -0.11784 -0.10946 -0.10137  0.01866  0.23829  0.38020
  0.39879  0.66872  0.75178  1.41612  1.59825  1.63763  1.67312  1.81815
                               OCCUPATION 
  1.00000  1.00000  1.00000  1.00000  1.00000  0.00000  0.00000  0.00000
  0.00000  0.00000  0.00000  0.00000  0.00000  0.00000  0.00000  0.00000
 NKP=   74  NGP=       294  K=( -0.07026  0.21079  0.91344)  WKP= 0.0109
                              EIGEN VALUE 
 -0.20995 -0.19745 -0.13059 -0.11446 -0.10143  0.06612  0.22144  0.28896
  0.40712  0.70407  0.84472  1.33442  1.47392  1.57228  1.70458  1.81931
                               OCCUPATION 
  1.00000  1.00000  1.00000  1.00000  1.00000  0.00000  0.00000  0.00000
  0.00000  0.00000  0.00000  0.00000  0.00000  0.00000  0.00000  0.00000
 NKP=   75  NGP=       298  K=(  0.00000  0.28106  0.56212)  WKP= 0.0109
                              EIGEN VALUE 
 -0.22107 -0.18197 -0.16233 -0.12533 -0.12132 -0.07080  0.36045  0.39314
  0.54177  0.85209  0.90277  1.07102  1.31409  1.43563  1.51763  1.60202
                               OCCUPATION 
  1.00000  1.00000  1.00000  1.00000  1.00000  1.00000  0.00000  0.00000
  0.00000  0.00000  0.00000  0.00000  0.00000  0.00000  0.00000  0.00000
 NKP=   76  NGP=       298  K=( -0.07026  0.35132  0.63238)  WKP= 0.0218
                              EIGEN VALUE 
 -0.20030 -0.18014 -0.16774 -0.12880 -0.11266 -0.02347  0.25236  0.38245
  0.48096  0.86453  0.95626  1.07713  1.34602  1.48308  1.48467  1.56358
                               OCCUPATION 
  1.00000  1.00000  1.00000  1.00000  1.00000  0.00000  0.00000  0.00000
  0.00000  0.00000  0.00000  0.00000  0.00000  0.00000  0.00000  0.00000
 NKP=   77  NGP=       294  K=( -0.14053  0.42159  0.70265)  WKP= 0.0218
                              EIGEN VALUE 
 -0.19212 -0.18194 -0.16445 -0.13238 -0.10774  0.04354  0.14950  0.39929
  0.43367  0.86060  0.96849  1.17431  1.32820  1.35716  1.48178  1.66023
                               OCCUPATION 
  1.00000  1.00000  1.00000  1.00000  1.00000  0.00000  0.00000  0.00000
  0.00000  0.00000  0.00000  0.00000  0.00000  0.00000  0.00000  0.00000
 NKP=   78  NGP=       295  K=(  0.00000  0.28106  0.70265)  WKP= 0.0109
                              EIGEN VALUE 
 -0.20393 -0.18851 -0.15608 -0.11907 -0.10921 -0.01194  0.31441  0.35221
  0.38445  0.81881  0.88995  1.13731  1.50251  1.51146  1.58183  1.63109
                               OCCUPATION 
  1.00000  1.00000  1.00000  1.00000  1.00000  0.00000  0.00000  0.00000
  0.00000  0.00000  0.00000  0.00000  0.00000  0.00000  0.00000  0.00000
 NKP=   79  NGP=       293  K=( -0.07026  0.35132  0.77291)  WKP= 0.0218
                              EIGEN VALUE 
 -0.19598 -0.18502 -0.16121 -0.12426 -0.10478  0.05809  0.21801  0.33249
  0.35317  0.85090  0.98361  1.09985  1.35401  1.51739  1.61768  1.73559
                               OCCUPATION 
  1.00000  1.00000  1.00000  1.00000  1.00000  0.00000  0.00000  0.00000
  0.00000  0.00000  0.00000  0.00000  0.00000  0.00000  0.00000  0.00000
 NKP=   80  NGP=       292  K=( -0.14053  0.42159  0.84317)  WKP= 0.0218
                              EIGEN VALUE 
 -0.19029 -0.18179 -0.16708 -0.12789 -0.10495  0.11566  0.15033  0.29846
  0.38076  0.87232  1.02862  1.13009  1.23848  1.49207  1.62795  1.69846
                               OCCUPATION 
  1.00000  1.00000  1.00000  1.00000  1.00000  0.00000  0.00000  0.00000
  0.00000  0.00000  0.00000  0.00000  0.00000  0.00000  0.00000  0.00000
 NKP=   81  NGP=       290  K=( -0.21079  0.49185  0.91344)  WKP= 0.0109
                              EIGEN VALUE 
 -0.18951 -0.17603 -0.17591 -0.12750 -0.10920  0.03930  0.23035  0.29518
  0.42416  0.89962  0.97727  1.10114  1.32411  1.44109  1.56513  1.67322
                               OCCUPATION 
  1.00000  1.00000  1.00000  1.00000  1.00000  0.00000  0.00000  0.00000
  0.00000  0.00000  0.00000  0.00000  0.00000  0.00000  0.00000  0.00000
 NKP=   82  NGP=       295  K=(  0.00000  0.28106  0.84317)  WKP= 0.0109
                              EIGEN VALUE 
 -0.20431 -0.19226 -0.14489 -0.11853 -0.10138  0.06966  0.25568  0.28960
  0.33258  0.80223  0.88243  1.21331  1.39632  1.66196  1.67990  1.78866
                               OCCUPATION 
  1.00000  1.00000  1.00000  1.00000  1.00000  0.00000  0.00000  0.00000
  0.00000  0.00000  0.00000  0.00000  0.00000  0.00000  0.00000  0.00000
 NKP=   83  NGP=       292  K=( -0.07026  0.35132  0.91344)  WKP= 0.0109
                              EIGEN VALUE 
 -0.19780 -0.18615 -0.15629 -0.12392 -0.10144  0.12873  0.20395  0.24337
  0.34233  0.84489  0.99039  1.13780  1.28249  1.60535  1.72443  1.81862
                               OCCUPATION 
  1.00000  1.00000  1.00000  1.00000  1.00000  0.00000  0.00000  0.00000
  0.00000  0.00000  0.00000  0.00000  0.00000  0.00000  0.00000  0.00000
 NKP=   84  NGP=       294  K=(  0.00000  0.42159  0.84317)  WKP= 0.0109
                              EIGEN VALUE 
 -0.19415 -0.17736 -0.16876 -0.12668 -0.10141  0.13249  0.20420  0.27558
  0.29258  0.95984  0.98557  1.06475  1.22561  1.65067  1.70328  1.78665
                               OCCUPATION 
  1.00000  1.00000  1.00000  1.00000  1.00000  0.00000  0.00000  0.00000
  0.00000  0.00000  0.00000  0.00000  0.00000  0.00000  0.00000  0.00000
 
 QMDQMDQMDQMDQMDQMDQMDQMDQMDQMDQMDQMDQMDQMDQMDQMDQMDQMDQMDQMDQMDQMDQMDQM

 MD ITERATION NR.      1:013          TOTAL CPU TIME =      3.94 SECONDS

                       CONVERGED ENERGY AND FORCES 
   NIT     TotalEnergy     f_max     f_rms      edel      vdel      fdel
     1    -59.76556585  0.000000  0.000000  0.52D-11  0.29D-08  0.52D-11

    ATOM              COORDINATES                        FORCES
MD:    1
MD:    1 Cu   0.000000   0.000000   0.000000  -0.00000  0.00000 -0.00000
 
CHGPRO:     0.0000      0.2966467985     -0.4893364165      0.1561730719
CHGPRO:     0.1520      0.2913525564     -0.4898805113      0.1511444912
CHGPRO:     0.3040      0.2760586788     -0.4914876535      0.1362963927
CHGPRO:     0.4560      0.2524219817     -0.4942674376      0.1123713591
CHGPRO:     0.6080      0.2229007575     -0.4981704005      0.0808223723
CHGPRO:     0.7600      0.1904162229     -0.5028009383      0.0440392314
CHGPRO:     0.9120      0.1579471984     -0.5074737625      0.0054740702
CHGPRO:     1.0640      0.1280785889     -0.5109273375     -0.0306587779
CHGPRO:     1.2160      0.1026080451     -0.5116002169     -0.0604916514
CHGPRO:     1.3680      0.0823273589     -0.5075636943     -0.0812230912
CHGPRO:     1.5200      0.0670727670     -0.4970788466     -0.0910704237
CHGPRO:     1.6720      0.0560593391     -0.4797711088     -0.0897863458
CHGPRO:     1.8240      0.0483312051     -0.4572467202     -0.0795083031
CHGPRO:     1.9760      0.0430735287     -0.4341773688     -0.0647093926
CHGPRO:     2.1280      0.0396963548     -0.4153039352     -0.0506556391
CHGPRO:     2.2800      0.0378102024     -0.4021887747     -0.0411774741
CHGPRO:     2.4320      0.0372027459     -0.3970948551     -0.0379067080
CHGPRO:     2.5839      0.0378102024     -0.4021887747     -0.0411774741
CHGPRO:     2.7359      0.0396963548     -0.4153039352     -0.0506556391
CHGPRO:     2.8879      0.0430735287     -0.4341773688     -0.0647093926
CHGPRO:     3.0399      0.0483312051     -0.4572467202     -0.0795083031
CHGPRO:     3.1919      0.0560593391     -0.4797711088     -0.0897863458
CHGPRO:     3.3439      0.0670727670     -0.4970788466     -0.0910704237
CHGPRO:     3.4959      0.0823273589     -0.5075636943     -0.0812230912
CHGPRO:     3.6479      0.1026080451     -0.5116002169     -0.0604916514
CHGPRO:     3.7999      0.1280785889     -0.5109273375     -0.0306587779
CHGPRO:     3.9519      0.1579471984     -0.5074737625      0.0054740702
CHGPRO:     4.1039      0.1904162229     -0.5028009383      0.0440392314
CHGPRO:     4.2559      0.2229007575     -0.4981704005      0.0808223723
CHGPRO:     4.4079      0.2524219817     -0.4942674376      0.1123713591
CHGPRO:     4.5599      0.2760586788     -0.4914876535      0.1362963927
CHGPRO:     4.7119      0.2913525564     -0.4898805113      0.1511444912

 *I* wavefunction data written in zaj.data

 *I* writing eko_l

 *I* writing fsr_l, fsi_l

 *I* potential data written in potential.data

           <<<  Atomic Charge >>>
  ia is   rd d_rd  Charge(1)  Charge(2)  Charge(3)
   1  1 2.30 0.10   9.835643  10.064849  10.301569

 ***********************************************************************
 *                                                                     *
 *                               TIMING                                *
 *                                                                     *
 ***********************************************************************
      SUBROUTINE        CALLS        TOTAL CPU TIME           <CPU TIME>
             SCF            1                3.2088               3.2088
          WF_Dav           14                2.7440               0.1960
     diagonalize          882                1.4498               0.0016
        dav_hphi          882                0.7893               0.0009
           kbint            1                0.7450               0.7450
         fftw3c3         8148                0.7361               0.0001
         swffftx         3528                0.3536               0.0001
        swffftx2         3528                0.3217               0.0001
             Dos            2                0.1934               0.0967
          Chgfft           13                0.1266               0.0097
         dav_mgs          588                0.1214               0.0002
          swffft         1092                0.1059               0.0001
       dav_mgs_2          588                0.0945               0.0002
         Writing            1                0.0924               0.0924
      xc_gga_chg           26                0.0706               0.0027
 dav_band2g_hphi          882                0.0701               0.0001
         dav_hij          882                0.0660               0.0001
      dav_nonloc          882                0.0647               0.0001
     fdchgq0_fft           13                0.0555               0.0043
  dav_band2g_phi          315                0.0432               0.0001
    dav_residual          588                0.0410               0.0001
           fd_vq           13                0.0385               0.0030
   fdchgq0_fft_1           13                0.0369               0.0028
           pspot            1                0.0356               0.0356
           Force            1                0.0353               0.0353
  dav_residual_1          588                0.0329               0.0001
    dav_nonloc_3         5586                0.0327               0.0000
        fdforce0            1                0.0302               0.0302
      dav_sumset          588                0.0261               0.0000
    dav_nonloc_2         5586                0.0213               0.0000
      dav_precon          588                0.0187               0.0000
       dav_mgs_3          588                0.0157               0.0000
         FFT_SET            1                0.0152               0.0152
    dav_sumset_1          588                0.0140               0.0000
           Fermi           13                0.0124               0.0010
 dav_refresh_phi          294                0.0113               0.0000
    dav_sumset_2          588                0.0113               0.0000
       dav_mgs_1          588                0.0099               0.0000
    xc_1_gr_ch12           78                0.0085               0.0001
    dav_copy_fsr          294                0.0084               0.0000
            symm            1                0.0067               0.0067
    dav_nonloc_1          882                0.0061               0.0000
      dav_grmsmd            1                0.0056               0.0056
        swffftx1         3528                0.0053               0.0000
           gstep            1                0.0045               0.0045
           psloc            1                0.0045               0.0045
       dav_mgs_t           21                0.0037               0.0002
          ptfft1           14                0.0034               0.0002
 dav_refresh_fsr          294                0.0034               0.0000
    xc_1_gr_ch11           78                0.0033               0.0000
 ***********************************************************************

 =======================================================================
 TASK                   CALLS        TOTAL CPU TIME           <CPU TIME>
 FFT SingleProc          8148                0.7402               0.0001
 FFT MPI                  321                0.0348               0.0001
 FFTW MPI1                 27                0.0029               0.0001
  
 ALLREDUCE               8451                0.0436               0.0000
 ALLREDUCE_G               45                0.0024               0.0001
 ALLREDUCE_BG              14                0.0001               0.0000
 ALLREDUCE_K             4445                0.0379               0.0000
 ALLGATHERV                68                0.0037               0.0001
 ALLGATHERV_KG            903                0.0078               0.0000
 ALLGATHERV_K             588                0.0133               0.0000
 GATHERV                    2                0.0001               0.0000
 ALLTOALLV                180                0.0077               0.0000
 ALLTOALLV_KG            2457                0.0468               0.0000
 TOTAL TIME FOR COMMUNICATION                0.1634
 =======================================================================

 TOTAL CPU TIME:  00 HOURS 00 MINUTES  4.28 SECONDS

 PROGRAM STATE ENDED AT: Jul  1 11:28:25 2025
  
 HHHHHHHHHHHHHHHHHHHHHHHHHHHHHHHHHHHHHHHHHHHHHHHHHHHHHHHHHHHHHHHHH
 HHHHHHHHHHHHHHHHHHHHHHHHHHHHHHHHHHHHHHHHHHHHHHHHHHHHHHHHHHHHHHHHH
                           _______________________
     __________   _______/______v______v______v___]
    D          | |                                 |
    D   A A    | | Congratulations!                |  C( > < )D
  --  =(^.^)=  | |  The calculation has converged. |    = o =
 |     @@@@@   | |                                 |    (    )~
 /--=O=-+-=O=---+--=O=--+--==O==--+--==O==--+--=O=-+--=O=---=O=-/
  
 HHHHHHHHHHHHHHHHHHHHHHHHHHHHHHHHHHHHHHHHHHHHHHHHHHHHHHHHHHHHHHHHH
 HHHHHHHHHHHHHHHHHHHHHHHHHHHHHHHHHHHHHHHHHHHHHHHHHHHHHHHHHHHHHHHHH
