[0] MPI startup(): I_MPI_TCP_NETMASK variable has been removed from the product, its value is ignored

 
 ***********************************************************************
 *                                                                     *
 *                                                                     *
 *                                                                     *
 *              ******  ********    **    ******** ********            *
 *             ******** ********   ****   ******** ********            *
 *             **          **     **  **     **    **                  *
 *              ***        **    ********    **    ******              *
 *                ***      **   **********   **    ******              *
 *                  **     **  **        **  **    **                  *
 *             ********    ** **          ** **    ********            *
 *              ******     ** VERSION 5.6.17 **    ********            *
 *                               RICS-AIST                             *
 *                           OSAKA UNIVERSITY                          *
 *                                                                     *
 ***********************************************************************
 
 PROGRAM STATE STARTED AT: Jul  1 11:29:22 2025

 THIS JOB RUNS ON         : xs01                            
 THE CURRENT DIRECTORY IS : /home/ikutaro/work/STATE/examples/Cu/fcc/k-p
 THE PROCESS ID IS        : 84625
 THE JOB WAS SUBMITTED BY : ikutaro             
 THE NUMBER OF PROCESSORS : 16
 THE NUMBER OF THREADS    : 1
 
 ELECTRONIC WAVEFUNCTIONS INITIALIZED 
 ELECTRONIC CHARGE INITIALIZED 
 IONIC POSITIONS READ FROM STANDARD INPUT 
 IONIC VELOCITIES INITIALIZED 
 MAXIMUM SCF ITERATIONS : 200
 MAXIMUM MD STEPS : 200
 MAXIMUM ELAPSED CPU TIME :  86400.00 SEC
 TIME INCREMENT IN MOLECULAR DYNAMICS :     50.00 A.U.
 ENERGY CRITERION FOR SCF ITERATIONS :  0.100000E-09 HA/ATOM

 EXCHANGE-CORRELATION FUNCTIONAL : ggapbe
 SPIN POLARIZATION NOT ALLOWED 
 NUMBER OF BANDS CONSIDERED : 16
 METHFESSEL-PAXTON SMEARING 
 SMEARING WIDTH : 0.002000
 DAVIDSON METHOD WITH G-SPACE TECHNIQUE 
 BLUGEL MIXING PARAMETERS 
   MIXING OBJECT : CHARGE 
   MIXING INFORMATION RESET AFTER 30 STEPS
   MIXING PARAMETER : 0.300

 ********************************** TYPE *******************************
 TYPE  NAME  INITIAL CHARGE   MASS(AMU)     PP TYPE  ILOC   INITIAL SPIN
    1    Cu          0.1500     63.5460   UltraSoft     3         0.0000
 ***********************************************************************

 ********************************* ATOMS *******************************
   ATOM    X(BOHR)    Y(BOHR)    Z(BOHR)     TAUX    TAUY    TAUZ IW  IR
   1  1    0.00000    0.00000    0.00000   0.0000  0.0000  0.0000  1   0
 ***********************************************************************

 ******************************** K-POINTS *****************************
 BRAVIAS LATTICE         :        FACE CENTER         
 SPACE GROUP             :        F m -3 m  
 INVERSION SYMMETRY      :        NO 
 CONV. LAT. VECTOR(BOHR) :        6.878600       0.000000       0.000000
 CONV. LAT. VECTOR(BOHR) :        0.000000       6.878600       0.000000
 CONV. LAT. VECTOR(BOHR) :        0.000000       0.000000       6.878600
 PRIM. LAT. VECTOR(BOHR) :        0.000000       3.439300       3.439300
 PRIM. LAT. VECTOR(BOHR) :        3.439300       0.000000       3.439300
 PRIM. LAT. VECTOR(BOHR) :        3.439300       3.439300       0.000000
 PRIM. CELL VOLUME       :    0.813655E+02
 PRIM. REC. VECTOR(1/BOHR) :     -0.913440       0.913440       0.913440
 PRIM. REC. VECTOR(1/BOHR) :      0.913440      -0.913440       0.913440
 PRIM. REC. VECTOR(1/BOHR) :      0.913440       0.913440      -0.913440
 REC. PRIM. CELL VOLUME    :  0.304859E+01
 ENERGY CUTOFF FOR SOFT MODE(RY) :  36.000
 ENERGY CUTOFF FOR HARD MODE(RY) : 400.000
 NUMBER OF K-POINT MESH  :              12             12             12
 K-POINT SHIFT           :             OFF            OFF            OFF
 NUMBER OF K-POINTS      :              72
        NKP            WKP              KX             KY             KZ
          1       0.000579        0.000000       0.000000       0.000000
          2       0.004630       -0.076120       0.076120       0.076120
          3       0.004630       -0.152240       0.152240       0.152240
          4       0.004630       -0.228360       0.228360       0.228360
          5       0.004630       -0.304480       0.304480       0.304480
          6       0.004630       -0.380600       0.380600       0.380600
          7       0.002315       -0.456720       0.456720       0.456720
          8       0.003472        0.000000       0.000000       0.152240
          9       0.013889       -0.076120       0.076120       0.228360
         10       0.013889       -0.152240       0.152240       0.304480
         11       0.013889       -0.228360       0.228360       0.380600
         12       0.013889       -0.304480       0.304480       0.456720
         13       0.013889       -0.380600       0.380600       0.532840
         14       0.013889       -0.456720       0.456720       0.608960
         15       0.013889       -0.532840       0.532840       0.685080
         16       0.013889       -0.608960       0.608960       0.761200
         17       0.013889       -0.685080       0.685080       0.837320
         18       0.006944       -0.761200       0.761200       0.913440
         19       0.003472        0.000000       0.000000       0.304480
         20       0.013889       -0.076120       0.076120       0.380600
         21       0.013889       -0.152240       0.152240       0.456720
         22       0.013889       -0.228360       0.228360       0.532840
         23       0.013889       -0.304480       0.304480       0.608960
         24       0.013889       -0.380600       0.380600       0.685080
         25       0.013889       -0.456720       0.456720       0.761200
         26       0.013889       -0.532840       0.532840       0.837320
         27       0.006944       -0.608960       0.608960       0.913440
         28       0.003472        0.000000       0.000000       0.456720
         29       0.013889       -0.076120       0.076120       0.532840
         30       0.013889       -0.152240       0.152240       0.608960
         31       0.013889       -0.228360       0.228360       0.685080
         32       0.013889       -0.304480       0.304480       0.761200
         33       0.013889       -0.380600       0.380600       0.837320
         34       0.006944       -0.456720       0.456720       0.913440
         35       0.003472        0.000000       0.000000       0.608960
         36       0.013889       -0.076120       0.076120       0.685080
         37       0.013889       -0.152240       0.152240       0.761200
         38       0.013889       -0.228360       0.228360       0.837320
         39       0.006944       -0.304480       0.304480       0.913440
         40       0.003472        0.000000       0.000000       0.761200
         41       0.013889       -0.076120       0.076120       0.837320
         42       0.006944       -0.152240       0.152240       0.913440
         43       0.001736        0.000000       0.000000       0.913440
         44       0.013889       -0.000000       0.152240       0.304480
         45       0.027778       -0.076120       0.228360       0.380600
         46       0.027778       -0.152240       0.304480       0.456720
         47       0.027778       -0.228360       0.380600       0.532840
         48       0.013889       -0.304480       0.456720       0.608960
         49       0.013889        0.000000       0.152240       0.456720
         50       0.027778       -0.076120       0.228360       0.532840
         51       0.027778       -0.152240       0.304480       0.608960
         52       0.027778       -0.228360       0.380600       0.685080
         53       0.027778       -0.304480       0.456720       0.761200
         54       0.027778       -0.380600       0.532840       0.837320
         55       0.013889       -0.456720       0.608960       0.913440
         56       0.013889        0.000000       0.152240       0.608960
         57       0.027778       -0.076120       0.228360       0.685080
         58       0.027778       -0.152240       0.304480       0.761200
         59       0.027778       -0.228360       0.380600       0.837320
         60       0.013889       -0.304480       0.456720       0.913440
         61       0.013889       -0.000000       0.152240       0.761200
         62       0.027778       -0.076120       0.228360       0.837320
         63       0.013889       -0.152240       0.304480       0.913440
         64       0.006944        0.000000       0.152240       0.913440
         65       0.013889       -0.000000       0.304480       0.608960
         66       0.027778       -0.076120       0.380600       0.685080
         67       0.013889       -0.152240       0.456720       0.761200
         68       0.013889        0.000000       0.304480       0.761200
         69       0.027778       -0.076120       0.380600       0.837320
         70       0.013889       -0.152240       0.456720       0.913440
         71       0.006944        0.000000       0.304480       0.913440
         72       0.003472        0.000000       0.456720       0.913440
 ***********************************************************************
 *I* TOTAL NUMBER OF DEGREES OF FREEDOM :     0
     
 NEIBRD =       1331
 KID  KNX  KNY  KNZ  KNL  KNM  KNN  =   21   10   10   10   20   20   20
 KIDP KNXP KNYP KNZP KNLP KNMP KNNP =   33   16   16   16   32   32   32
 NUMBER OF GENERATED VECTORS KNG,KNGP =      2421     10969
 KFFT KFFTP =      16800     67584
 IOPT IOPTP =          1         1

 ************************* SYMMETRY OPERATION **************************
                   Rc              tc               Rp             tp
         1.0000  0.0000  0.0000  0.0000   1.0000  0.0000  0.0000  0.0000
 nr.  1  0.0000  1.0000  0.0000  0.0000   0.0000  1.0000  0.0000  0.0000
         0.0000  0.0000  1.0000  0.0000   0.0000  0.0000  1.0000  0.0000

        -1.0000  0.0000  0.0000  0.0000  -1.0000  0.0000  0.0000  0.0000
 nr.  2  0.0000 -1.0000  0.0000  0.0000   0.0000 -1.0000  0.0000  0.0000
         0.0000  0.0000 -1.0000  0.0000   0.0000  0.0000 -1.0000  0.0000

         1.0000  0.0000  0.0000  0.0000   0.0000 -1.0000  1.0000  0.0000
 nr.  3  0.0000  0.0000 -1.0000  0.0000   0.0000  0.0000  1.0000  0.0000
         0.0000  1.0000  0.0000  0.0000  -1.0000  0.0000  1.0000  0.0000

         0.0000  0.0000  1.0000  0.0000   0.0000  0.0000  1.0000  0.0000
 nr.  4  1.0000  0.0000  0.0000  0.0000   1.0000  0.0000  0.0000  0.0000
         0.0000  1.0000  0.0000  0.0000   0.0000  1.0000  0.0000  0.0000

        -1.0000  0.0000  0.0000  0.0000   0.0000  1.0000 -1.0000  0.0000
 nr.  5  0.0000  0.0000  1.0000  0.0000   0.0000  0.0000 -1.0000  0.0000
         0.0000 -1.0000  0.0000  0.0000   1.0000  0.0000 -1.0000  0.0000

         0.0000  0.0000 -1.0000  0.0000   0.0000  0.0000 -1.0000  0.0000
 nr.  6 -1.0000  0.0000  0.0000  0.0000  -1.0000  0.0000  0.0000  0.0000
         0.0000 -1.0000  0.0000  0.0000   0.0000 -1.0000  0.0000  0.0000

         1.0000  0.0000  0.0000  0.0000  -1.0000  0.0000  0.0000  0.0000
 nr.  7  0.0000 -1.0000  0.0000  0.0000  -1.0000  0.0000  1.0000  0.0000
         0.0000  0.0000 -1.0000  0.0000  -1.0000  1.0000  0.0000  0.0000

         0.0000  0.0000  1.0000  0.0000  -1.0000  1.0000  0.0000  0.0000
 nr.  8  0.0000 -1.0000  0.0000  0.0000   0.0000  1.0000  0.0000  0.0000
         1.0000  0.0000  0.0000  0.0000   0.0000  1.0000 -1.0000  0.0000

         0.0000  1.0000  0.0000  0.0000  -1.0000  0.0000  1.0000  0.0000
 nr.  9  1.0000  0.0000  0.0000  0.0000   0.0000 -1.0000  1.0000  0.0000
         0.0000  0.0000 -1.0000  0.0000   0.0000  0.0000  1.0000  0.0000

         0.0000  1.0000  0.0000  0.0000   0.0000  1.0000  0.0000  0.0000
 nr. 10  0.0000  0.0000  1.0000  0.0000   0.0000  0.0000  1.0000  0.0000
         1.0000  0.0000  0.0000  0.0000   1.0000  0.0000  0.0000  0.0000

        -1.0000  0.0000  0.0000  0.0000   1.0000  0.0000  0.0000  0.0000
 nr. 11  0.0000  1.0000  0.0000  0.0000   1.0000  0.0000 -1.0000  0.0000
         0.0000  0.0000  1.0000  0.0000   1.0000 -1.0000  0.0000  0.0000

         0.0000  0.0000 -1.0000  0.0000   1.0000 -1.0000  0.0000  0.0000
 nr. 12  0.0000  1.0000  0.0000  0.0000   0.0000 -1.0000  0.0000  0.0000
        -1.0000  0.0000  0.0000  0.0000   0.0000 -1.0000  1.0000  0.0000

         0.0000 -1.0000  0.0000  0.0000   1.0000  0.0000 -1.0000  0.0000
 nr. 13 -1.0000  0.0000  0.0000  0.0000   0.0000  1.0000 -1.0000  0.0000
         0.0000  0.0000  1.0000  0.0000   0.0000  0.0000 -1.0000  0.0000

         0.0000 -1.0000  0.0000  0.0000   0.0000 -1.0000  0.0000  0.0000
 nr. 14  0.0000  0.0000 -1.0000  0.0000   0.0000  0.0000 -1.0000  0.0000
        -1.0000  0.0000  0.0000  0.0000  -1.0000  0.0000  0.0000  0.0000

         1.0000  0.0000  0.0000  0.0000   0.0000  1.0000 -1.0000  0.0000
 nr. 15  0.0000  0.0000  1.0000  0.0000  -1.0000  1.0000  0.0000  0.0000
         0.0000 -1.0000  0.0000  0.0000   0.0000  1.0000  0.0000  0.0000

         0.0000  0.0000  1.0000  0.0000   0.0000  0.0000 -1.0000  0.0000
 nr. 16 -1.0000  0.0000  0.0000  0.0000   0.0000  1.0000 -1.0000  0.0000
         0.0000 -1.0000  0.0000  0.0000   1.0000  0.0000 -1.0000  0.0000

         0.0000  1.0000  0.0000  0.0000   1.0000  0.0000 -1.0000  0.0000
 nr. 17 -1.0000  0.0000  0.0000  0.0000   1.0000  0.0000  0.0000  0.0000
         0.0000  0.0000  1.0000  0.0000   1.0000 -1.0000  0.0000  0.0000

         0.0000  0.0000 -1.0000  0.0000  -1.0000  1.0000  0.0000  0.0000
 nr. 18  1.0000  0.0000  0.0000  0.0000  -1.0000  0.0000  0.0000  0.0000
         0.0000 -1.0000  0.0000  0.0000  -1.0000  0.0000  1.0000  0.0000

         0.0000  0.0000 -1.0000  0.0000   0.0000  0.0000  1.0000  0.0000
 nr. 19  0.0000  1.0000  0.0000  0.0000  -1.0000  0.0000  1.0000  0.0000
         1.0000  0.0000  0.0000  0.0000   0.0000 -1.0000  1.0000  0.0000

        -1.0000  0.0000  0.0000  0.0000   0.0000 -1.0000  1.0000  0.0000
 nr. 20  0.0000  0.0000 -1.0000  0.0000   1.0000 -1.0000  0.0000  0.0000
         0.0000  1.0000  0.0000  0.0000   0.0000 -1.0000  0.0000  0.0000

         0.0000  0.0000 -1.0000  0.0000   0.0000  0.0000  1.0000  0.0000
 nr. 21  1.0000  0.0000  0.0000  0.0000   0.0000 -1.0000  1.0000  0.0000
         0.0000  1.0000  0.0000  0.0000  -1.0000  0.0000  1.0000  0.0000

         0.0000 -1.0000  0.0000  0.0000  -1.0000  0.0000  1.0000  0.0000
 nr. 22  1.0000  0.0000  0.0000  0.0000  -1.0000  0.0000  0.0000  0.0000
         0.0000  0.0000 -1.0000  0.0000  -1.0000  1.0000  0.0000  0.0000

         0.0000  0.0000  1.0000  0.0000   1.0000 -1.0000  0.0000  0.0000
 nr. 23 -1.0000  0.0000  0.0000  0.0000   1.0000  0.0000  0.0000  0.0000
         0.0000  1.0000  0.0000  0.0000   1.0000  0.0000 -1.0000  0.0000

         0.0000  0.0000  1.0000  0.0000   0.0000  0.0000 -1.0000  0.0000
 nr. 24  0.0000 -1.0000  0.0000  0.0000   1.0000  0.0000 -1.0000  0.0000
        -1.0000  0.0000  0.0000  0.0000   0.0000  1.0000 -1.0000  0.0000

         0.0000  0.0000  1.0000  0.0000   1.0000 -1.0000  0.0000  0.0000
 nr. 25  0.0000  1.0000  0.0000  0.0000   1.0000  0.0000 -1.0000  0.0000
        -1.0000  0.0000  0.0000  0.0000   1.0000  0.0000  0.0000  0.0000

         0.0000  1.0000  0.0000  0.0000   0.0000 -1.0000  0.0000  0.0000
 nr. 26  0.0000  0.0000 -1.0000  0.0000   1.0000 -1.0000  0.0000  0.0000
        -1.0000  0.0000  0.0000  0.0000   0.0000 -1.0000  1.0000  0.0000

         0.0000  0.0000 -1.0000  0.0000   1.0000 -1.0000  0.0000  0.0000
 nr. 27 -1.0000  0.0000  0.0000  0.0000   0.0000 -1.0000  1.0000  0.0000
         0.0000  1.0000  0.0000  0.0000   0.0000 -1.0000  0.0000  0.0000

         0.0000 -1.0000  0.0000  0.0000   0.0000  1.0000  0.0000  0.0000
 nr. 28  1.0000  0.0000  0.0000  0.0000   0.0000  1.0000 -1.0000  0.0000
         0.0000  0.0000  1.0000  0.0000  -1.0000  1.0000  0.0000  0.0000

         0.0000 -1.0000  0.0000  0.0000   1.0000  0.0000 -1.0000  0.0000
 nr. 29  0.0000  0.0000  1.0000  0.0000   0.0000  0.0000 -1.0000  0.0000
        -1.0000  0.0000  0.0000  0.0000   0.0000  1.0000 -1.0000  0.0000

         0.0000 -1.0000  0.0000  0.0000  -1.0000  0.0000  1.0000  0.0000
 nr. 30  0.0000  0.0000 -1.0000  0.0000  -1.0000  1.0000  0.0000  0.0000
         1.0000  0.0000  0.0000  0.0000  -1.0000  0.0000  0.0000  0.0000

         0.0000  0.0000 -1.0000  0.0000  -1.0000  1.0000  0.0000  0.0000
 nr. 31  0.0000 -1.0000  0.0000  0.0000  -1.0000  0.0000  1.0000  0.0000
         1.0000  0.0000  0.0000  0.0000  -1.0000  0.0000  0.0000  0.0000

         0.0000 -1.0000  0.0000  0.0000   0.0000  1.0000  0.0000  0.0000
 nr. 32  0.0000  0.0000  1.0000  0.0000  -1.0000  1.0000  0.0000  0.0000
         1.0000  0.0000  0.0000  0.0000   0.0000  1.0000 -1.0000  0.0000

         0.0000  0.0000  1.0000  0.0000  -1.0000  1.0000  0.0000  0.0000
 nr. 33  1.0000  0.0000  0.0000  0.0000   0.0000  1.0000 -1.0000  0.0000
         0.0000 -1.0000  0.0000  0.0000   0.0000  1.0000  0.0000  0.0000

         0.0000  1.0000  0.0000  0.0000   0.0000 -1.0000  0.0000  0.0000
 nr. 34 -1.0000  0.0000  0.0000  0.0000   0.0000 -1.0000  1.0000  0.0000
         0.0000  0.0000 -1.0000  0.0000   1.0000 -1.0000  0.0000  0.0000

         0.0000  1.0000  0.0000  0.0000  -1.0000  0.0000  1.0000  0.0000
 nr. 35  0.0000  0.0000 -1.0000  0.0000   0.0000  0.0000  1.0000  0.0000
         1.0000  0.0000  0.0000  0.0000   0.0000 -1.0000  1.0000  0.0000

         0.0000  1.0000  0.0000  0.0000   1.0000  0.0000 -1.0000  0.0000
 nr. 36  0.0000  0.0000  1.0000  0.0000   1.0000 -1.0000  0.0000  0.0000
        -1.0000  0.0000  0.0000  0.0000   1.0000  0.0000  0.0000  0.0000

         0.0000  0.0000 -1.0000  0.0000   0.0000  0.0000 -1.0000  0.0000
 nr. 37  0.0000 -1.0000  0.0000  0.0000   0.0000 -1.0000  0.0000  0.0000
        -1.0000  0.0000  0.0000  0.0000  -1.0000  0.0000  0.0000  0.0000

         0.0000 -1.0000  0.0000  0.0000   0.0000 -1.0000  0.0000  0.0000
 nr. 38 -1.0000  0.0000  0.0000  0.0000  -1.0000  0.0000  0.0000  0.0000
         0.0000  0.0000 -1.0000  0.0000   0.0000  0.0000 -1.0000  0.0000

        -1.0000  0.0000  0.0000  0.0000   1.0000  0.0000  0.0000  0.0000
 nr. 39  0.0000  0.0000  1.0000  0.0000   1.0000 -1.0000  0.0000  0.0000
         0.0000  1.0000  0.0000  0.0000   1.0000  0.0000 -1.0000  0.0000

        -1.0000  0.0000  0.0000  0.0000   0.0000 -1.0000  1.0000  0.0000
 nr. 40  0.0000  1.0000  0.0000  0.0000   0.0000 -1.0000  0.0000  0.0000
         0.0000  0.0000 -1.0000  0.0000   1.0000 -1.0000  0.0000  0.0000

        -1.0000  0.0000  0.0000  0.0000   0.0000  1.0000 -1.0000  0.0000
 nr. 41  0.0000 -1.0000  0.0000  0.0000   1.0000  0.0000 -1.0000  0.0000
         0.0000  0.0000  1.0000  0.0000   0.0000  0.0000 -1.0000  0.0000

         0.0000  0.0000  1.0000  0.0000   0.0000  0.0000  1.0000  0.0000
 nr. 42  0.0000  1.0000  0.0000  0.0000   0.0000  1.0000  0.0000  0.0000
         1.0000  0.0000  0.0000  0.0000   1.0000  0.0000  0.0000  0.0000

         0.0000  1.0000  0.0000  0.0000   0.0000  1.0000  0.0000  0.0000
 nr. 43  1.0000  0.0000  0.0000  0.0000   1.0000  0.0000  0.0000  0.0000
         0.0000  0.0000  1.0000  0.0000   0.0000  0.0000  1.0000  0.0000

         1.0000  0.0000  0.0000  0.0000  -1.0000  0.0000  0.0000  0.0000
 nr. 44  0.0000  0.0000 -1.0000  0.0000  -1.0000  1.0000  0.0000  0.0000
         0.0000 -1.0000  0.0000  0.0000  -1.0000  0.0000  1.0000  0.0000

         1.0000  0.0000  0.0000  0.0000   0.0000  1.0000 -1.0000  0.0000
 nr. 45  0.0000 -1.0000  0.0000  0.0000   0.0000  1.0000  0.0000  0.0000
         0.0000  0.0000  1.0000  0.0000  -1.0000  1.0000  0.0000  0.0000

         1.0000  0.0000  0.0000  0.0000   0.0000 -1.0000  1.0000  0.0000
 nr. 46  0.0000  1.0000  0.0000  0.0000  -1.0000  0.0000  1.0000  0.0000
         0.0000  0.0000 -1.0000  0.0000   0.0000  0.0000  1.0000  0.0000

        -1.0000  0.0000  0.0000  0.0000  -1.0000  0.0000  0.0000  0.0000
 nr. 47  0.0000  0.0000 -1.0000  0.0000   0.0000  0.0000 -1.0000  0.0000
         0.0000 -1.0000  0.0000  0.0000   0.0000 -1.0000  0.0000  0.0000

         1.0000  0.0000  0.0000  0.0000   1.0000  0.0000  0.0000  0.0000
 nr. 48  0.0000  0.0000  1.0000  0.0000   0.0000  0.0000  1.0000  0.0000
         0.0000  1.0000  0.0000  0.0000   0.0000  1.0000  0.0000  0.0000
 ***********************************************************************
  
           ===================================================
           ===       MPI PARALLELIZATION INFORMATION       ===
           ===================================================
           === TOTAL NUMBER OF K-POINTS          :      72 ===
           === K-POINT DIVISOR                   :       8 ===
           === TOTAL NUMBER OF BANDS             :      16 ===
           === BAND DIVISOR                      :       2 ===
           === TOTAL NUMBER OF G-VECTORS         :     310 ===
           === G-VECTOR DIVISOR                  :       1 ===
           ===================================================

 ***********************************************************************
                               ALLOCATION 
 ***********************************************************************
  NCPU  KNGP_FFT      KNGP       KNG     KNG1      KEG     KATM    KATM2
     0      1061       685       151      155        8        0        0
     1      1041       685       151      155        8        0        0
     2       965       685       151      155        8        0        0
     3       877       685       151      155        8        0        0
     4       745       685       151      155        8        0        0
     5       569       685       151      155        8        0        0
     6       369       685       151      155        8        0        0
     7       125       686       151      155        8        0        0
     8        30       686       151      155        8        0        0
     9       251       686       151      155        8        0        0
    10       471       686       151      155        8        0        0
    11       665       686       152      155        8        0        0
    12       817       686       152      155        8        0        0
    13       929       686       152      155        8        0        0
    14      1001       686       152      155        8        0        0
    15      1053       686       152      155        8        1        1
 -----------------------------------------------------------------------
  NCPU    KFFTPM     KFFTP    KFFTP2     KFFT    KMESH     KNMP     KNNP
     0      4224      4224      2112     1050       93        2        2
     1      4224      4224      2112     1050       93        2        2
     2      4224      4224      2112     1050       93        2        2
     3      4224      4224      2112     1050       94        2        2
     4      4224      4224      2112     1050       94        2        2
     5      4224      4224      2112     1050       94        2        2
     6      4224      4224      2112     1050       94        2        2
     7      4224      4224      2112     1050       94        2        2
     8      4224      4224      2112     1050       94        2        2
     9      4224      4224      2112     1050       94        2        2
    10      4224      4224      2112     1050       94        2        2
    11      4224      4224      2112     1050       94        2        2
    12      4224      4224      2112     1050       94        2        2
    13      4224      4224      2112     1050       94        2        2
    14      4224      4224      2112     1050       94        2        2
    15      4224      4224      2112     1050       94        2        2
 ***********************************************************************
                            END OF ALLOCATION 
 ***********************************************************************

 ********   <<  Reading Potential >>  ******** 
 F_POT(01) = pot.Cu_pbe1
 29.0000 11.0000  6      1          : NATOMN IVAL ILOC ITPCC
 ggapbe                             : XCTYPE
  7.5900  3.0200  2.6959 -1.6959    : ALP CC
 1501    96.0000 60.0000            : NMESH XH RMAX
 VALL is read from unit 37
    1   2   1                       : IL ITAU(IL1) IVAN(IL1)
    2   2   1                       : IL ITAU(IL1) IVAN(IL1)
    3   2   1                       : IL ITAU(IL1) IVAN(IL1)
    1   1   1   1   1   1  1135   8 : MM L1 T1 L2 T2 L3 NRC MORD
    2   1   1   1   2   1  1135   8 : MM L1 T1 L2 T2 L3 NRC MORD
    3   1   1   2   1   2  1135   8 : MM L1 T1 L2 T2 L3 NRC MORD
    4   1   1   2   2   2  1135   8 : MM L1 T1 L2 T2 L3 NRC MORD
    5   1   1   3   1   3  1135   8 : MM L1 T1 L2 T2 L3 NRC MORD
    6   1   1   3   2   3  1135   8 : MM L1 T1 L2 T2 L3 NRC MORD
    7   1   2   1   2   1  1135   8 : MM L1 T1 L2 T2 L3 NRC MORD
    8   1   2   2   1   2  1135   8 : MM L1 T1 L2 T2 L3 NRC MORD
    9   1   2   2   2   2  1135   8 : MM L1 T1 L2 T2 L3 NRC MORD
   10   1   2   3   1   3  1135   8 : MM L1 T1 L2 T2 L3 NRC MORD
   11   1   2   3   2   3  1135   8 : MM L1 T1 L2 T2 L3 NRC MORD
   12   2   1   2   1   1  1135   8 : MM L1 T1 L2 T2 L3 NRC MORD
   13   2   1   2   1   3  1135   8 : MM L1 T1 L2 T2 L3 NRC MORD
   14   2   1   2   2   1  1135   8 : MM L1 T1 L2 T2 L3 NRC MORD
   15   2   1   2   2   3  1135   8 : MM L1 T1 L2 T2 L3 NRC MORD
   16   2   1   3   1   2  1135   8 : MM L1 T1 L2 T2 L3 NRC MORD
   17   2   1   3   1   4  1135   8 : MM L1 T1 L2 T2 L3 NRC MORD
   18   2   1   3   2   2  1135   8 : MM L1 T1 L2 T2 L3 NRC MORD
   19   2   1   3   2   4  1135   8 : MM L1 T1 L2 T2 L3 NRC MORD
   20   2   2   2   2   1  1135   8 : MM L1 T1 L2 T2 L3 NRC MORD
   21   2   2   2   2   3  1135   8 : MM L1 T1 L2 T2 L3 NRC MORD
   22   2   2   3   1   2  1135   8 : MM L1 T1 L2 T2 L3 NRC MORD
   23   2   2   3   1   4  1135   8 : MM L1 T1 L2 T2 L3 NRC MORD
   24   2   2   3   2   2  1135   8 : MM L1 T1 L2 T2 L3 NRC MORD
   25   2   2   3   2   4  1135   8 : MM L1 T1 L2 T2 L3 NRC MORD
   26   3   1   3   1   1  1135   8 : MM L1 T1 L2 T2 L3 NRC MORD
   27   3   1   3   1   3  1127   8 : MM L1 T1 L2 T2 L3 NRC MORD
   28   3   1   3   1   5  1135   8 : MM L1 T1 L2 T2 L3 NRC MORD
   29   3   1   3   2   1  1135   8 : MM L1 T1 L2 T2 L3 NRC MORD
   30   3   1   3   2   3  1135   8 : MM L1 T1 L2 T2 L3 NRC MORD
   31   3   1   3   2   5  1135   8 : MM L1 T1 L2 T2 L3 NRC MORD
   32   3   2   3   2   1  1135   8 : MM L1 T1 L2 T2 L3 NRC MORD
   33   3   2   3   2   3  1135   8 : MM L1 T1 L2 T2 L3 NRC MORD
   34   3   2   3   2   5  1135   8 : MM L1 T1 L2 T2 L3 NRC MORD
 CHGPC  =   8.48851088
 TOTAL ENERGY CORRECTION FROM PS     =     0.4923571502D+00
 TOTAL PARTIAL CHARGE         SCHGPC =         8.4885108817
 TOTAL LOCALIZED CHARGE (QLCTOT)     =         0.0000000000
 KQITG =    34
 NUMBER OF BANDS SHOULD BE GREATER THAN 6
 KLMT  =    18
 KLMTT =    18
 KLMTA =    18
 TOTCH =      11.000000000000
 NX NY NZ  =   4   4   4
 NNEIB     =     729
 ALF       =    2.647574
 NEWLDG    =     137

 ***********************************************************************
 *                                                                     *
 *                              START SCF                              *
 *                                                                     *
 ***********************************************************************

  NSCF NADR            ETOTAL          EDEL          CDEL CONV      TCPU
     1    0      -59.05198478   0.59052E+02   0.15510E-01    0      0.20
     2    0      -59.51025722   0.45827E+00   0.53859E-01    0      0.11
     3    1      -59.76270023   0.25244E+00   0.89366E-02    0      0.11
     4    2      -59.76541145   0.27112E-02   0.34686E-02    1      0.11
     5    3      -59.76529713   0.11432E-03   0.11722E-02    1      0.11
     6    4      -59.76538980   0.92669E-04   0.57412E-03    2      0.11
     7    5      -59.76541792   0.28120E-04   0.29251E-04    3      0.11
     8    6      -59.76541793   0.11306E-07   0.22473E-04    3      0.11
     9    7      -59.76541797   0.41585E-07   0.42584E-05    3      0.11
    10    8      -59.76541797   0.12602E-08   0.17892E-05    3      0.11
    11    9      -59.76541797   0.26876E-09   0.28594E-06    3      0.11
    12   10      -59.76541797   0.64446E-11   0.20171E-06    4      0.11
    13   11      -59.76541797   0.18488E-10   0.62326E-07    5      0.11
    14   12      -59.76541797   0.18332E-10   0.38457E-07    6      0.11
 
                                   TOTAL CHARGE DENSITY =     10.9999997

                     TOTAL ENERGY AND ITS COMPONENTS 
                  TOTAL ENERGY     =         -59.76541797 A.U.
                KINETIC ENERGY     =           6.33366457 A.U.
                HARTREE ENERGY     =          16.07554805 A.U.
                     XC ENERGY     =         -19.86510213 A.U.
                  LOCAL ENERGY     =         -17.32468180 A.U.
               NONLOCAL ENERGY     =          -4.65916755 A.U.
                  EWALD ENERGY     =         -40.32567026 A.U.
                     PC ENERGY     =           0.00000000 A.U.
               ENTROPIC ENERGY     =          -0.00000886 A.U.

                                         FERMI ENERGY =      -0.04858119
 NKP=    1  NGP=       307  K=(  0.00000  0.00000  0.00000)  WKP= 0.0006
                              EIGEN VALUE 
 -0.38330 -0.15486 -0.15486 -0.15486 -0.12577 -0.12577  0.81225  0.88452
  0.88452  0.88452  0.96415  0.96415  0.96415  1.10339  1.29721  1.29721
                               OCCUPATION 
  1.00000  1.00000  1.00000  1.00000  1.00000  1.00000  0.00000  0.00000
  0.00000  0.00000  0.00000  0.00000  0.00000  0.00000  0.00000  0.00000
 NKP=    2  NGP=       304  K=( -0.07612  0.07612  0.07612)  WKP= 0.0046
                              EIGEN VALUE 
 -0.37415 -0.15669 -0.15320 -0.15320 -0.12637 -0.12637  0.72640  0.83250
  0.85420  0.85420  1.00919  1.00919  1.04217  1.16259  1.20545  1.20545
                               OCCUPATION 
  1.00000  1.00000  1.00000  1.00000  1.00000  1.00000  0.00000  0.00000
  0.00000  0.00000  0.00000  0.00000  0.00000  0.00000  0.00000  0.00000
 NKP=    3  NGP=       304  K=( -0.15224  0.15224  0.15224)  WKP= 0.0046
                              EIGEN VALUE 
 -0.34743 -0.16096 -0.14991 -0.14991 -0.12663 -0.12663  0.56379  0.81506
  0.81506  0.81824  1.04872  1.07194  1.07194  1.12275  1.12275  1.29770
                               OCCUPATION 
  1.00000  1.00000  1.00000  1.00000  1.00000  1.00000  0.00000  0.00000
  0.00000  0.00000  0.00000  0.00000  0.00000  0.00000  0.00000  0.00000
 NKP=    4  NGP=       299  K=( -0.22836  0.22836  0.22836)  WKP= 0.0046
                              EIGEN VALUE 
 -0.30626 -0.16360 -0.14932 -0.14932 -0.12267 -0.12267  0.40832  0.78677
  0.78677  0.79745  1.00202  1.00202  1.04813  1.20775  1.20775  1.37951
                               OCCUPATION 
  1.00000  1.00000  1.00000  1.00000  1.00000  1.00000  0.00000  0.00000
  0.00000  0.00000  0.00000  0.00000  0.00000  0.00000  0.00000  0.00000
 NKP=    5  NGP=       302  K=( -0.30448  0.30448  0.30448)  WKP= 0.0046
                              EIGEN VALUE 
 -0.26102 -0.15422 -0.15206 -0.15206 -0.11493 -0.11493  0.26746  0.77048
  0.77048  0.77370  0.93227  0.93227  1.05170  1.32837  1.32837  1.46973
                               OCCUPATION 
  1.00000  1.00000  1.00000  1.00000  1.00000  1.00000  0.00000  0.00000
  0.00000  0.00000  0.00000  0.00000  0.00000  0.00000  0.00000  0.00000
 NKP=    6  NGP=       296  K=( -0.38060  0.38060  0.38060)  WKP= 0.0046
                              EIGEN VALUE 
 -0.23410 -0.15496 -0.15496 -0.11553 -0.10804 -0.10804  0.14911  0.75561
  0.76442  0.76442  0.88502  0.88502  1.05573  1.46423  1.46423  1.57279
                               OCCUPATION 
  1.00000  1.00000  1.00000  1.00000  1.00000  1.00000  0.00000  0.00000
  0.00000  0.00000  0.00000  0.00000  0.00000  0.00000  0.00000  0.00000
 NKP=    7  NGP=       302  K=( -0.45672  0.45672  0.45672)  WKP= 0.0023
                              EIGEN VALUE 
 -0.22807 -0.15613 -0.15613 -0.10536 -0.10536 -0.07929  0.08909  0.74896
  0.76373  0.76373  0.86766  0.86766  1.05735  1.57949  1.57949  1.63754
                               OCCUPATION 
  1.00000  1.00000  1.00000  1.00000  1.00000  1.00000  0.00000  0.00000
  0.00000  0.00000  0.00000  0.00000  0.00000  0.00000  0.00000  0.00000
 NKP=    8  NGP=       299  K=(  0.00000  0.00000  0.15224)  WKP= 0.0035
                              EIGEN VALUE 
 -0.37111 -0.15832 -0.15200 -0.15200 -0.12889 -0.12447  0.76544  0.78893
  0.78893  0.84049  1.03759  1.07115  1.07140  1.07140  1.20331  1.31602
                               OCCUPATION 
  1.00000  1.00000  1.00000  1.00000  1.00000  1.00000  0.00000  0.00000
  0.00000  0.00000  0.00000  0.00000  0.00000  0.00000  0.00000  0.00000
 NKP=    9  NGP=       301  K=( -0.07612  0.07612  0.22836)  WKP= 0.0139
                              EIGEN VALUE 
 -0.35026 -0.16257 -0.14865 -0.14846 -0.13143 -0.12320  0.62380  0.73773
  0.76758  0.87768  0.96565  1.04767  1.14182  1.15094  1.24383  1.29067
                               OCCUPATION 
  1.00000  1.00000  1.00000  1.00000  1.00000  1.00000  0.00000  0.00000
  0.00000  0.00000  0.00000  0.00000  0.00000  0.00000  0.00000  0.00000
 NKP=   10  NGP=       300  K=( -0.15224  0.15224  0.30448)  WKP= 0.0139
                              EIGEN VALUE 
 -0.31374 -0.16683 -0.14840 -0.14642 -0.12803 -0.11967  0.46514  0.70229
  0.74506  0.86428  0.95169  1.04310  1.11941  1.16571  1.27141  1.39103
                               OCCUPATION 
  1.00000  1.00000  1.00000  1.00000  1.00000  1.00000  0.00000  0.00000
  0.00000  0.00000  0.00000  0.00000  0.00000  0.00000  0.00000  0.00000
 NKP=   11  NGP=       298  K=( -0.22836  0.22836  0.38060)  WKP= 0.0139
                              EIGEN VALUE 
 -0.26859 -0.16529 -0.15266 -0.14801 -0.11586 -0.11305  0.31879  0.68359
  0.72577  0.78797  0.97152  1.04648  1.07290  1.20209  1.38151  1.48613
                               OCCUPATION 
  1.00000  1.00000  1.00000  1.00000  1.00000  1.00000  0.00000  0.00000
  0.00000  0.00000  0.00000  0.00000  0.00000  0.00000  0.00000  0.00000
 NKP=   12  NGP=       298  K=( -0.30448  0.30448  0.45672)  WKP= 0.0139
                              EIGEN VALUE 
 -0.23449 -0.15728 -0.15102 -0.14700 -0.10705 -0.09362  0.19063  0.68288
  0.69914  0.74240  0.96347  0.98596  1.09996  1.29684  1.51005  1.59086
                               OCCUPATION 
  1.00000  1.00000  1.00000  1.00000  1.00000  1.00000  0.00000  0.00000
  0.00000  0.00000  0.00000  0.00000  0.00000  0.00000  0.00000  0.00000
 NKP=   13  NGP=       292  K=( -0.38060  0.38060  0.53284)  WKP= 0.0139
                              EIGEN VALUE 
 -0.22375 -0.15914 -0.15309 -0.12861 -0.10517 -0.05476  0.10007  0.65988
  0.70147  0.73817  0.94167  0.95986  1.11197  1.43147  1.57971  1.61999
                               OCCUPATION 
  1.00000  1.00000  1.00000  1.00000  1.00000  1.00006  0.00000  0.00000
  0.00000  0.00000  0.00000  0.00000  0.00000  0.00000  0.00000  0.00000
 NKP=   14  NGP=       295  K=( -0.45672  0.45672  0.60896)  WKP= 0.0139
                              EIGEN VALUE 
 -0.22541 -0.15826 -0.15306 -0.13084 -0.10871 -0.06616  0.12290  0.63192
  0.73985  0.75466  0.91394  0.96435  1.12200  1.43575  1.50113  1.58067
                               OCCUPATION 
  1.00000  1.00000  1.00000  1.00000  1.00000  1.00000  0.00000  0.00000
  0.00000  0.00000  0.00000  0.00000  0.00000  0.00000  0.00000  0.00000
 NKP=   15  NGP=       293  K=( -0.53284  0.53284  0.68508)  WKP= 0.0139
                              EIGEN VALUE 
 -0.24292 -0.15507 -0.15356 -0.15079 -0.11669 -0.09676  0.23094  0.62085
  0.78705  0.79676  0.90303  0.97123  1.13707  1.29247  1.38115  1.59596
                               OCCUPATION 
  1.00000  1.00000  1.00000  1.00000  1.00000  1.00000  0.00000  0.00000
  0.00000  0.00000  0.00000  0.00000  0.00000  0.00000  0.00000  0.00000
 NKP=   16  NGP=       299  K=( -0.60896  0.60896  0.76120)  WKP= 0.0139
                              EIGEN VALUE 
 -0.28364 -0.16609 -0.15095 -0.14741 -0.12611 -0.11108  0.36606  0.62653
  0.83173  0.86468  0.91415  0.97081  1.16093  1.16375  1.28955  1.48753
                               OCCUPATION 
  1.00000  1.00000  1.00000  1.00000  1.00000  1.00000  0.00000  0.00000
  0.00000  0.00000  0.00000  0.00000  0.00000  0.00000  0.00000  0.00000
 NKP=   17  NGP=       303  K=( -0.68508  0.68508  0.83732)  WKP= 0.0139
                              EIGEN VALUE 
 -0.32739 -0.16470 -0.14876 -0.14675 -0.13138 -0.12012  0.51699  0.64812
  0.87348  0.90709  0.96563  0.97958  1.05290  1.18054  1.24243  1.38527
                               OCCUPATION 
  1.00000  1.00000  1.00000  1.00000  1.00000  1.00000  0.00000  0.00000
  0.00000  0.00000  0.00000  0.00000  0.00000  0.00000  0.00000  0.00000
 NKP=   18  NGP=       307  K=( -0.76120  0.76120  0.91344)  WKP= 0.0069
                              EIGEN VALUE 
 -0.35913 -0.15996 -0.15071 -0.15041 -0.12952 -0.12443  0.66737  0.69635
  0.87120  0.91727  0.97915  0.99197  1.08566  1.17551  1.18071  1.28659
                               OCCUPATION 
  1.00000  1.00000  1.00000  1.00000  1.00000  1.00000  0.00000  0.00000
  0.00000  0.00000  0.00000  0.00000  0.00000  0.00000  0.00000  0.00000
 NKP=   19  NGP=       303  K=(  0.00000  0.00000  0.30448)  WKP= 0.0035
                              EIGEN VALUE 
 -0.33573 -0.16771 -0.14374 -0.14374 -0.13659 -0.12094  0.67646  0.67646
  0.70127  0.76160  0.87839  1.18044  1.21466  1.21466  1.31340  1.37704
                               OCCUPATION 
  1.00000  1.00000  1.00000  1.00000  1.00000  1.00000  0.00000  0.00000
  0.00000  0.00000  0.00000  0.00000  0.00000  0.00000  0.00000  0.00000
 NKP=   20  NGP=       299  K=( -0.07612  0.07612  0.38060)  WKP= 0.0139
                              EIGEN VALUE 
 -0.30542 -0.17334 -0.14573 -0.13943 -0.13129 -0.11773  0.53406  0.63236
  0.69800  0.74702  0.84412  1.17728  1.24195  1.27261  1.35650  1.43161
                               OCCUPATION 
  1.00000  1.00000  1.00000  1.00000  1.00000  1.00000  0.00000  0.00000
  0.00000  0.00000  0.00000  0.00000  0.00000  0.00000  0.00000  0.00000
 NKP=   21  NGP=       298  K=( -0.15224  0.15224  0.45672)  WKP= 0.0139
                              EIGEN VALUE 
 -0.26455 -0.17662 -0.15300 -0.13923 -0.11353 -0.11173  0.38446  0.60680
  0.64818  0.71148  0.93569  1.14394  1.17657  1.27806  1.44956  1.53786
                               OCCUPATION 
  1.00000  1.00000  1.00000  1.00000  1.00000  1.00000  0.00000  0.00000
  0.00000  0.00000  0.00000  0.00000  0.00000  0.00000  0.00000  0.00000
 NKP=   22  NGP=       296  K=( -0.22836  0.22836  0.53284)  WKP= 0.0139
                              EIGEN VALUE 
 -0.22796 -0.17305 -0.15760 -0.14182 -0.10610 -0.08168  0.24874  0.58430
  0.60136  0.70022  1.05414  1.11200  1.11718  1.27955  1.57206  1.64524
                               OCCUPATION 
  1.00000  1.00000  1.00000  1.00000  1.00000  1.00000  0.00000  0.00000
  0.00000  0.00000  0.00000  0.00000  0.00000  0.00000  0.00000  0.00000
 NKP=   23  NGP=       293  K=( -0.30448  0.30448  0.60896)  WKP= 0.0139
                              EIGEN VALUE 
 -0.21277 -0.16894 -0.15151 -0.14454 -0.10465 -0.02797  0.13613  0.53107
  0.61723  0.70377  1.06170  1.08107  1.19631  1.29666  1.58479  1.63406
                               OCCUPATION 
  1.00000  1.00000  1.00000  1.00000  1.00000  0.00000  0.00000  0.00000
  0.00000  0.00000  0.00000  0.00000  0.00000  0.00000  0.00000  0.00000
 NKP=   24  NGP=       297  K=( -0.38060  0.38060  0.68508)  WKP= 0.0139
                              EIGEN VALUE 
 -0.21072 -0.16736 -0.14836 -0.14580 -0.10877 -0.00856  0.11036  0.49389
  0.65450  0.72153  1.02711  1.06160  1.27033  1.38777  1.42506  1.50890
                               OCCUPATION 
  1.00000  1.00000  1.00000  1.00000  1.00000  0.00000  0.00000  0.00000
  0.00000  0.00000  0.00000  0.00000  0.00000  0.00000  0.00000  0.00000
 NKP=   25  NGP=       295  K=( -0.45672  0.45672  0.76120)  WKP= 0.0139
                              EIGEN VALUE 
 -0.21885 -0.16299 -0.16008 -0.14486 -0.11752 -0.05885  0.20877  0.47446
  0.71185  0.75512  1.00840  1.03855  1.27495  1.28490  1.39322  1.56553
                               OCCUPATION 
  1.00000  1.00000  1.00000  1.00000  1.00000  1.00000  0.00000  0.00000
  0.00000  0.00000  0.00000  0.00000  0.00000  0.00000  0.00000  0.00000
 NKP=   26  NGP=       299  K=( -0.53284  0.53284  0.83732)  WKP= 0.0139
                              EIGEN VALUE 
 -0.24953 -0.17079 -0.15657 -0.14176 -0.12846 -0.09057  0.33832  0.47329
  0.78695  0.80549  1.00229  1.00549  1.13888  1.24742  1.38200  1.63028
                               OCCUPATION 
  1.00000  1.00000  1.00000  1.00000  1.00000  1.00000  0.00000  0.00000
  0.00000  0.00000  0.00000  0.00000  0.00000  0.00000  0.00000  0.00000
 NKP=   27  NGP=       299  K=( -0.60896  0.60896  0.91344)  WKP= 0.0069
                              EIGEN VALUE 
 -0.29233 -0.16971 -0.15096 -0.13970 -0.13621 -0.10861  0.47380  0.50004
  0.86993  0.87695  0.94995  1.01013  1.02616  1.20845  1.37951  1.48143
                               OCCUPATION 
  1.00000  1.00000  1.00000  1.00000  1.00000  1.00000  0.00000  0.00000
  0.00000  0.00000  0.00000  0.00000  0.00000  0.00000  0.00000  0.00000
 NKP=   28  NGP=       303  K=(  0.00000  0.00000  0.45672)  WKP= 0.0035
                              EIGEN VALUE 
 -0.28293 -0.18025 -0.14177 -0.13120 -0.13120 -0.11606  0.57933  0.57933
  0.62847  0.65198  0.75529  1.34728  1.34728  1.35739  1.43561  1.44388
                               OCCUPATION 
  1.00000  1.00000  1.00000  1.00000  1.00000  1.00000  0.00000  0.00000
  0.00000  0.00000  0.00000  0.00000  0.00000  0.00000  0.00000  0.00000
 NKP=   29  NGP=       300  K=( -0.07612  0.07612  0.53284)  WKP= 0.0139
                              EIGEN VALUE 
 -0.25148 -0.18561 -0.14515 -0.12756 -0.11385 -0.11136  0.45994  0.54549
  0.54624  0.66759  0.78444  1.31954  1.31978  1.42292  1.51449  1.59200
                               OCCUPATION 
  1.00000  1.00000  1.00000  1.00000  1.00000  1.00000  0.00000  0.00000
  0.00000  0.00000  0.00000  0.00000  0.00000  0.00000  0.00000  0.00000
 NKP=   30  NGP=       297  K=( -0.15224  0.15224  0.60896)  WKP= 0.0139
                              EIGEN VALUE 
 -0.22195 -0.18723 -0.15047 -0.12913 -0.10552 -0.07514  0.32250  0.47230
  0.53307  0.66853  0.89300  1.25235  1.27320  1.43728  1.64232  1.71585
                               OCCUPATION 
  1.00000  1.00000  1.00000  1.00000  1.00000  1.00000  0.00000  0.00000
  0.00000  0.00000  0.00000  0.00000  0.00000  0.00000  0.00000  0.00000
 NKP=   31  NGP=       294  K=( -0.22836  0.22836  0.68508)  WKP= 0.0139
                              EIGEN VALUE 
 -0.20485 -0.18442 -0.15373 -0.13214 -0.10390 -0.01133  0.19868  0.41276
  0.54353  0.67282  1.02779  1.19686  1.23283  1.44775  1.60028  1.65747
                               OCCUPATION 
  1.00000  1.00000  1.00000  1.00000  1.00000  0.00000  0.00000  0.00000
  0.00000  0.00000  0.00000  0.00000  0.00000  0.00000  0.00000  0.00000
 NKP=   32  NGP=       296  K=( -0.30448  0.30448  0.76120)  WKP= 0.0139
                              EIGEN VALUE 
 -0.19744 -0.18051 -0.15649 -0.13475 -0.10800  0.05497  0.11499  0.36952
  0.57664  0.68732  1.15649  1.15679  1.21885  1.43321  1.44799  1.53309
                               OCCUPATION 
  1.00000  1.00000  1.00000  1.00000  1.00000  0.00000  0.00000  0.00000
  0.00000  0.00000  0.00000  0.00000  0.00000  0.00000  0.00000  0.00000
 NKP=   33  NGP=       293  K=( -0.38060  0.38060  0.83732)  WKP= 0.0139
                              EIGEN VALUE 
 -0.19714 -0.17438 -0.16480 -0.13620 -0.11643 -0.00274  0.19795  0.34462
  0.63037  0.71453  1.13133  1.13924  1.27933  1.33126  1.39938  1.52293
                               OCCUPATION 
  1.00000  1.00000  1.00000  1.00000  1.00000  0.00000  0.00000  0.00000
  0.00000  0.00000  0.00000  0.00000  0.00000  0.00000  0.00000  0.00000
 NKP=   34  NGP=       295  K=( -0.45672  0.45672  0.91344)  WKP= 0.0069
                              EIGEN VALUE 
 -0.21432 -0.17253 -0.16532 -0.13721 -0.12547 -0.05731  0.30797  0.35222
  0.70166  0.75538  1.07640  1.11039  1.15148  1.28656  1.52764  1.55618
                               OCCUPATION 
  1.00000  1.00000  1.00000  1.00000  1.00000  1.00000  0.00000  0.00000
  0.00000  0.00000  0.00000  0.00000  0.00000  0.00000  0.00000  0.00000
 NKP=   35  NGP=       310  K=(  0.00000  0.00000  0.60896)  WKP= 0.0035
                              EIGEN VALUE 
 -0.23548 -0.19249 -0.12042 -0.11687 -0.11687 -0.11113  0.45259  0.50292
  0.50292  0.61892  0.71200  1.46694  1.46694  1.48678  1.56021  1.56299
                               OCCUPATION 
  1.00000  1.00000  1.00000  1.00000  1.00000  1.00000  0.00000  0.00000
  0.00000  0.00000  0.00000  0.00000  0.00000  0.00000  0.00000  0.00000
 NKP=   36  NGP=       305  K=( -0.07612  0.07612  0.68508)  WKP= 0.0139
                              EIGEN VALUE 
 -0.22168 -0.19605 -0.12516 -0.11596 -0.10555 -0.07073  0.37420  0.40595
  0.48229  0.63834  0.75153  1.40543  1.43925  1.62253  1.63958  1.70757
                               OCCUPATION 
  1.00000  1.00000  1.00000  1.00000  1.00000  1.00000  0.00000  0.00000
  0.00000  0.00000  0.00000  0.00000  0.00000  0.00000  0.00000  0.00000
 NKP=   37  NGP=       299  K=( -0.15224  0.15224  0.76120)  WKP= 0.0139
                              EIGEN VALUE 
 -0.21046 -0.19527 -0.13476 -0.11887 -0.10297 -0.00107  0.28155  0.31312
  0.48582  0.64888  0.86762  1.34316  1.38355  1.62912  1.64001  1.69331
                               OCCUPATION 
  1.00000  1.00000  1.00000  1.00000  1.00000  0.00000  0.00000  0.00000
  0.00000  0.00000  0.00000  0.00000  0.00000  0.00000  0.00000  0.00000
 NKP=   38  NGP=       294  K=( -0.22836  0.22836  0.83732)  WKP= 0.0139
                              EIGEN VALUE 
 -0.20015 -0.19100 -0.14639 -0.12275 -0.10620  0.08416  0.17002  0.27010
  0.51350  0.66112  1.01328  1.29235  1.32501  1.46519  1.53101  1.68270
                               OCCUPATION 
  1.00000  1.00000  1.00000  1.00000  1.00000  0.00000  0.00000  0.00000
  0.00000  0.00000  0.00000  0.00000  0.00000  0.00000  0.00000  0.00000
 NKP=   39  NGP=       284  K=( -0.30448  0.30448  0.91344)  WKP= 0.0069
                              EIGEN VALUE 
 -0.19122 -0.18500 -0.15908 -0.12814 -0.11225  0.07267  0.17056  0.26273
  0.56290  0.68240  1.17580  1.23784  1.24530  1.33125  1.43032  1.70595
                               OCCUPATION 
  1.00000  1.00000  1.00000  1.00000  1.00000  0.00000  0.00000  0.00000
  0.00000  0.00000  0.00000  0.00000  0.00000  0.00000  0.00000  0.00000
 NKP=   40  NGP=       294  K=(  0.00000  0.00000  0.76120)  WKP= 0.0035
                              EIGEN VALUE 
 -0.22158 -0.20125 -0.10749 -0.10490 -0.10490 -0.04800  0.29551  0.45304
  0.45304  0.60022  0.69311  1.54573  1.59343  1.59343  1.64982  1.79492
                               OCCUPATION 
  1.00000  1.00000  1.00000  1.00000  1.00000  0.26347  0.00000  0.00000
  0.00000  0.00000  0.00000  0.00000  0.00000  0.00000  0.00000  0.00000
 NKP=   41  NGP=       298  K=( -0.07612  0.07612  0.83732)  WKP= 0.0139
                              EIGEN VALUE 
 -0.21802 -0.20198 -0.11092 -0.10905 -0.10156  0.00707  0.23966  0.37573
  0.44852  0.62489  0.73704  1.49141  1.54761  1.67444  1.71702  1.78365
                               OCCUPATION 
  1.00000  1.00000  1.00000  1.00000  1.00000  0.00000  0.00000  0.00000
  0.00000  0.00000  0.00000  0.00000  0.00000  0.00000  0.00000  0.00000
 NKP=   42  NGP=       296  K=( -0.15224  0.15224  0.91344)  WKP= 0.0069
                              EIGEN VALUE 
 -0.21043 -0.19808 -0.12740 -0.11363 -0.10329  0.06374  0.22033  0.26853
  0.46945  0.64283  0.85945  1.41132  1.45500  1.54302  1.60017  1.88599
                               OCCUPATION 
  1.00000  1.00000  1.00000  1.00000  1.00000  0.00000  0.00000  0.00000
  0.00000  0.00000  0.00000  0.00000  0.00000  0.00000  0.00000  0.00000
 NKP=   43  NGP=       302  K=(  0.00000  0.00000  0.91344)  WKP= 0.0017
                              EIGEN VALUE 
 -0.22084 -0.20443 -0.10615 -0.10016 -0.10016  0.01140  0.21110  0.43552
  0.43552  0.59419  0.68767  1.57999  1.68938  1.72148  1.72148  1.75136
                               OCCUPATION 
  1.00000  1.00000  1.00000  1.00000  1.00000  0.00000  0.00000  0.00000
  0.00000  0.00000  0.00000  0.00000  0.00000  0.00000  0.00000  0.00000
 NKP=   44  NGP=       298  K=( -0.00000  0.15224  0.30448)  WKP= 0.0139
                              EIGEN VALUE 
 -0.32446 -0.16766 -0.14741 -0.14338 -0.13364 -0.11916  0.57219  0.59581
  0.82304  0.83056  0.90927  1.08659  1.08918  1.24778  1.30461  1.39545
                               OCCUPATION 
  1.00000  1.00000  1.00000  1.00000  1.00000  1.00000  0.00000  0.00000
  0.00000  0.00000  0.00000  0.00000  0.00000  0.00000  0.00000  0.00000
 NKP=   45  NGP=       300  K=( -0.07612  0.22836  0.38060)  WKP= 0.0278
                              EIGEN VALUE 
 -0.28505 -0.17177 -0.15165 -0.14097 -0.12877 -0.10956  0.42746  0.55870
  0.75694  0.82793  0.95540  1.03100  1.12032  1.26878  1.33663  1.52943
                               OCCUPATION 
  1.00000  1.00000  1.00000  1.00000  1.00000  1.00000  0.00000  0.00000
  0.00000  0.00000  0.00000  0.00000  0.00000  0.00000  0.00000  0.00000
 NKP=   46  NGP=       300  K=( -0.15224  0.30448  0.45672)  WKP= 0.0278
                              EIGEN VALUE 
 -0.24270 -0.16915 -0.15756 -0.14363 -0.11753 -0.09190  0.28636  0.54791
  0.68485  0.80799  0.96848  1.06037  1.14239  1.26715  1.40848  1.64340
                               OCCUPATION 
  1.00000  1.00000  1.00000  1.00000  1.00000  1.00000  0.00000  0.00000
  0.00000  0.00000  0.00000  0.00000  0.00000  0.00000  0.00000  0.00000
 NKP=   47  NGP=       296  K=( -0.22836  0.38060  0.53284)  WKP= 0.0278
                              EIGEN VALUE 
 -0.21910 -0.16383 -0.15267 -0.14622 -0.10910 -0.05489  0.16477  0.55468
  0.62578  0.79367  0.94285  1.09074  1.19631  1.29231  1.52562  1.57822
                               OCCUPATION 
  1.00000  1.00000  1.00000  1.00000  1.00000  1.00004  0.00000  0.00000
  0.00000  0.00000  0.00000  0.00000  0.00000  0.00000  0.00000  0.00000
 NKP=   48  NGP=       296  K=( -0.30448  0.45672  0.60896)  WKP= 0.0139
                              EIGEN VALUE 
 -0.21432 -0.16533 -0.14794 -0.14342 -0.10646 -0.01487  0.09648  0.57281
  0.58982  0.78847  0.93383  1.09297  1.20840  1.39713  1.43664  1.62765
                               OCCUPATION 
  1.00000  1.00000  1.00000  1.00000  1.00000  0.00000  0.00000  0.00000
  0.00000  0.00000  0.00000  0.00000  0.00000  0.00000  0.00000  0.00000
 NKP=   49  NGP=       302  K=(  0.00000  0.15224  0.45672)  WKP= 0.0139
                              EIGEN VALUE 
 -0.27313 -0.17890 -0.15050 -0.13117 -0.12739 -0.10985  0.49150  0.51158
  0.64660  0.75820  0.83273  1.17172  1.25866  1.38014  1.40920  1.50832
                               OCCUPATION 
  1.00000  1.00000  1.00000  1.00000  1.00000  1.00000  0.00000  0.00000
  0.00000  0.00000  0.00000  0.00000  0.00000  0.00000  0.00000  0.00000
 NKP=   50  NGP=       300  K=( -0.07612  0.22836  0.53284)  WKP= 0.0278
                              EIGEN VALUE 
 -0.23573 -0.18141 -0.15738 -0.13139 -0.11620 -0.08864  0.35614  0.48631
  0.56813  0.77019  0.91426  1.11323  1.27460  1.39132  1.47988  1.65261
                               OCCUPATION 
  1.00000  1.00000  1.00000  1.00000  1.00000  1.00000  0.00000  0.00000
  0.00000  0.00000  0.00000  0.00000  0.00000  0.00000  0.00000  0.00000
 NKP=   51  NGP=       294  K=( -0.15224  0.30448  0.60896)  WKP= 0.0278
                              EIGEN VALUE 
 -0.20973 -0.17841 -0.16096 -0.13481 -0.10803 -0.04353  0.22621  0.48622
  0.50482  0.77011  1.01159  1.09430  1.26022  1.38021  1.57771  1.60188
                               OCCUPATION 
  1.00000  1.00000  1.00000  1.00000  1.00000 -0.00103  0.00000  0.00000
  0.00000  0.00000  0.00000  0.00000  0.00000  0.00000  0.00000  0.00000
 NKP=   52  NGP=       297  K=( -0.22836  0.38060  0.68508)  WKP= 0.0278
                              EIGEN VALUE 
 -0.20108 -0.17664 -0.15719 -0.13795 -0.10657  0.02283  0.12240  0.45198
  0.51085  0.78071  1.00577  1.20770  1.24164  1.36646  1.43262  1.65834
                               OCCUPATION 
  1.00000  1.00000  1.00000  1.00000  1.00000  0.00000  0.00000  0.00000
  0.00000  0.00000  0.00000  0.00000  0.00000  0.00000  0.00000  0.00000
 NKP=   53  NGP=       296  K=( -0.30448  0.45672  0.76120)  WKP= 0.0278
                              EIGEN VALUE 
 -0.20086 -0.17425 -0.16019 -0.13842 -0.11068  0.00298  0.15206  0.42003
  0.55022  0.80607  0.98305  1.20849  1.25552  1.36950  1.41330  1.53814
                               OCCUPATION 
  1.00000  1.00000  1.00000  1.00000  1.00000  0.00000  0.00000  0.00000
  0.00000  0.00000  0.00000  0.00000  0.00000  0.00000  0.00000  0.00000
 NKP=   54  NGP=       295  K=( -0.38060  0.53284  0.83732)  WKP= 0.0278
                              EIGEN VALUE 
 -0.21299 -0.17320 -0.16613 -0.13602 -0.11944 -0.05517  0.26802  0.40645
  0.60639  0.84742  0.96101  1.11068  1.20750  1.37738  1.46013  1.56706
                               OCCUPATION 
  1.00000  1.00000  1.00000  1.00000  1.00000  1.00002  0.00000  0.00000
  0.00000  0.00000  0.00000  0.00000  0.00000  0.00000  0.00000  0.00000
 NKP=   55  NGP=       302  K=( -0.45672  0.60896  0.91344)  WKP= 0.0139
                              EIGEN VALUE 
 -0.24661 -0.17560 -0.15858 -0.13325 -0.13009 -0.08961  0.39213  0.42272
  0.67715  0.90062  0.91279  1.03956  1.16873  1.31057  1.45810  1.55326
                               OCCUPATION 
  1.00000  1.00000  1.00000  1.00000  1.00000  1.00000  0.00000  0.00000
  0.00000  0.00000  0.00000  0.00000  0.00000  0.00000  0.00000  0.00000
 NKP=   56  NGP=       308  K=(  0.00000  0.15224  0.60896)  WKP= 0.0139
                              EIGEN VALUE 
 -0.22775 -0.19005 -0.14470 -0.11694 -0.11529 -0.08645  0.42738  0.44436
  0.46603  0.71211  0.78914  1.25771  1.43994  1.51295  1.53363  1.64222
                               OCCUPATION 
  1.00000  1.00000  1.00000  1.00000  1.00000  1.00000  0.00000  0.00000
  0.00000  0.00000  0.00000  0.00000  0.00000  0.00000  0.00000  0.00000
 NKP=   57  NGP=       300  K=( -0.07612  0.22836  0.68508)  WKP= 0.0278
                              EIGEN VALUE 
 -0.20978 -0.19037 -0.14938 -0.12068 -0.10706 -0.03416  0.30460  0.39315
  0.43556  0.73516  0.88351  1.19746  1.42938  1.54311  1.60457  1.66467
                               OCCUPATION 
  1.00000  1.00000  1.00000  1.00000  1.00000  0.00000  0.00000  0.00000
  0.00000  0.00000  0.00000  0.00000  0.00000  0.00000  0.00000  0.00000
 NKP=   58  NGP=       292  K=( -0.15224  0.30448  0.76120)  WKP= 0.0278
                              EIGEN VALUE 
 -0.19844 -0.18747 -0.15481 -0.12586 -0.10512  0.04252  0.18696  0.33989
  0.45138  0.74789  1.01838  1.15070  1.38864  1.43305  1.56436  1.69225
                               OCCUPATION 
  1.00000  1.00000  1.00000  1.00000  1.00000  0.00000  0.00000  0.00000
  0.00000  0.00000  0.00000  0.00000  0.00000  0.00000  0.00000  0.00000
 NKP=   59  NGP=       292  K=( -0.22836  0.38060  0.83732)  WKP= 0.0278
                              EIGEN VALUE 
 -0.18942 -0.18509 -0.16212 -0.12965 -0.10904  0.07743  0.14757  0.30455
  0.48704  0.77150  1.09211  1.18321  1.28571  1.35206  1.53279  1.61228
                               OCCUPATION 
  1.00000  1.00000  1.00000  1.00000  1.00000  0.00000  0.00000  0.00000
  0.00000  0.00000  0.00000  0.00000  0.00000  0.00000  0.00000  0.00000
 NKP=   60  NGP=       290  K=( -0.30448  0.45672  0.91344)  WKP= 0.0139
                              EIGEN VALUE 
 -0.19164 -0.17703 -0.17162 -0.13134 -0.11594  0.00116  0.24150  0.30349
  0.53954  0.80845  1.04141  1.15739  1.29341  1.36417  1.44498  1.62028
                               OCCUPATION 
  1.00000  1.00000  1.00000  1.00000  1.00000  0.00000  0.00000  0.00000
  0.00000  0.00000  0.00000  0.00000  0.00000  0.00000  0.00000  0.00000
 NKP=   61  NGP=       300  K=( -0.00000  0.15224  0.76120)  WKP= 0.0139
                              EIGEN VALUE 
 -0.21555 -0.19809 -0.12633 -0.11007 -0.10495 -0.02052  0.30375  0.38472
  0.40511  0.68546  0.76654  1.35144  1.59643  1.60170  1.64692  1.72419
                               OCCUPATION 
  1.00000  1.00000  1.00000  1.00000  1.00000  0.00000  0.00000  0.00000
  0.00000  0.00000  0.00000  0.00000  0.00000  0.00000  0.00000  0.00000
 NKP=   62  NGP=       294  K=( -0.07612  0.22836  0.83732)  WKP= 0.0278
                              EIGEN VALUE 
 -0.20792 -0.19549 -0.13614 -0.11579 -0.10224  0.05079  0.25254  0.27782
  0.40743  0.71850  0.86855  1.28688  1.47640  1.54151  1.71312  1.77079
                               OCCUPATION 
  1.00000  1.00000  1.00000  1.00000  1.00000  0.00000  0.00000  0.00000
  0.00000  0.00000  0.00000  0.00000  0.00000  0.00000  0.00000  0.00000
 NKP=   63  NGP=       296  K=( -0.15224  0.30448  0.91344)  WKP= 0.0139
                              EIGEN VALUE 
 -0.19838 -0.18977 -0.15018 -0.12231 -0.10488  0.12090  0.16951  0.24099
  0.43834  0.74069  1.01522  1.20971  1.34744  1.46489  1.60345  1.80578
                               OCCUPATION 
  1.00000  1.00000  1.00000  1.00000  1.00000  0.00000  0.00000  0.00000
  0.00000  0.00000  0.00000  0.00000  0.00000  0.00000  0.00000  0.00000
 NKP=   64  NGP=       300  K=(  0.00000  0.15224  0.91344)  WKP= 0.0069
                              EIGEN VALUE 
 -0.21538 -0.20101 -0.11776 -0.11021 -0.10015  0.03995  0.21592  0.36954
  0.39009  0.67681  0.75969  1.41844  1.55910  1.64766  1.72721  1.76439
                               OCCUPATION 
  1.00000  1.00000  1.00000  1.00000  1.00000  0.00000  0.00000  0.00000
  0.00000  0.00000  0.00000  0.00000  0.00000  0.00000  0.00000  0.00000
 NKP=   65  NGP=       296  K=( -0.00000  0.30448  0.60896)  WKP= 0.0139
                              EIGEN VALUE 
 -0.20847 -0.18284 -0.16457 -0.12392 -0.11690 -0.04873  0.32846  0.36609
  0.49271  0.86432  0.91124  1.07129  1.36396  1.47936  1.55895  1.57936
                               OCCUPATION 
  1.00000  1.00000  1.00000  1.00000  1.00000  0.56103  0.00000  0.00000
  0.00000  0.00000  0.00000  0.00000  0.00000  0.00000  0.00000  0.00000
 NKP=   66  NGP=       296  K=( -0.07612  0.38060  0.68508)  WKP= 0.0278
                              EIGEN VALUE 
 -0.19352 -0.18100 -0.16839 -0.12797 -0.10929  0.01489  0.21743  0.36073
  0.43218  0.87863  0.96527  1.09405  1.38943  1.40586  1.52742  1.61694
                               OCCUPATION 
  1.00000  1.00000  1.00000  1.00000  1.00000  0.00000  0.00000  0.00000
  0.00000  0.00000  0.00000  0.00000  0.00000  0.00000  0.00000  0.00000
 NKP=   67  NGP=       294  K=( -0.15224  0.45672  0.76120)  WKP= 0.0139
                              EIGEN VALUE 
 -0.18676 -0.18566 -0.16547 -0.13066 -0.10638  0.08454  0.12822  0.38350
  0.39131  0.87689  0.97446  1.18831  1.26285  1.40810  1.52559  1.71295
                               OCCUPATION 
  1.00000  1.00000  1.00000  1.00000  1.00000  0.00000  0.00000  0.00000
  0.00000  0.00000  0.00000  0.00000  0.00000  0.00000  0.00000  0.00000
 NKP=   68  NGP=       297  K=(  0.00000  0.30448  0.76120)  WKP= 0.0139
                              EIGEN VALUE 
 -0.20095 -0.18847 -0.15474 -0.11987 -0.10504  0.03025  0.28652  0.32584
  0.33582  0.83477  0.90816  1.14036  1.42574  1.57271  1.62619  1.69123
                               OCCUPATION 
  1.00000  1.00000  1.00000  1.00000  1.00000  0.00000  0.00000  0.00000
  0.00000  0.00000  0.00000  0.00000  0.00000  0.00000  0.00000  0.00000
 NKP=   69  NGP=       292  K=( -0.07612  0.38060  0.83732)  WKP= 0.0278
                              EIGEN VALUE 
 -0.19475 -0.18294 -0.16235 -0.12539 -0.10250  0.11289  0.18935  0.28495
  0.33811  0.87443  1.01556  1.09390  1.27233  1.57127  1.68091  1.76967
                               OCCUPATION 
  1.00000  1.00000  1.00000  1.00000  1.00000  0.00000  0.00000  0.00000
  0.00000  0.00000  0.00000  0.00000  0.00000  0.00000  0.00000  0.00000
 NKP=   70  NGP=       293  K=( -0.15224  0.45672  0.91344)  WKP= 0.0139
                              EIGEN VALUE 
 -0.19023 -0.17702 -0.17221 -0.12738 -0.10510  0.09259  0.19695  0.27513
  0.37659  0.90218  1.01061  1.11013  1.24162  1.51403  1.63111  1.73449
                               OCCUPATION 
  1.00000  1.00000  1.00000  1.00000  1.00000  0.00000  0.00000  0.00000
  0.00000  0.00000  0.00000  0.00000  0.00000  0.00000  0.00000  0.00000
 NKP=   71  NGP=       294  K=(  0.00000  0.30448  0.91344)  WKP= 0.0069
                              EIGEN VALUE 
 -0.20247 -0.19055 -0.14736 -0.12032 -0.10014  0.10212  0.23199  0.27161
  0.31988  0.82495  0.90576  1.19920  1.34096  1.68080  1.74142  1.78751
                               OCCUPATION 
  1.00000  1.00000  1.00000  1.00000  1.00000  0.00000  0.00000  0.00000
  0.00000  0.00000  0.00000  0.00000  0.00000  0.00000  0.00000  0.00000
 NKP=   72  NGP=       280  K=(  0.00000  0.45672  0.91344)  WKP= 0.0035
                              EIGEN VALUE 
 -0.19434 -0.17263 -0.17263 -0.12704 -0.10012  0.18085  0.18085  0.25715
  0.27381  1.00029  1.00029  1.02599  1.19841  1.73758  1.73758  1.75088
                               OCCUPATION 
  1.00000  1.00000  1.00000  1.00000  1.00000  0.00000  0.00000  0.00000
  0.00000  0.00000  0.00000  0.00000  0.00000  0.00000  0.00000  0.00000
 
 QMDQMDQMDQMDQMDQMDQMDQMDQMDQMDQMDQMDQMDQMDQMDQMDQMDQMDQMDQMDQMDQMDQMDQM

 MD ITERATION NR.      1:014          TOTAL CPU TIME =      2.36 SECONDS

                       CONVERGED ENERGY AND FORCES 
   NIT     TotalEnergy     f_max     f_rms      edel      vdel      fdel
     1    -59.76541797  0.000000  0.000000  0.18D-10  0.38D-07  0.18D-10

    ATOM              COORDINATES                        FORCES
MD:    1
MD:    1 Cu   0.000000   0.000000   0.000000   0.00000  0.00000 -0.00000
 
CHGPRO:     0.0000      0.2966337245     -0.4893148620      0.1560946114
CHGPRO:     0.1520      0.2913396784     -0.4898590693      0.1510673105
CHGPRO:     0.3040      0.2760463762     -0.4914658816      0.1362230701
CHGPRO:     0.4560      0.2524106118     -0.4942453870      0.1123044934
CHGPRO:     0.6080      0.2228906771     -0.4981487830      0.0807645089
CHGPRO:     0.7600      0.1904078164     -0.5027803883      0.0439927264
CHGPRO:     0.9120      0.1579408756     -0.5074563743      0.0054409404
CHGPRO:     1.0640      0.1280747383     -0.5109154867     -0.0306769860
CHGPRO:     1.2160      0.1026069683     -0.5115964137     -0.0604939635
CHGPRO:     1.3680      0.0823292213     -0.5075707236     -0.0812091796
CHGPRO:     1.5200      0.0670775781     -0.4970974031     -0.0910406484
CHGPRO:     1.6720      0.0560669551     -0.4798005328     -0.0897417553
CHGPRO:     1.8240      0.0483413394     -0.4572836830     -0.0794505922
CHGPRO:     1.9760      0.0430857654     -0.4342142019     -0.0646408280
CHGPRO:     2.1280      0.0397101694     -0.4153333552     -0.0505789618
CHGPRO:     2.2800      0.0378249922     -0.4022082930     -0.0410957813
CHGPRO:     2.4320      0.0372178651     -0.3971095157     -0.0378233184
CHGPRO:     2.5839      0.0378249922     -0.4022082930     -0.0410957813
CHGPRO:     2.7359      0.0397101694     -0.4153333552     -0.0505789618
CHGPRO:     2.8879      0.0430857654     -0.4342142019     -0.0646408280
CHGPRO:     3.0399      0.0483413394     -0.4572836830     -0.0794505922
CHGPRO:     3.1919      0.0560669551     -0.4798005328     -0.0897417553
CHGPRO:     3.3439      0.0670775781     -0.4970974031     -0.0910406484
CHGPRO:     3.4959      0.0823292213     -0.5075707236     -0.0812091796
CHGPRO:     3.6479      0.1026069683     -0.5115964137     -0.0604939635
CHGPRO:     3.7999      0.1280747383     -0.5109154867     -0.0306769860
CHGPRO:     3.9519      0.1579408756     -0.5074563743      0.0054409404
CHGPRO:     4.1039      0.1904078164     -0.5027803883      0.0439927264
CHGPRO:     4.2559      0.2228906771     -0.4981487830      0.0807645089
CHGPRO:     4.4079      0.2524106118     -0.4942453870      0.1123044934
CHGPRO:     4.5599      0.2760463762     -0.4914658816      0.1362230701
CHGPRO:     4.7119      0.2913396784     -0.4898590693      0.1510673105

 *I* wavefunction data written in zaj.data

 *I* writing eko_l

 *I* writing fsr_l, fsi_l

 *I* potential data written in potential.data

           <<<  Atomic Charge >>>
  ia is   rd d_rd  Charge(1)  Charge(2)  Charge(3)
   1  1 2.30 0.10   9.835399  10.064479  10.301076

 ***********************************************************************
 *                                                                     *
 *                               TIMING                                *
 *                                                                     *
 ***********************************************************************
      SUBROUTINE        CALLS        TOTAL CPU TIME           <CPU TIME>
             SCF            1                1.7418               1.7418
          WF_Dav           15                1.3160               0.0877
        dav_hphi          405                0.6971               0.0017
         fftw3c3         7488                0.6730               0.0001
           kbint            1                0.6329               0.6329
     diagonalize          405                0.3494               0.0009
         swffftx         3240                0.3231               0.0001
        swffftx2         3240                0.2933               0.0001
             Dos            2                0.1631               0.0816
          Chgfft           14                0.1151               0.0082
          swffft         1008                0.0978               0.0001
         Writing            1                0.0817               0.0817
         dav_mgs          270                0.0697               0.0003
      xc_gga_chg           28                0.0611               0.0022
     fdchgq0_fft           14                0.0588               0.0042
       dav_mgs_2          270                0.0583               0.0002
         dav_hij          405                0.0465               0.0001
   fdchgq0_fft_1           14                0.0396               0.0028
           fd_vq           14                0.0393               0.0028
      dav_nonloc          405                0.0370               0.0001
           Force            1                0.0352               0.0352
    dav_residual          270                0.0346               0.0001
           pspot            1                0.0339               0.0339
        fdforce0            1                0.0311               0.0311
  dav_residual_1          270                0.0236               0.0001
    dav_nonloc_3         2700                0.0210               0.0000
      dav_sumset          270                0.0183               0.0001
      dav_precon          270                0.0147               0.0001
    dav_sumset_1          270                0.0136               0.0001
 dav_band2g_hphi          405                0.0123               0.0000
           Fermi           14                0.0116               0.0008
    dav_nonloc_2         2700                0.0104               0.0000
 dav_refresh_phi          135                0.0094               0.0001
    xc_1_gr_ch12           84                0.0092               0.0001
       dav_mgs_1          270                0.0071               0.0000
            symm            1                0.0069               0.0069
        swffftx1         3240                0.0053               0.0000
  dav_band2g_phi          144                0.0052               0.0000
         FFT_SET            1                0.0047               0.0047
           gstep            1                0.0046               0.0046
           psloc            1                0.0045               0.0045
    dav_sumset_2          270                0.0044               0.0000
       dav_mgs_3          270                0.0037               0.0000
    xc_1_gr_ch11           84                0.0036               0.0000
          ptfft1           15                0.0036               0.0002
    dav_copy_fsr          135                0.0035               0.0000
    dav_nonloc_1          405                0.0033               0.0000
      dav_grmsmd            1                0.0029               0.0029
         ptfft1p           14                0.0027               0.0002
   blugel_ishida           13                0.0025               0.0002
    Total Energy           14                0.0021               0.0002
       ptfft1p00            9                0.0021               0.0002
 dav_refresh_fsr          135                0.0019               0.0000
 ***********************************************************************

 =======================================================================
 TASK                   CALLS        TOTAL CPU TIME           <CPU TIME>
 FFT SingleProc          7488                0.6765               0.0001
 FFT MPI                  344                0.0377               0.0001
 FFTW MPI1                 29                0.0031               0.0001
  
 ALLREDUCE               8492                0.0333               0.0000
 ALLREDUCE_G               48                0.0024               0.0001
 ALLREDUCE_BG              15                0.0001               0.0000
 ALLREDUCE_K             2054                0.0160               0.0000
 ALLGATHERV                69                0.0037               0.0001
 ALLGATHERV_KG            414                0.0032               0.0000
 ALLGATHERV_K             270                0.0022               0.0000
 GATHERV                    2                0.0001               0.0000
 ALLTOALLV                193                0.0085               0.0000
 ALLTOALLV_KG            1125                0.0185               0.0000
 TOTAL TIME FOR COMMUNICATION                0.0881
 =======================================================================

 TOTAL CPU TIME:  00 HOURS 00 MINUTES  2.65 SECONDS

 PROGRAM STATE ENDED AT: Jul  1 11:29:24 2025
  
 HHHHHHHHHHHHHHHHHHHHHHHHHHHHHHHHHHHHHHHHHHHHHHHHHHHHHHHHHHHHHHHHH
 HHHHHHHHHHHHHHHHHHHHHHHHHHHHHHHHHHHHHHHHHHHHHHHHHHHHHHHHHHHHHHHHH
                           _______________________
     __________   _______/______v______v______v___]
    D          | |                                 |
    D   A A    | | Congratulations!                |  C( > < )D
  --  =(^.^)=  | |  The calculation has converged. |    = o =
 |     @@@@@   | |                                 |    (    )~
 /--=O=-+-=O=---+--=O=--+--==O==--+--==O==--+--=O=-+--=O=---=O=-/
  
 HHHHHHHHHHHHHHHHHHHHHHHHHHHHHHHHHHHHHHHHHHHHHHHHHHHHHHHHHHHHHHHHH
 HHHHHHHHHHHHHHHHHHHHHHHHHHHHHHHHHHHHHHHHHHHHHHHHHHHHHHHHHHHHHHHHH
