[0] MPI startup(): I_MPI_TCP_NETMASK variable has been removed from the product, its value is ignored

 
 ***********************************************************************
 *                                                                     *
 *                                                                     *
 *                                                                     *
 *              ******  ********    **    ******** ********            *
 *             ******** ********   ****   ******** ********            *
 *             **          **     **  **     **    **                  *
 *              ***        **    ********    **    ******              *
 *                ***      **   **********   **    ******              *
 *                  **     **  **        **  **    **                  *
 *             ********    ** **          ** **    ********            *
 *              ******     ** VERSION 5.6.17 **    ********            *
 *                               RICS-AIST                             *
 *                           OSAKA UNIVERSITY                          *
 *                                                                     *
 ***********************************************************************
 
 PROGRAM STATE STARTED AT: Jul  1 11:28:15 2025

 THIS JOB RUNS ON         : xs01                            
 THE CURRENT DIRECTORY IS : /home/ikutaro/work/STATE/examples/Cu/fcc/k-p
 THE PROCESS ID IS        : 84369
 THE JOB WAS SUBMITTED BY : ikutaro             
 THE NUMBER OF PROCESSORS : 16
 THE NUMBER OF THREADS    : 1
 
 ELECTRONIC WAVEFUNCTIONS INITIALIZED 
 ELECTRONIC CHARGE INITIALIZED 
 IONIC POSITIONS READ FROM STANDARD INPUT 
 IONIC VELOCITIES INITIALIZED 
 MAXIMUM SCF ITERATIONS : 200
 MAXIMUM MD STEPS : 200
 MAXIMUM ELAPSED CPU TIME :  86400.00 SEC
 TIME INCREMENT IN MOLECULAR DYNAMICS :     50.00 A.U.
 ENERGY CRITERION FOR SCF ITERATIONS :  0.100000E-09 HA/ATOM

 EXCHANGE-CORRELATION FUNCTIONAL : ggapbe
 SPIN POLARIZATION NOT ALLOWED 
 NUMBER OF BANDS CONSIDERED : 16
 METHFESSEL-PAXTON SMEARING 
 SMEARING WIDTH : 0.002000
 DAVIDSON METHOD WITH G-SPACE TECHNIQUE 
 BLUGEL MIXING PARAMETERS 
   MIXING OBJECT : CHARGE 
   MIXING INFORMATION RESET AFTER 30 STEPS
   MIXING PARAMETER : 0.300

 ********************************** TYPE *******************************
 TYPE  NAME  INITIAL CHARGE   MASS(AMU)     PP TYPE  ILOC   INITIAL SPIN
    1    Cu          0.1500     63.5460   UltraSoft     3         0.0000
 ***********************************************************************

 ********************************* ATOMS *******************************
   ATOM    X(BOHR)    Y(BOHR)    Z(BOHR)     TAUX    TAUY    TAUZ IW  IR
   1  1    0.00000    0.00000    0.00000   0.0000  0.0000  0.0000  1   0
 ***********************************************************************

 ******************************** K-POINTS *****************************
 BRAVIAS LATTICE         :        FACE CENTER         
 SPACE GROUP             :        F m -3 m  
 INVERSION SYMMETRY      :        NO 
 CONV. LAT. VECTOR(BOHR) :        6.878600       0.000000       0.000000
 CONV. LAT. VECTOR(BOHR) :        0.000000       6.878600       0.000000
 CONV. LAT. VECTOR(BOHR) :        0.000000       0.000000       6.878600
 PRIM. LAT. VECTOR(BOHR) :        0.000000       3.439300       3.439300
 PRIM. LAT. VECTOR(BOHR) :        3.439300       0.000000       3.439300
 PRIM. LAT. VECTOR(BOHR) :        3.439300       3.439300       0.000000
 PRIM. CELL VOLUME       :    0.813655E+02
 PRIM. REC. VECTOR(1/BOHR) :     -0.913440       0.913440       0.913440
 PRIM. REC. VECTOR(1/BOHR) :      0.913440      -0.913440       0.913440
 PRIM. REC. VECTOR(1/BOHR) :      0.913440       0.913440      -0.913440
 REC. PRIM. CELL VOLUME    :  0.304859E+01
 ENERGY CUTOFF FOR SOFT MODE(RY) :  36.000
 ENERGY CUTOFF FOR HARD MODE(RY) : 400.000
 NUMBER OF K-POINT MESH  :              11             11             11
 K-POINT SHIFT           :             OFF            OFF            OFF
 NUMBER OF K-POINTS      :              56
        NKP            WKP              KX             KY             KZ
          1       0.000751        0.000000       0.000000       0.000000
          2       0.006011       -0.083040       0.083040       0.083040
          3       0.006011       -0.166080       0.166080       0.166080
          4       0.006011       -0.249120       0.249120       0.249120
          5       0.006011       -0.332160       0.332160       0.332160
          6       0.006011       -0.415200       0.415200       0.415200
          7       0.004508        0.000000       0.000000       0.166080
          8       0.018032       -0.083040       0.083040       0.249120
          9       0.018032       -0.166080       0.166080       0.332160
         10       0.018032       -0.249120       0.249120       0.415200
         11       0.018032       -0.332160       0.332160       0.498240
         12       0.018032       -0.415200       0.415200       0.581280
         13       0.018032       -0.498240       0.498240       0.664320
         14       0.018032       -0.581280       0.581280       0.747360
         15       0.018032       -0.664320       0.664320       0.830400
         16       0.009016       -0.747360       0.747360       0.913440
         17       0.004508        0.000000       0.000000       0.332160
         18       0.018032       -0.083040       0.083040       0.415200
         19       0.018032       -0.166080       0.166080       0.498240
         20       0.018032       -0.249120       0.249120       0.581280
         21       0.018032       -0.332160       0.332160       0.664320
         22       0.018032       -0.415200       0.415200       0.747360
         23       0.018032       -0.498240       0.498240       0.830400
         24       0.009016       -0.581280       0.581280       0.913440
         25       0.004508        0.000000       0.000000       0.498240
         26       0.018032       -0.083040       0.083040       0.581280
         27       0.018032       -0.166080       0.166080       0.664320
         28       0.018032       -0.249120       0.249120       0.747360
         29       0.018032       -0.332160       0.332160       0.830400
         30       0.009016       -0.415200       0.415200       0.913440
         31       0.004508        0.000000       0.000000       0.664320
         32       0.018032       -0.083040       0.083040       0.747360
         33       0.018032       -0.166080       0.166080       0.830400
         34       0.009016       -0.249120       0.249120       0.913440
         35       0.004508        0.000000       0.000000       0.830400
         36       0.009016       -0.083040       0.083040       0.913440
         37       0.018032       -0.000000       0.166080       0.332160
         38       0.036063       -0.083040       0.249120       0.415200
         39       0.036063       -0.166080       0.332160       0.498240
         40       0.036063       -0.249120       0.415200       0.581280
         41       0.018032        0.000000       0.166080       0.498240
         42       0.036063       -0.083040       0.249120       0.581280
         43       0.036063       -0.166080       0.332160       0.664320
         44       0.036063       -0.249120       0.415200       0.747360
         45       0.036063       -0.332160       0.498240       0.830400
         46       0.018032       -0.415200       0.581280       0.913440
         47       0.018032        0.000000       0.166080       0.664320
         48       0.036063       -0.083040       0.249120       0.747360
         49       0.036063       -0.166080       0.332160       0.830400
         50       0.018032       -0.249120       0.415200       0.913440
         51       0.018032       -0.000000       0.166080       0.830400
         52       0.018032       -0.083040       0.249120       0.913440
         53       0.018032       -0.000000       0.332160       0.664320
         54       0.036063       -0.083040       0.415200       0.747360
         55       0.018032       -0.000000       0.332160       0.830400
         56       0.018032       -0.083040       0.415200       0.913440
 ***********************************************************************
 *I* TOTAL NUMBER OF DEGREES OF FREEDOM :     0
     
 NEIBRD =       1331
 KID  KNX  KNY  KNZ  KNL  KNM  KNN  =   21   10   10   10   20   20   20
 KIDP KNXP KNYP KNZP KNLP KNMP KNNP =   33   16   16   16   32   32   32
 NUMBER OF GENERATED VECTORS KNG,KNGP =      2421     10969
 KFFT KFFTP =      16800     67584
 IOPT IOPTP =          1         1

 ************************* SYMMETRY OPERATION **************************
                   Rc              tc               Rp             tp
         1.0000  0.0000  0.0000  0.0000   1.0000  0.0000  0.0000  0.0000
 nr.  1  0.0000  1.0000  0.0000  0.0000   0.0000  1.0000  0.0000  0.0000
         0.0000  0.0000  1.0000  0.0000   0.0000  0.0000  1.0000  0.0000

        -1.0000  0.0000  0.0000  0.0000  -1.0000  0.0000  0.0000  0.0000
 nr.  2  0.0000 -1.0000  0.0000  0.0000   0.0000 -1.0000  0.0000  0.0000
         0.0000  0.0000 -1.0000  0.0000   0.0000  0.0000 -1.0000  0.0000

         1.0000  0.0000  0.0000  0.0000   0.0000 -1.0000  1.0000  0.0000
 nr.  3  0.0000  0.0000 -1.0000  0.0000   0.0000  0.0000  1.0000  0.0000
         0.0000  1.0000  0.0000  0.0000  -1.0000  0.0000  1.0000  0.0000

         0.0000  0.0000  1.0000  0.0000   0.0000  0.0000  1.0000  0.0000
 nr.  4  1.0000  0.0000  0.0000  0.0000   1.0000  0.0000  0.0000  0.0000
         0.0000  1.0000  0.0000  0.0000   0.0000  1.0000  0.0000  0.0000

        -1.0000  0.0000  0.0000  0.0000   0.0000  1.0000 -1.0000  0.0000
 nr.  5  0.0000  0.0000  1.0000  0.0000   0.0000  0.0000 -1.0000  0.0000
         0.0000 -1.0000  0.0000  0.0000   1.0000  0.0000 -1.0000  0.0000

         0.0000  0.0000 -1.0000  0.0000   0.0000  0.0000 -1.0000  0.0000
 nr.  6 -1.0000  0.0000  0.0000  0.0000  -1.0000  0.0000  0.0000  0.0000
         0.0000 -1.0000  0.0000  0.0000   0.0000 -1.0000  0.0000  0.0000

         1.0000  0.0000  0.0000  0.0000  -1.0000  0.0000  0.0000  0.0000
 nr.  7  0.0000 -1.0000  0.0000  0.0000  -1.0000  0.0000  1.0000  0.0000
         0.0000  0.0000 -1.0000  0.0000  -1.0000  1.0000  0.0000  0.0000

         0.0000  0.0000  1.0000  0.0000  -1.0000  1.0000  0.0000  0.0000
 nr.  8  0.0000 -1.0000  0.0000  0.0000   0.0000  1.0000  0.0000  0.0000
         1.0000  0.0000  0.0000  0.0000   0.0000  1.0000 -1.0000  0.0000

         0.0000  1.0000  0.0000  0.0000  -1.0000  0.0000  1.0000  0.0000
 nr.  9  1.0000  0.0000  0.0000  0.0000   0.0000 -1.0000  1.0000  0.0000
         0.0000  0.0000 -1.0000  0.0000   0.0000  0.0000  1.0000  0.0000

         0.0000  1.0000  0.0000  0.0000   0.0000  1.0000  0.0000  0.0000
 nr. 10  0.0000  0.0000  1.0000  0.0000   0.0000  0.0000  1.0000  0.0000
         1.0000  0.0000  0.0000  0.0000   1.0000  0.0000  0.0000  0.0000

        -1.0000  0.0000  0.0000  0.0000   1.0000  0.0000  0.0000  0.0000
 nr. 11  0.0000  1.0000  0.0000  0.0000   1.0000  0.0000 -1.0000  0.0000
         0.0000  0.0000  1.0000  0.0000   1.0000 -1.0000  0.0000  0.0000

         0.0000  0.0000 -1.0000  0.0000   1.0000 -1.0000  0.0000  0.0000
 nr. 12  0.0000  1.0000  0.0000  0.0000   0.0000 -1.0000  0.0000  0.0000
        -1.0000  0.0000  0.0000  0.0000   0.0000 -1.0000  1.0000  0.0000

         0.0000 -1.0000  0.0000  0.0000   1.0000  0.0000 -1.0000  0.0000
 nr. 13 -1.0000  0.0000  0.0000  0.0000   0.0000  1.0000 -1.0000  0.0000
         0.0000  0.0000  1.0000  0.0000   0.0000  0.0000 -1.0000  0.0000

         0.0000 -1.0000  0.0000  0.0000   0.0000 -1.0000  0.0000  0.0000
 nr. 14  0.0000  0.0000 -1.0000  0.0000   0.0000  0.0000 -1.0000  0.0000
        -1.0000  0.0000  0.0000  0.0000  -1.0000  0.0000  0.0000  0.0000

         1.0000  0.0000  0.0000  0.0000   0.0000  1.0000 -1.0000  0.0000
 nr. 15  0.0000  0.0000  1.0000  0.0000  -1.0000  1.0000  0.0000  0.0000
         0.0000 -1.0000  0.0000  0.0000   0.0000  1.0000  0.0000  0.0000

         0.0000  0.0000  1.0000  0.0000   0.0000  0.0000 -1.0000  0.0000
 nr. 16 -1.0000  0.0000  0.0000  0.0000   0.0000  1.0000 -1.0000  0.0000
         0.0000 -1.0000  0.0000  0.0000   1.0000  0.0000 -1.0000  0.0000

         0.0000  1.0000  0.0000  0.0000   1.0000  0.0000 -1.0000  0.0000
 nr. 17 -1.0000  0.0000  0.0000  0.0000   1.0000  0.0000  0.0000  0.0000
         0.0000  0.0000  1.0000  0.0000   1.0000 -1.0000  0.0000  0.0000

         0.0000  0.0000 -1.0000  0.0000  -1.0000  1.0000  0.0000  0.0000
 nr. 18  1.0000  0.0000  0.0000  0.0000  -1.0000  0.0000  0.0000  0.0000
         0.0000 -1.0000  0.0000  0.0000  -1.0000  0.0000  1.0000  0.0000

         0.0000  0.0000 -1.0000  0.0000   0.0000  0.0000  1.0000  0.0000
 nr. 19  0.0000  1.0000  0.0000  0.0000  -1.0000  0.0000  1.0000  0.0000
         1.0000  0.0000  0.0000  0.0000   0.0000 -1.0000  1.0000  0.0000

        -1.0000  0.0000  0.0000  0.0000   0.0000 -1.0000  1.0000  0.0000
 nr. 20  0.0000  0.0000 -1.0000  0.0000   1.0000 -1.0000  0.0000  0.0000
         0.0000  1.0000  0.0000  0.0000   0.0000 -1.0000  0.0000  0.0000

         0.0000  0.0000 -1.0000  0.0000   0.0000  0.0000  1.0000  0.0000
 nr. 21  1.0000  0.0000  0.0000  0.0000   0.0000 -1.0000  1.0000  0.0000
         0.0000  1.0000  0.0000  0.0000  -1.0000  0.0000  1.0000  0.0000

         0.0000 -1.0000  0.0000  0.0000  -1.0000  0.0000  1.0000  0.0000
 nr. 22  1.0000  0.0000  0.0000  0.0000  -1.0000  0.0000  0.0000  0.0000
         0.0000  0.0000 -1.0000  0.0000  -1.0000  1.0000  0.0000  0.0000

         0.0000  0.0000  1.0000  0.0000   1.0000 -1.0000  0.0000  0.0000
 nr. 23 -1.0000  0.0000  0.0000  0.0000   1.0000  0.0000  0.0000  0.0000
         0.0000  1.0000  0.0000  0.0000   1.0000  0.0000 -1.0000  0.0000

         0.0000  0.0000  1.0000  0.0000   0.0000  0.0000 -1.0000  0.0000
 nr. 24  0.0000 -1.0000  0.0000  0.0000   1.0000  0.0000 -1.0000  0.0000
        -1.0000  0.0000  0.0000  0.0000   0.0000  1.0000 -1.0000  0.0000

         0.0000  0.0000  1.0000  0.0000   1.0000 -1.0000  0.0000  0.0000
 nr. 25  0.0000  1.0000  0.0000  0.0000   1.0000  0.0000 -1.0000  0.0000
        -1.0000  0.0000  0.0000  0.0000   1.0000  0.0000  0.0000  0.0000

         0.0000  1.0000  0.0000  0.0000   0.0000 -1.0000  0.0000  0.0000
 nr. 26  0.0000  0.0000 -1.0000  0.0000   1.0000 -1.0000  0.0000  0.0000
        -1.0000  0.0000  0.0000  0.0000   0.0000 -1.0000  1.0000  0.0000

         0.0000  0.0000 -1.0000  0.0000   1.0000 -1.0000  0.0000  0.0000
 nr. 27 -1.0000  0.0000  0.0000  0.0000   0.0000 -1.0000  1.0000  0.0000
         0.0000  1.0000  0.0000  0.0000   0.0000 -1.0000  0.0000  0.0000

         0.0000 -1.0000  0.0000  0.0000   0.0000  1.0000  0.0000  0.0000
 nr. 28  1.0000  0.0000  0.0000  0.0000   0.0000  1.0000 -1.0000  0.0000
         0.0000  0.0000  1.0000  0.0000  -1.0000  1.0000  0.0000  0.0000

         0.0000 -1.0000  0.0000  0.0000   1.0000  0.0000 -1.0000  0.0000
 nr. 29  0.0000  0.0000  1.0000  0.0000   0.0000  0.0000 -1.0000  0.0000
        -1.0000  0.0000  0.0000  0.0000   0.0000  1.0000 -1.0000  0.0000

         0.0000 -1.0000  0.0000  0.0000  -1.0000  0.0000  1.0000  0.0000
 nr. 30  0.0000  0.0000 -1.0000  0.0000  -1.0000  1.0000  0.0000  0.0000
         1.0000  0.0000  0.0000  0.0000  -1.0000  0.0000  0.0000  0.0000

         0.0000  0.0000 -1.0000  0.0000  -1.0000  1.0000  0.0000  0.0000
 nr. 31  0.0000 -1.0000  0.0000  0.0000  -1.0000  0.0000  1.0000  0.0000
         1.0000  0.0000  0.0000  0.0000  -1.0000  0.0000  0.0000  0.0000

         0.0000 -1.0000  0.0000  0.0000   0.0000  1.0000  0.0000  0.0000
 nr. 32  0.0000  0.0000  1.0000  0.0000  -1.0000  1.0000  0.0000  0.0000
         1.0000  0.0000  0.0000  0.0000   0.0000  1.0000 -1.0000  0.0000

         0.0000  0.0000  1.0000  0.0000  -1.0000  1.0000  0.0000  0.0000
 nr. 33  1.0000  0.0000  0.0000  0.0000   0.0000  1.0000 -1.0000  0.0000
         0.0000 -1.0000  0.0000  0.0000   0.0000  1.0000  0.0000  0.0000

         0.0000  1.0000  0.0000  0.0000   0.0000 -1.0000  0.0000  0.0000
 nr. 34 -1.0000  0.0000  0.0000  0.0000   0.0000 -1.0000  1.0000  0.0000
         0.0000  0.0000 -1.0000  0.0000   1.0000 -1.0000  0.0000  0.0000

         0.0000  1.0000  0.0000  0.0000  -1.0000  0.0000  1.0000  0.0000
 nr. 35  0.0000  0.0000 -1.0000  0.0000   0.0000  0.0000  1.0000  0.0000
         1.0000  0.0000  0.0000  0.0000   0.0000 -1.0000  1.0000  0.0000

         0.0000  1.0000  0.0000  0.0000   1.0000  0.0000 -1.0000  0.0000
 nr. 36  0.0000  0.0000  1.0000  0.0000   1.0000 -1.0000  0.0000  0.0000
        -1.0000  0.0000  0.0000  0.0000   1.0000  0.0000  0.0000  0.0000

         0.0000  0.0000 -1.0000  0.0000   0.0000  0.0000 -1.0000  0.0000
 nr. 37  0.0000 -1.0000  0.0000  0.0000   0.0000 -1.0000  0.0000  0.0000
        -1.0000  0.0000  0.0000  0.0000  -1.0000  0.0000  0.0000  0.0000

         0.0000 -1.0000  0.0000  0.0000   0.0000 -1.0000  0.0000  0.0000
 nr. 38 -1.0000  0.0000  0.0000  0.0000  -1.0000  0.0000  0.0000  0.0000
         0.0000  0.0000 -1.0000  0.0000   0.0000  0.0000 -1.0000  0.0000

        -1.0000  0.0000  0.0000  0.0000   1.0000  0.0000  0.0000  0.0000
 nr. 39  0.0000  0.0000  1.0000  0.0000   1.0000 -1.0000  0.0000  0.0000
         0.0000  1.0000  0.0000  0.0000   1.0000  0.0000 -1.0000  0.0000

        -1.0000  0.0000  0.0000  0.0000   0.0000 -1.0000  1.0000  0.0000
 nr. 40  0.0000  1.0000  0.0000  0.0000   0.0000 -1.0000  0.0000  0.0000
         0.0000  0.0000 -1.0000  0.0000   1.0000 -1.0000  0.0000  0.0000

        -1.0000  0.0000  0.0000  0.0000   0.0000  1.0000 -1.0000  0.0000
 nr. 41  0.0000 -1.0000  0.0000  0.0000   1.0000  0.0000 -1.0000  0.0000
         0.0000  0.0000  1.0000  0.0000   0.0000  0.0000 -1.0000  0.0000

         0.0000  0.0000  1.0000  0.0000   0.0000  0.0000  1.0000  0.0000
 nr. 42  0.0000  1.0000  0.0000  0.0000   0.0000  1.0000  0.0000  0.0000
         1.0000  0.0000  0.0000  0.0000   1.0000  0.0000  0.0000  0.0000

         0.0000  1.0000  0.0000  0.0000   0.0000  1.0000  0.0000  0.0000
 nr. 43  1.0000  0.0000  0.0000  0.0000   1.0000  0.0000  0.0000  0.0000
         0.0000  0.0000  1.0000  0.0000   0.0000  0.0000  1.0000  0.0000

         1.0000  0.0000  0.0000  0.0000  -1.0000  0.0000  0.0000  0.0000
 nr. 44  0.0000  0.0000 -1.0000  0.0000  -1.0000  1.0000  0.0000  0.0000
         0.0000 -1.0000  0.0000  0.0000  -1.0000  0.0000  1.0000  0.0000

         1.0000  0.0000  0.0000  0.0000   0.0000  1.0000 -1.0000  0.0000
 nr. 45  0.0000 -1.0000  0.0000  0.0000   0.0000  1.0000  0.0000  0.0000
         0.0000  0.0000  1.0000  0.0000  -1.0000  1.0000  0.0000  0.0000

         1.0000  0.0000  0.0000  0.0000   0.0000 -1.0000  1.0000  0.0000
 nr. 46  0.0000  1.0000  0.0000  0.0000  -1.0000  0.0000  1.0000  0.0000
         0.0000  0.0000 -1.0000  0.0000   0.0000  0.0000  1.0000  0.0000

        -1.0000  0.0000  0.0000  0.0000  -1.0000  0.0000  0.0000  0.0000
 nr. 47  0.0000  0.0000 -1.0000  0.0000   0.0000  0.0000 -1.0000  0.0000
         0.0000 -1.0000  0.0000  0.0000   0.0000 -1.0000  0.0000  0.0000

         1.0000  0.0000  0.0000  0.0000   1.0000  0.0000  0.0000  0.0000
 nr. 48  0.0000  0.0000  1.0000  0.0000   0.0000  0.0000  1.0000  0.0000
         0.0000  1.0000  0.0000  0.0000   0.0000  1.0000  0.0000  0.0000
 ***********************************************************************
  
           ===================================================
           ===       MPI PARALLELIZATION INFORMATION       ===
           ===================================================
           === TOTAL NUMBER OF K-POINTS          :      56 ===
           === K-POINT DIVISOR                   :       8 ===
           === TOTAL NUMBER OF BANDS             :      16 ===
           === BAND DIVISOR                      :       2 ===
           === TOTAL NUMBER OF G-VECTORS         :     307 ===
           === G-VECTOR DIVISOR                  :       1 ===
           ===================================================

 ***********************************************************************
                               ALLOCATION 
 ***********************************************************************
  NCPU  KNGP_FFT      KNGP       KNG     KNG1      KEG     KATM    KATM2
     0      1061       685       151      154        8        0        0
     1      1041       685       151      153        8        0        0
     2       965       685       151      154        8        0        0
     3       877       685       151      153        8        0        0
     4       745       685       151      154        8        0        0
     5       569       685       151      153        8        0        0
     6       369       685       151      154        8        0        0
     7       125       686       151      153        8        0        0
     8        30       686       151      154        8        0        0
     9       251       686       151      153        8        0        0
    10       471       686       151      154        8        0        0
    11       665       686       152      153        8        0        0
    12       817       686       152      154        8        0        0
    13       929       686       152      153        8        0        0
    14      1001       686       152      154        8        0        0
    15      1053       686       152      153        8        1        1
 -----------------------------------------------------------------------
  NCPU    KFFTPM     KFFTP    KFFTP2     KFFT    KMESH     KNMP     KNNP
     0      4224      4224      2112     1050       93        2        2
     1      4224      4224      2112     1050       93        2        2
     2      4224      4224      2112     1050       93        2        2
     3      4224      4224      2112     1050       94        2        2
     4      4224      4224      2112     1050       94        2        2
     5      4224      4224      2112     1050       94        2        2
     6      4224      4224      2112     1050       94        2        2
     7      4224      4224      2112     1050       94        2        2
     8      4224      4224      2112     1050       94        2        2
     9      4224      4224      2112     1050       94        2        2
    10      4224      4224      2112     1050       94        2        2
    11      4224      4224      2112     1050       94        2        2
    12      4224      4224      2112     1050       94        2        2
    13      4224      4224      2112     1050       94        2        2
    14      4224      4224      2112     1050       94        2        2
    15      4224      4224      2112     1050       94        2        2
 ***********************************************************************
                            END OF ALLOCATION 
 ***********************************************************************

 ********   <<  Reading Potential >>  ******** 
 F_POT(01) = pot.Cu_pbe1
 29.0000 11.0000  6      1          : NATOMN IVAL ILOC ITPCC
 ggapbe                             : XCTYPE
  7.5900  3.0200  2.6959 -1.6959    : ALP CC
 1501    96.0000 60.0000            : NMESH XH RMAX
 VALL is read from unit 37
    1   2   1                       : IL ITAU(IL1) IVAN(IL1)
    2   2   1                       : IL ITAU(IL1) IVAN(IL1)
    3   2   1                       : IL ITAU(IL1) IVAN(IL1)
    1   1   1   1   1   1  1135   8 : MM L1 T1 L2 T2 L3 NRC MORD
    2   1   1   1   2   1  1135   8 : MM L1 T1 L2 T2 L3 NRC MORD
    3   1   1   2   1   2  1135   8 : MM L1 T1 L2 T2 L3 NRC MORD
    4   1   1   2   2   2  1135   8 : MM L1 T1 L2 T2 L3 NRC MORD
    5   1   1   3   1   3  1135   8 : MM L1 T1 L2 T2 L3 NRC MORD
    6   1   1   3   2   3  1135   8 : MM L1 T1 L2 T2 L3 NRC MORD
    7   1   2   1   2   1  1135   8 : MM L1 T1 L2 T2 L3 NRC MORD
    8   1   2   2   1   2  1135   8 : MM L1 T1 L2 T2 L3 NRC MORD
    9   1   2   2   2   2  1135   8 : MM L1 T1 L2 T2 L3 NRC MORD
   10   1   2   3   1   3  1135   8 : MM L1 T1 L2 T2 L3 NRC MORD
   11   1   2   3   2   3  1135   8 : MM L1 T1 L2 T2 L3 NRC MORD
   12   2   1   2   1   1  1135   8 : MM L1 T1 L2 T2 L3 NRC MORD
   13   2   1   2   1   3  1135   8 : MM L1 T1 L2 T2 L3 NRC MORD
   14   2   1   2   2   1  1135   8 : MM L1 T1 L2 T2 L3 NRC MORD
   15   2   1   2   2   3  1135   8 : MM L1 T1 L2 T2 L3 NRC MORD
   16   2   1   3   1   2  1135   8 : MM L1 T1 L2 T2 L3 NRC MORD
   17   2   1   3   1   4  1135   8 : MM L1 T1 L2 T2 L3 NRC MORD
   18   2   1   3   2   2  1135   8 : MM L1 T1 L2 T2 L3 NRC MORD
   19   2   1   3   2   4  1135   8 : MM L1 T1 L2 T2 L3 NRC MORD
   20   2   2   2   2   1  1135   8 : MM L1 T1 L2 T2 L3 NRC MORD
   21   2   2   2   2   3  1135   8 : MM L1 T1 L2 T2 L3 NRC MORD
   22   2   2   3   1   2  1135   8 : MM L1 T1 L2 T2 L3 NRC MORD
   23   2   2   3   1   4  1135   8 : MM L1 T1 L2 T2 L3 NRC MORD
   24   2   2   3   2   2  1135   8 : MM L1 T1 L2 T2 L3 NRC MORD
   25   2   2   3   2   4  1135   8 : MM L1 T1 L2 T2 L3 NRC MORD
   26   3   1   3   1   1  1135   8 : MM L1 T1 L2 T2 L3 NRC MORD
   27   3   1   3   1   3  1127   8 : MM L1 T1 L2 T2 L3 NRC MORD
   28   3   1   3   1   5  1135   8 : MM L1 T1 L2 T2 L3 NRC MORD
   29   3   1   3   2   1  1135   8 : MM L1 T1 L2 T2 L3 NRC MORD
   30   3   1   3   2   3  1135   8 : MM L1 T1 L2 T2 L3 NRC MORD
   31   3   1   3   2   5  1135   8 : MM L1 T1 L2 T2 L3 NRC MORD
   32   3   2   3   2   1  1135   8 : MM L1 T1 L2 T2 L3 NRC MORD
   33   3   2   3   2   3  1135   8 : MM L1 T1 L2 T2 L3 NRC MORD
   34   3   2   3   2   5  1135   8 : MM L1 T1 L2 T2 L3 NRC MORD
 CHGPC  =   8.48851088
 TOTAL ENERGY CORRECTION FROM PS     =     0.4923571502D+00
 TOTAL PARTIAL CHARGE         SCHGPC =         8.4885108817
 TOTAL LOCALIZED CHARGE (QLCTOT)     =         0.0000000000
 KQITG =    34
 NUMBER OF BANDS SHOULD BE GREATER THAN 6
 KLMT  =    18
 KLMTT =    18
 KLMTA =    18
 TOTCH =      11.000000000000
 NX NY NZ  =   4   4   4
 NNEIB     =     729
 ALF       =    2.647574
 NEWLDG    =     137

 ***********************************************************************
 *                                                                     *
 *                              START SCF                              *
 *                                                                     *
 ***********************************************************************

  NSCF NADR            ETOTAL          EDEL          CDEL CONV      TCPU
     1    0      -59.03100848   0.59031E+02   0.14850E-01    0      0.16
     2    0      -59.50709658   0.47609E+00   0.53725E-01    0      0.09
     3    1      -59.76255805   0.25546E+00   0.93665E-02    0      0.09
     4    2      -59.76573083   0.31728E-02   0.35188E-02    1      0.09
     5    3      -59.76559096   0.13987E-03   0.13141E-02    1      0.09
     6    4      -59.76574031   0.14935E-03   0.13121E-03    2      0.09
     7    5      -59.76574067   0.35867E-06   0.85345E-04    3      0.09
     8    6      -59.76574122   0.55228E-06   0.26373E-04    3      0.09
     9    7      -59.76574381   0.25915E-05   0.12936E-04    3      0.09
    10    8      -59.76574381   0.27784E-09   0.13105E-04    3      0.09
    11    9      -59.76574383   0.13937E-07   0.12352E-05    3      0.09
    12   10      -59.76574383   0.31577E-10   0.10786E-05    4      0.09
    13   11      -59.76574383   0.89685E-10   0.42007E-07    5      0.09
    14   12      -59.76574383   0.29388E-10   0.21679E-06    6      0.09
 
                                   TOTAL CHARGE DENSITY =     10.9999997

                     TOTAL ENERGY AND ITS COMPONENTS 
                  TOTAL ENERGY     =         -59.76574383 A.U.
                KINETIC ENERGY     =           6.33364307 A.U.
                HARTREE ENERGY     =          16.07479679 A.U.
                     XC ENERGY     =         -19.86489546 A.U.
                  LOCAL ENERGY     =         -17.32424936 A.U.
               NONLOCAL ENERGY     =          -4.65937416 A.U.
                  EWALD ENERGY     =         -40.32567026 A.U.
                     PC ENERGY     =           0.00000000 A.U.
               ENTROPIC ENERGY     =           0.00000556 A.U.

                                         FERMI ENERGY =      -0.04511518
 NKP=    1  NGP=       307  K=(  0.00000  0.00000  0.00000)  WKP= 0.0008
                              EIGEN VALUE 
 -0.38331 -0.15494 -0.15494 -0.15494 -0.12586 -0.12586  0.81224  0.88452
  0.88452  0.88452  0.96413  0.96413  0.96413  1.10341  1.29721  1.29721
                               OCCUPATION 
  1.00000  1.00000  1.00000  1.00000  1.00000  1.00000  0.00000  0.00000
  0.00000  0.00000  0.00000  0.00000  0.00000  0.00000  0.00000  0.00000
 NKP=    2  NGP=       304  K=( -0.08304  0.08304  0.08304)  WKP= 0.0060
                              EIGEN VALUE 
 -0.37242 -0.15709 -0.15299 -0.15299 -0.12655 -0.12655  0.71191  0.83111
  0.85035  0.85035  1.01571  1.01571  1.04472  1.17543  1.19559  1.19559
                               OCCUPATION 
  1.00000  1.00000  1.00000  1.00000  1.00000  1.00000  0.00000  0.00000
  0.00000  0.00000  0.00000  0.00000  0.00000  0.00000  0.00000  0.00000
 NKP=    3  NGP=       304  K=( -0.16608  0.16608  0.16608)  WKP= 0.0060
                              EIGEN VALUE 
 -0.34086 -0.16182 -0.14956 -0.14956 -0.12640 -0.12640  0.53464  0.80901
  0.80901  0.81502  1.04832  1.06548  1.06548  1.12932  1.12932  1.31427
                               OCCUPATION 
  1.00000  1.00000  1.00000  1.00000  1.00000  1.00000  0.00000  0.00000
  0.00000  0.00000  0.00000  0.00000  0.00000  0.00000  0.00000  0.00000
 NKP=    4  NGP=       302  K=( -0.24912  0.24912  0.24912)  WKP= 0.0060
                              EIGEN VALUE 
 -0.29356 -0.16302 -0.14995 -0.14995 -0.12083 -0.12083  0.36822  0.78116
  0.78116  0.79089  0.98116  0.98116  1.04880  1.23883  1.23883  1.40230
                               OCCUPATION 
  1.00000  1.00000  1.00000  1.00000  1.00000  1.00000  0.00000  0.00000
  0.00000  0.00000  0.00000  0.00000  0.00000  0.00000  0.00000  0.00000
 NKP=    5  NGP=       293  K=( -0.33216  0.33216  0.33216)  WKP= 0.0060
                              EIGEN VALUE 
 -0.24812 -0.15331 -0.15331 -0.14395 -0.11219 -0.11219  0.22104  0.76608
  0.76726  0.76726  0.91212  0.91212  1.05331  1.37629  1.37629  1.50667
                               OCCUPATION 
  1.00000  1.00000  1.00000  1.00000  1.00000  1.00000  0.00000  0.00000
  0.00000  0.00000  0.00000  0.00000  0.00000  0.00000  0.00000  0.00000
 NKP=    6  NGP=       290  K=( -0.41520  0.41520  0.41520)  WKP= 0.0060
                              EIGEN VALUE 
 -0.22970 -0.15585 -0.15585 -0.10625 -0.10625 -0.09298  0.10962  0.75098
  0.76382  0.76382  0.87293  0.87293  1.05684  1.52793  1.52793  1.61426
                               OCCUPATION 
  1.00000  1.00000  1.00000  1.00000  1.00000  1.00000  0.00000  0.00000
  0.00000  0.00000  0.00000  0.00000  0.00000  0.00000  0.00000  0.00000
 NKP=    7  NGP=       299  K=(  0.00000  0.00000  0.16608)  WKP= 0.0045
                              EIGEN VALUE 
 -0.36881 -0.15904 -0.15154 -0.15154 -0.12954 -0.12432  0.75927  0.77826
  0.77826  0.83397  1.04876  1.05512  1.08419  1.08419  1.20951  1.31966
                               OCCUPATION 
  1.00000  1.00000  1.00000  1.00000  1.00000  1.00000  0.00000  0.00000
  0.00000  0.00000  0.00000  0.00000  0.00000  0.00000  0.00000  0.00000
 NKP=    8  NGP=       301  K=( -0.08304  0.08304  0.24912)  WKP= 0.0180
                              EIGEN VALUE 
 -0.34417 -0.16391 -0.14791 -0.14757 -0.13206 -0.12266  0.60033  0.72368
  0.75902  0.87562  0.94572  1.05322  1.15714  1.16333  1.24573  1.31416
                               OCCUPATION 
  1.00000  1.00000  1.00000  1.00000  1.00000  1.00000  0.00000  0.00000
  0.00000  0.00000  0.00000  0.00000  0.00000  0.00000  0.00000  0.00000
 NKP=    9  NGP=       300  K=( -0.16608  0.16608  0.33216)  WKP= 0.0180
                              EIGEN VALUE 
 -0.30175 -0.16805 -0.14937 -0.14609 -0.12575 -0.11794  0.42951  0.68831
  0.73516  0.83274  0.96762  1.04441  1.11033  1.17777  1.30501  1.41888
                               OCCUPATION 
  1.00000  1.00000  1.00000  1.00000  1.00000  1.00000  0.00000  0.00000
  0.00000  0.00000  0.00000  0.00000  0.00000  0.00000  0.00000  0.00000
 NKP=   10  NGP=       296  K=( -0.24912  0.24912  0.41520)  WKP= 0.0180
                              EIGEN VALUE 
 -0.25353 -0.16279 -0.15450 -0.14853 -0.11053 -0.10898  0.27480  0.67351
  0.71196  0.75872  0.98282  1.03379  1.08520  1.22264  1.43214  1.52830
                               OCCUPATION 
  1.00000  1.00000  1.00000  1.00000  1.00000  1.00000  0.00000  0.00000
  0.00000  0.00000  0.00000  0.00000  0.00000  0.00000  0.00000  0.00000
 NKP=   11  NGP=       294  K=( -0.33216  0.33216  0.49824)  WKP= 0.0180
                              EIGEN VALUE 
 -0.22683 -0.15905 -0.15164 -0.13932 -0.10557 -0.07487  0.14581  0.67007
  0.68103  0.73354  0.97307  0.97423  1.11411  1.33879  1.57273  1.63038
                               OCCUPATION 
  1.00000  1.00000  1.00000  1.00000  1.00000  1.00000  0.00000  0.00000
  0.00000  0.00000  0.00000  0.00000  0.00000  0.00000  0.00000  0.00000
 NKP=   12  NGP=       290  K=( -0.41520  0.41520  0.58128)  WKP= 0.0180
                              EIGEN VALUE 
 -0.22250 -0.15968 -0.15294 -0.12924 -0.10652 -0.04677  0.09453  0.63022
  0.71227  0.74246  0.93404  0.97107  1.12778  1.49460  1.50289  1.56153
                               OCCUPATION 
  1.00000  1.00000  1.00000  1.00000  1.00000  0.99672  0.00000  0.00000
  0.00000  0.00000  0.00000  0.00000  0.00000  0.00000  0.00000  0.00000
 NKP=   13  NGP=       292  K=( -0.49824  0.49824  0.66432)  WKP= 0.0180
                              EIGEN VALUE 
 -0.23212 -0.15702 -0.15153 -0.14537 -0.11360 -0.08495  0.18492  0.60943
  0.76705  0.77170  0.91317  0.97462  1.14316  1.34089  1.42227  1.62911
                               OCCUPATION 
  1.00000  1.00000  1.00000  1.00000  1.00000  1.00000  0.00000  0.00000
  0.00000  0.00000  0.00000  0.00000  0.00000  0.00000  0.00000  0.00000
 NKP=   14  NGP=       297  K=( -0.58128  0.58128  0.74736)  WKP= 0.0180
                              EIGEN VALUE 
 -0.26856 -0.16511 -0.15247 -0.14801 -0.12397 -0.10624  0.32439  0.60907
  0.81861  0.84225  0.91234  0.97240  1.16622  1.19440  1.31370  1.53412
                               OCCUPATION 
  1.00000  1.00000  1.00000  1.00000  1.00000  1.00000  0.00000  0.00000
  0.00000  0.00000  0.00000  0.00000  0.00000  0.00000  0.00000  0.00000
 NKP=   15  NGP=       304  K=( -0.66432  0.66432  0.83040)  WKP= 0.0180
                              EIGEN VALUE 
 -0.31742 -0.16595 -0.14905 -0.14597 -0.13160 -0.11799  0.48512  0.62815
  0.87194  0.91022  0.95494  0.95924  1.06756  1.18399  1.26007  1.41686
                               OCCUPATION 
  1.00000  1.00000  1.00000  1.00000  1.00000  1.00000  0.00000  0.00000
  0.00000  0.00000  0.00000  0.00000  0.00000  0.00000  0.00000  0.00000
 NKP=   16  NGP=       307  K=( -0.74736  0.74736  0.91344)  WKP= 0.0090
                              EIGEN VALUE 
 -0.35463 -0.16089 -0.15003 -0.14995 -0.13022 -0.12401  0.64883  0.67698
  0.87606  0.92338  0.98201  0.98372  1.06535  1.17785  1.20412  1.30331
                               OCCUPATION 
  1.00000  1.00000  1.00000  1.00000  1.00000  1.00000  0.00000  0.00000
  0.00000  0.00000  0.00000  0.00000  0.00000  0.00000  0.00000  0.00000
 NKP=   17  NGP=       303  K=(  0.00000  0.00000  0.33216)  WKP= 0.0045
                              EIGEN VALUE 
 -0.32711 -0.16992 -0.14181 -0.14181 -0.13816 -0.12021  0.65748  0.65748
  0.69103  0.74418  0.84680  1.21033  1.24021  1.24021  1.33723  1.39383
                               OCCUPATION 
  1.00000  1.00000  1.00000  1.00000  1.00000  1.00000  0.00000  0.00000
  0.00000  0.00000  0.00000  0.00000  0.00000  0.00000  0.00000  0.00000
 NKP=   18  NGP=       302  K=( -0.08304  0.08304  0.41520)  WKP= 0.0180
                              EIGEN VALUE 
 -0.29219 -0.17608 -0.14710 -0.13733 -0.12782 -0.11620  0.50554  0.61209
  0.67621  0.71860  0.83668  1.20163  1.25098  1.29810  1.39111  1.46978
                               OCCUPATION 
  1.00000  1.00000  1.00000  1.00000  1.00000  1.00000  0.00000  0.00000
  0.00000  0.00000  0.00000  0.00000  0.00000  0.00000  0.00000  0.00000
 NKP=   19  NGP=       297  K=( -0.16608  0.16608  0.49824)  WKP= 0.0180
                              EIGEN VALUE 
 -0.24803 -0.17857 -0.15494 -0.13803 -0.10935 -0.10358  0.34621  0.58956
  0.60469  0.69790  0.94819  1.16305  1.17664  1.30257  1.50534  1.58945
                               OCCUPATION 
  1.00000  1.00000  1.00000  1.00000  1.00000  1.00000  0.00000  0.00000
  0.00000  0.00000  0.00000  0.00000  0.00000  0.00000  0.00000  0.00000
 NKP=   20  NGP=       301  K=( -0.24912  0.24912  0.58128)  WKP= 0.0180
                              EIGEN VALUE 
 -0.21678 -0.17360 -0.15714 -0.14114 -0.10474 -0.05742  0.20503  0.53644
  0.59192  0.69400  1.07940  1.11133  1.13975  1.30603  1.63568  1.68010
                               OCCUPATION 
  1.00000  1.00000  1.00000  1.00000  1.00000  1.00000  0.00000  0.00000
  0.00000  0.00000  0.00000  0.00000  0.00000  0.00000  0.00000  0.00000
 NKP=   21  NGP=       299  K=( -0.33216  0.33216  0.66432)  WKP= 0.0180
                              EIGEN VALUE 
 -0.20820 -0.17077 -0.15078 -0.14364 -0.10621  0.00522  0.10498  0.48536
  0.62019  0.70526  1.06393  1.09106  1.25344  1.32606  1.49793  1.56654
                               OCCUPATION 
  1.00000  1.00000  1.00000  1.00000  1.00000  0.00000  0.00000  0.00000
  0.00000  0.00000  0.00000  0.00000  0.00000  0.00000  0.00000  0.00000
 NKP=   22  NGP=       293  K=( -0.41520  0.41520  0.74736)  WKP= 0.0180
                              EIGEN VALUE 
 -0.21037 -0.16699 -0.15625 -0.14397 -0.11398 -0.03113  0.16507  0.45471
  0.67338  0.73380  1.03543  1.06582  1.31302  1.32730  1.41115  1.48423
                               OCCUPATION 
  1.00000  1.00000  1.00000  1.00000  1.00000  0.00000  0.00000  0.00000
  0.00000  0.00000  0.00000  0.00000  0.00000  0.00000  0.00000  0.00000
 NKP=   23  NGP=       297  K=( -0.49824  0.49824  0.83040)  WKP= 0.0180
                              EIGEN VALUE 
 -0.23259 -0.17013 -0.15999 -0.14166 -0.12553 -0.07815  0.29781  0.44583
  0.74872  0.78149  1.02598  1.02775  1.17266  1.27011  1.40303  1.65691
                               OCCUPATION 
  1.00000  1.00000  1.00000  1.00000  1.00000  1.00000  0.00000  0.00000
  0.00000  0.00000  0.00000  0.00000  0.00000  0.00000  0.00000  0.00000
 NKP=   24  NGP=       297  K=( -0.58128  0.58128  0.91344)  WKP= 0.0090
                              EIGEN VALUE 
 -0.27722 -0.17115 -0.15283 -0.13730 -0.13712 -0.10294  0.44149  0.46910
  0.84254  0.84651  0.96962  1.03256  1.03851  1.21951  1.40509  1.50741
                               OCCUPATION 
  1.00000  1.00000  1.00000  1.00000  1.00000  1.00000  0.00000  0.00000
  0.00000  0.00000  0.00000  0.00000  0.00000  0.00000  0.00000  0.00000
 NKP=   25  NGP=       303  K=(  0.00000  0.00000  0.49824)  WKP= 0.0045
                              EIGEN VALUE 
 -0.26775 -0.18383 -0.14038 -0.12741 -0.12741 -0.11475  0.55620  0.55620
  0.58057  0.64139  0.73953  1.38029  1.38029  1.41073  1.44823  1.47770
                               OCCUPATION 
  1.00000  1.00000  1.00000  1.00000  1.00000  1.00000  0.00000  0.00000
  0.00000  0.00000  0.00000  0.00000  0.00000  0.00000  0.00000  0.00000
 NKP=   26  NGP=       303  K=( -0.08304  0.08304  0.58128)  WKP= 0.0180
                              EIGEN VALUE 
 -0.23700 -0.18912 -0.14190 -0.12433 -0.10917 -0.10291  0.43041  0.49068
  0.52395  0.65846  0.78142  1.33565  1.34927  1.47547  1.56646  1.64222
                               OCCUPATION 
  1.00000  1.00000  1.00000  1.00000  1.00000  1.00000  0.00000  0.00000
  0.00000  0.00000  0.00000  0.00000  0.00000  0.00000  0.00000  0.00000
 NKP=   27  NGP=       303  K=( -0.16608  0.16608  0.66432)  WKP= 0.0180
                              EIGEN VALUE 
 -0.21292 -0.18961 -0.14759 -0.12683 -0.10403 -0.04710  0.28593  0.41455
  0.51834  0.66225  0.90794  1.26521  1.29604  1.49278  1.69808  1.72179
                               OCCUPATION 
  1.00000  1.00000  1.00000  1.00000  1.00000  1.02412  0.00000  0.00000
  0.00000  0.00000  0.00000  0.00000  0.00000  0.00000  0.00000  0.00000
 NKP=   28  NGP=       296  K=( -0.24912  0.24912  0.74736)  WKP= 0.0180
                              EIGEN VALUE 
 -0.19985 -0.18593 -0.15295 -0.13022 -0.10525  0.03602  0.15988  0.35710
  0.54057  0.67175  1.06286  1.21082  1.24922  1.50192  1.51394  1.59176
                               OCCUPATION 
  1.00000  1.00000  1.00000  1.00000  1.00000  0.00000  0.00000  0.00000
  0.00000  0.00000  0.00000  0.00000  0.00000  0.00000  0.00000  0.00000
 NKP=   29  NGP=       291  K=( -0.33216  0.33216  0.83040)  WKP= 0.0180
                              EIGEN VALUE 
 -0.19333 -0.18047 -0.16093 -0.13306 -0.11255  0.04293  0.15683  0.32078
  0.58903  0.69397  1.17381  1.18393  1.24985  1.33962  1.42254  1.56101
                               OCCUPATION 
  1.00000  1.00000  1.00000  1.00000  1.00000  0.00000  0.00000  0.00000
  0.00000  0.00000  0.00000  0.00000  0.00000  0.00000  0.00000  0.00000
 NKP=   30  NGP=       299  K=( -0.41520  0.41520  0.91344)  WKP= 0.0090
                              EIGEN VALUE 
 -0.20104 -0.17080 -0.17073 -0.13582 -0.12168 -0.03069  0.26765  0.32196
  0.65993  0.73130  1.11835  1.14063  1.19702  1.31096  1.45964  1.57316
                               OCCUPATION 
  1.00000  1.00000  1.00000  1.00000  1.00000  0.00000  0.00000  0.00000
  0.00000  0.00000  0.00000  0.00000  0.00000  0.00000  0.00000  0.00000
 NKP=   31  NGP=       306  K=(  0.00000  0.00000  0.66432)  WKP= 0.0045
                              EIGEN VALUE 
 -0.22707 -0.19628 -0.11206 -0.11206 -0.10968 -0.09891  0.39179  0.48137
  0.48137  0.61053  0.70318  1.50810  1.51148  1.51148  1.59649  1.64440
                               OCCUPATION 
  1.00000  1.00000  1.00000  1.00000  1.00000  1.00000  0.00000  0.00000
  0.00000  0.00000  0.00000  0.00000  0.00000  0.00000  0.00000  0.00000
 NKP=   32  NGP=       303  K=( -0.08304  0.08304  0.74736)  WKP= 0.0180
                              EIGEN VALUE 
 -0.21829 -0.19891 -0.11927 -0.11303 -0.10355 -0.03754  0.31315  0.38085
  0.46616  0.63350  0.75298  1.43230  1.47524  1.68086  1.70325  1.74742
                               OCCUPATION 
  1.00000  1.00000  1.00000  1.00000  1.00000 -0.00000  0.00000  0.00000
  0.00000  0.00000  0.00000  0.00000  0.00000  0.00000  0.00000  0.00000
 NKP=   33  NGP=       292  K=( -0.16608  0.16608  0.83040)  WKP= 0.0180
                              EIGEN VALUE 
 -0.20857 -0.19623 -0.13307 -0.11682 -0.10354  0.04520  0.24890  0.26171
  0.48055  0.64743  0.88815  1.36603  1.40747  1.55602  1.61182  1.74392
                               OCCUPATION 
  1.00000  1.00000  1.00000  1.00000  1.00000  0.00000  0.00000  0.00000
  0.00000  0.00000  0.00000  0.00000  0.00000  0.00000  0.00000  0.00000
 NKP=   34  NGP=       288  K=( -0.24912  0.24912  0.91344)  WKP= 0.0090
                              EIGEN VALUE 
 -0.19730 -0.18997 -0.14948 -0.12303 -0.10847  0.12779  0.13768  0.24373
  0.52299  0.66517  1.05541  1.29569  1.31687  1.40482  1.48617  1.77729
                               OCCUPATION 
  1.00000  1.00000  1.00000  1.00000  1.00000  0.00000  0.00000  0.00000
  0.00000  0.00000  0.00000  0.00000  0.00000  0.00000  0.00000  0.00000
 NKP=   35  NGP=       302  K=(  0.00000  0.00000  0.83040)  WKP= 0.0045
                              EIGEN VALUE 
 -0.22095 -0.20354 -0.10665 -0.10171 -0.10171 -0.01104  0.24081  0.44078
  0.44078  0.59593  0.68924  1.56819  1.65541  1.65541  1.67662  1.82246
                               OCCUPATION 
  1.00000  1.00000  1.00000  1.00000  1.00000  0.00000  0.00000  0.00000
  0.00000  0.00000  0.00000  0.00000  0.00000  0.00000  0.00000  0.00000
 NKP=   36  NGP=       302  K=( -0.08304  0.08304  0.91344)  WKP= 0.0090
                              EIGEN VALUE 
 -0.21759 -0.20251 -0.11076 -0.10865 -0.10118  0.02938  0.21389  0.36279
  0.44579  0.62568  0.74441  1.50202  1.56339  1.64767  1.68642  1.81469
                               OCCUPATION 
  1.00000  1.00000  1.00000  1.00000  1.00000  0.00000  0.00000  0.00000
  0.00000  0.00000  0.00000  0.00000  0.00000  0.00000  0.00000  0.00000
 NKP=   37  NGP=       298  K=( -0.00000  0.16608  0.33216)  WKP= 0.0180
                              EIGEN VALUE 
 -0.31398 -0.16961 -0.14803 -0.14143 -0.13366 -0.11719  0.54675  0.57006
  0.80393  0.82319  0.89968  1.08514  1.10913  1.26054  1.33139  1.42455
                               OCCUPATION 
  1.00000  1.00000  1.00000  1.00000  1.00000  1.00000  0.00000  0.00000
  0.00000  0.00000  0.00000  0.00000  0.00000  0.00000  0.00000  0.00000
 NKP=   38  NGP=       298  K=( -0.08304  0.24912  0.41520)  WKP= 0.0361
                              EIGEN VALUE 
 -0.26936 -0.17332 -0.15407 -0.13997 -0.12619 -0.10408  0.39106  0.53451
  0.71869  0.82565  0.96113  1.03394  1.13854  1.29043  1.36123  1.58450
                               OCCUPATION 
  1.00000  1.00000  1.00000  1.00000  1.00000  1.00000  0.00000  0.00000
  0.00000  0.00000  0.00000  0.00000  0.00000  0.00000  0.00000  0.00000
 NKP=   39  NGP=       301  K=( -0.16608  0.33216  0.49824)  WKP= 0.0361
                              EIGEN VALUE 
 -0.22820 -0.16763 -0.15990 -0.14325 -0.11406 -0.07756  0.24283  0.52893
  0.64301  0.80713  0.96058  1.09442  1.16080  1.28515  1.45406  1.65614
                               OCCUPATION 
  1.00000  1.00000  1.00000  1.00000  1.00000  1.00000  0.00000  0.00000
  0.00000  0.00000  0.00000  0.00000  0.00000  0.00000  0.00000  0.00000
 NKP=   40  NGP=       298  K=( -0.24912  0.41520  0.58128)  WKP= 0.0361
                              EIGEN VALUE 
 -0.21322 -0.16662 -0.14950 -0.14569 -0.10749 -0.02462  0.12387  0.54424
  0.58567  0.79581  0.94050  1.11891  1.22504  1.32594  1.48629  1.59085
                               OCCUPATION 
  1.00000  1.00000  1.00000  1.00000  1.00000  0.00000  0.00000  0.00000
  0.00000  0.00000  0.00000  0.00000  0.00000  0.00000  0.00000  0.00000
 NKP=   41  NGP=       302  K=(  0.00000  0.16608  0.49824)  WKP= 0.0180
                              EIGEN VALUE 
 -0.25679 -0.18185 -0.15210 -0.12740 -0.12435 -0.10432  0.46272  0.48352
  0.59739  0.75658  0.82974  1.17542  1.29982  1.41393  1.44221  1.54270
                               OCCUPATION 
  1.00000  1.00000  1.00000  1.00000  1.00000  1.00000  0.00000  0.00000
  0.00000  0.00000  0.00000  0.00000  0.00000  0.00000  0.00000  0.00000
 NKP=   42  NGP=       298  K=( -0.08304  0.24912  0.58128)  WKP= 0.0361
                              EIGEN VALUE 
 -0.22072 -0.18332 -0.15892 -0.12911 -0.11271 -0.07124  0.31919  0.46208
  0.51530  0.77173  0.92691  1.11394  1.31442  1.42498  1.53228  1.68409
                               OCCUPATION 
  1.00000  1.00000  1.00000  1.00000  1.00000  1.00000  0.00000  0.00000
  0.00000  0.00000  0.00000  0.00000  0.00000  0.00000  0.00000  0.00000
 NKP=   43  NGP=       295  K=( -0.16608  0.33216  0.66432)  WKP= 0.0361
                              EIGEN VALUE 
 -0.20176 -0.18020 -0.16054 -0.13337 -0.10672 -0.00654  0.18505  0.44827
  0.47447  0.77726  1.02315  1.11464  1.29467  1.41550  1.49604  1.66261
                               OCCUPATION 
  1.00000  1.00000  1.00000  1.00000  1.00000  0.00000  0.00000  0.00000
  0.00000  0.00000  0.00000  0.00000  0.00000  0.00000  0.00000  0.00000
 NKP=   44  NGP=       298  K=( -0.24912  0.41520  0.74736)  WKP= 0.0361
                              EIGEN VALUE 
 -0.19638 -0.17887 -0.15957 -0.13618 -0.10825  0.04478  0.11827  0.40386
  0.50666  0.79728  1.00659  1.25300  1.26658  1.31946  1.44033  1.60313
                               OCCUPATION 
  1.00000  1.00000  1.00000  1.00000  1.00000  0.00000  0.00000  0.00000
  0.00000  0.00000  0.00000  0.00000  0.00000  0.00000  0.00000  0.00000
 NKP=   45  NGP=       292  K=( -0.33216  0.49824  0.83040)  WKP= 0.0361
                              EIGEN VALUE 
 -0.20130 -0.17391 -0.16849 -0.13477 -0.11578 -0.02605  0.22716  0.38019
  0.56042  0.83564  0.97930  1.14621  1.24789  1.42174  1.45394  1.51193
                               OCCUPATION 
  1.00000  1.00000  1.00000  1.00000  1.00000  0.00000  0.00000  0.00000
  0.00000  0.00000  0.00000  0.00000  0.00000  0.00000  0.00000  0.00000
 NKP=   46  NGP=       303  K=( -0.41520  0.58128  0.91344)  WKP= 0.0180
                              EIGEN VALUE 
 -0.22884 -0.17664 -0.16258 -0.13236 -0.12642 -0.07627  0.35624  0.39114
  0.63239  0.88887  0.92848  1.05427  1.20513  1.34342  1.49360  1.58026
                               OCCUPATION 
  1.00000  1.00000  1.00000  1.00000  1.00000  1.00000  0.00000  0.00000
  0.00000  0.00000  0.00000  0.00000  0.00000  0.00000  0.00000  0.00000
 NKP=   47  NGP=       300  K=(  0.00000  0.16608  0.66432)  WKP= 0.0180
                              EIGEN VALUE 
 -0.21879 -0.19301 -0.14045 -0.11323 -0.11214 -0.06412  0.39991  0.40146
  0.42362  0.71265  0.79044  1.27088  1.49714  1.55035  1.59152  1.69844
                               OCCUPATION 
  1.00000  1.00000  1.00000  1.00000  1.00000  1.00000  0.00000  0.00000
  0.00000  0.00000  0.00000  0.00000  0.00000  0.00000  0.00000  0.00000
 NKP=   48  NGP=       296  K=( -0.08304  0.24912  0.74736)  WKP= 0.0361
                              EIGEN VALUE 
 -0.20571 -0.19174 -0.14691 -0.11929 -0.10493  0.00679  0.27197  0.33448
  0.41653  0.74131  0.90182  1.20677  1.47185  1.51767  1.61280  1.73476
                               OCCUPATION 
  1.00000  1.00000  1.00000  1.00000  1.00000  0.00000  0.00000  0.00000
  0.00000  0.00000  0.00000  0.00000  0.00000  0.00000  0.00000  0.00000
 NKP=   49  NGP=       290  K=( -0.16608  0.33216  0.83040)  WKP= 0.0361
                              EIGEN VALUE 
 -0.19513 -0.18755 -0.15599 -0.12550 -0.10574  0.09931  0.15313  0.28697
  0.44394  0.76137  1.05719  1.15371  1.34282  1.42286  1.60806  1.66643
                               OCCUPATION 
  1.00000  1.00000  1.00000  1.00000  1.00000  0.00000  0.00000  0.00000
  0.00000  0.00000  0.00000  0.00000  0.00000  0.00000  0.00000  0.00000
 NKP=   50  NGP=       293  K=( -0.24912  0.41520  0.91344)  WKP= 0.0180
                              EIGEN VALUE 
 -0.18648 -0.18378 -0.16745 -0.12953 -0.11160  0.04898  0.20090  0.27845
  0.49314  0.79469  1.08008  1.18268  1.27527  1.35540  1.49694  1.67983
                               OCCUPATION 
  1.00000  1.00000  1.00000  1.00000  1.00000  0.00000  0.00000  0.00000
  0.00000  0.00000  0.00000  0.00000  0.00000  0.00000  0.00000  0.00000
 NKP=   51  NGP=       300  K=( -0.00000  0.16608  0.83040)  WKP= 0.0180
                              EIGEN VALUE 
 -0.21432 -0.19956 -0.12331 -0.11070 -0.10172  0.02065  0.24878  0.36523
  0.38797  0.69140  0.77323  1.37175  1.56965  1.63580  1.66297  1.81953
                               OCCUPATION 
  1.00000  1.00000  1.00000  1.00000  1.00000  0.00000  0.00000  0.00000
  0.00000  0.00000  0.00000  0.00000  0.00000  0.00000  0.00000  0.00000
 NKP=   52  NGP=       290  K=( -0.08304  0.24912  0.91344)  WKP= 0.0180
                              EIGEN VALUE 
 -0.20620 -0.19470 -0.13816 -0.11716 -0.10180  0.08341  0.22510  0.25663
  0.40011  0.73153  0.89346  1.28007  1.41945  1.55953  1.69263  1.84064
                               OCCUPATION 
  1.00000  1.00000  1.00000  1.00000  1.00000  0.00000  0.00000  0.00000
  0.00000  0.00000  0.00000  0.00000  0.00000  0.00000  0.00000  0.00000
 NKP=   53  NGP=       293  K=( -0.00000  0.33216  0.66432)  WKP= 0.0180
                              EIGEN VALUE 
 -0.19920 -0.18318 -0.16630 -0.12350 -0.11220 -0.01521  0.29343  0.33825
  0.43785  0.88162  0.92421  1.07313  1.42627  1.47658  1.54130  1.61050
                               OCCUPATION 
  1.00000  1.00000  1.00000  1.00000  1.00000  0.00000  0.00000  0.00000
  0.00000  0.00000  0.00000  0.00000  0.00000  0.00000  0.00000  0.00000
 NKP=   54  NGP=       296  K=( -0.08304  0.41520  0.74736)  WKP= 0.0361
                              EIGEN VALUE 
 -0.19012 -0.18147 -0.16860 -0.12795 -0.10616  0.06743  0.18079  0.34009
  0.37919  0.89843  0.97683  1.11547  1.29571  1.46630  1.57999  1.68911
                               OCCUPATION 
  1.00000  1.00000  1.00000  1.00000  1.00000  0.00000  0.00000  0.00000
  0.00000  0.00000  0.00000  0.00000  0.00000  0.00000  0.00000  0.00000
 NKP=   55  NGP=       297  K=( -0.00000  0.33216  0.83040)  WKP= 0.0180
                              EIGEN VALUE 
 -0.19946 -0.18736 -0.15480 -0.12202 -0.10175  0.08400  0.25886  0.27493
  0.31240  0.85794  0.93401  1.14021  1.33493  1.65773  1.67079  1.76598
                               OCCUPATION 
  1.00000  1.00000  1.00000  1.00000  1.00000  0.00000  0.00000  0.00000
  0.00000  0.00000  0.00000  0.00000  0.00000  0.00000  0.00000  0.00000
 NKP=   56  NGP=       290  K=( -0.08304  0.41520  0.91344)  WKP= 0.0180
                              EIGEN VALUE 
 -0.19377 -0.17931 -0.16656 -0.12670 -0.10180  0.16147  0.16309  0.25732
  0.32742  0.90658  1.05534  1.05875  1.21958  1.60545  1.70931  1.79870
                               OCCUPATION 
  1.00000  1.00000  1.00000  1.00000  1.00000  0.00000  0.00000  0.00000
  0.00000  0.00000  0.00000  0.00000  0.00000  0.00000  0.00000  0.00000
 
 QMDQMDQMDQMDQMDQMDQMDQMDQMDQMDQMDQMDQMDQMDQMDQMDQMDQMDQMDQMDQMDQMDQMDQM

 MD ITERATION NR.      1:014          TOTAL CPU TIME =      1.91 SECONDS

                       CONVERGED ENERGY AND FORCES 
   NIT     TotalEnergy     f_max     f_rms      edel      vdel      fdel
     1    -59.76574383  0.000000  0.000000  0.29D-10  0.22D-06  0.29D-10

    ATOM              COORDINATES                        FORCES
MD:    1
MD:    1 Cu   0.000000   0.000000   0.000000   0.00000  0.00000 -0.00000
 
CHGPRO:     0.0000      0.2966389675     -0.4893298957      0.1561256014
CHGPRO:     0.1520      0.2913448439     -0.4898738403      0.1510978321
CHGPRO:     0.3040      0.2760513143     -0.4914802536      0.1362521592
CHGPRO:     0.4560      0.2524151789     -0.4942592527      0.1123311253
CHGPRO:     0.6080      0.2228947217     -0.4981619931      0.0807876179
CHGPRO:     0.7600      0.1904111674     -0.5027929506      0.0440112802
CHGPRO:     0.9120      0.1579433488     -0.5074675592      0.0054540409
CHGPRO:     1.0640      0.1280761626     -0.5109241512     -0.0306700094
CHGPRO:     1.2160      0.1026072216     -0.5116011127     -0.0604934881
CHGPRO:     1.3680      0.0823282594     -0.5075698442     -0.0812152564
CHGPRO:     1.5200      0.0670754434     -0.4970905055     -0.0910530040
CHGPRO:     1.6720      0.0560637626     -0.4797881870     -0.0897598265
CHGPRO:     1.8240      0.0483372541     -0.4572679306     -0.0794735839
CHGPRO:     1.9760      0.0430809812     -0.4341994709     -0.0646677772
CHGPRO:     2.1280      0.0397048914     -0.4153241445     -0.0506087968
CHGPRO:     2.2800      0.0378194228     -0.4022059200     -0.0411273681
CHGPRO:     2.4320      0.0372121997     -0.3971103396     -0.0378554920
CHGPRO:     2.5839      0.0378194228     -0.4022059200     -0.0411273681
CHGPRO:     2.7359      0.0397048914     -0.4153241445     -0.0506087968
CHGPRO:     2.8879      0.0430809812     -0.4341994709     -0.0646677772
CHGPRO:     3.0399      0.0483372541     -0.4572679306     -0.0794735839
CHGPRO:     3.1919      0.0560637626     -0.4797881870     -0.0897598265
CHGPRO:     3.3439      0.0670754434     -0.4970905055     -0.0910530040
CHGPRO:     3.4959      0.0823282594     -0.5075698442     -0.0812152564
CHGPRO:     3.6479      0.1026072216     -0.5116011127     -0.0604934881
CHGPRO:     3.7999      0.1280761626     -0.5109241512     -0.0306700094
CHGPRO:     3.9519      0.1579433488     -0.5074675592      0.0054540409
CHGPRO:     4.1039      0.1904111674     -0.5027929506      0.0440112802
CHGPRO:     4.2559      0.2228947217     -0.4981619931      0.0807876179
CHGPRO:     4.4079      0.2524151789     -0.4942592527      0.1123311253
CHGPRO:     4.5599      0.2760513143     -0.4914802536      0.1362521592
CHGPRO:     4.7119      0.2913448439     -0.4898738403      0.1510978321

 *I* wavefunction data written in zaj.data

 *I* writing eko_l

 *I* writing fsr_l, fsi_l

 *I* potential data written in potential.data

           <<<  Atomic Charge >>>
  ia is   rd d_rd  Charge(1)  Charge(2)  Charge(3)
   1  1 2.30 0.10   9.835382  10.064528  10.301199

 ***********************************************************************
 *                                                                     *
 *                               TIMING                                *
 *                                                                     *
 ***********************************************************************
      SUBROUTINE        CALLS        TOTAL CPU TIME           <CPU TIME>
             SCF            1                1.4134               1.4134
          WF_Dav           15                1.0273               0.0685
        dav_hphi          315                0.5445               0.0017
         fftw3c3         5824                0.5255               0.0001
           kbint            1                0.4972               0.4972
     diagonalize          315                0.2720               0.0009
         swffftx         2520                0.2525               0.0001
        swffftx2         2520                0.2295               0.0001
             Dos            2                0.1407               0.0703
          Chgfft           14                0.0908               0.0065
          swffft          784                0.0764               0.0001
         Writing            1                0.0625               0.0625
      xc_gga_chg           28                0.0624               0.0022
     fdchgq0_fft           14                0.0593               0.0042
         dav_mgs          210                0.0534               0.0003
       dav_mgs_2          210                0.0448               0.0002
   fdchgq0_fft_1           14                0.0398               0.0028
           fd_vq           14                0.0391               0.0028
         dav_hij          315                0.0360               0.0001
           pspot            1                0.0353               0.0353
           Force            1                0.0340               0.0340
        fdforce0            1                0.0306               0.0306
      dav_nonloc          315                0.0286               0.0001
    dav_residual          210                0.0267               0.0001
  dav_residual_1          210                0.0181               0.0001
    dav_nonloc_3         2070                0.0162               0.0000
         FFT_SET            1                0.0148               0.0148
      dav_sumset          210                0.0143               0.0001
      dav_precon          210                0.0116               0.0001
    dav_sumset_1          210                0.0106               0.0001
 dav_band2g_hphi          315                0.0098               0.0000
    xc_1_gr_ch12           84                0.0091               0.0001
           Fermi           14                0.0088               0.0006
    dav_nonloc_2         2070                0.0080               0.0000
 dav_refresh_phi          105                0.0072               0.0001
            symm            1                0.0067               0.0067
           psloc            1                0.0062               0.0062
       dav_mgs_1          210                0.0053               0.0000
           gstep            1                0.0046               0.0046
  dav_band2g_phi          112                0.0040               0.0000
        swffftx1         2520                0.0037               0.0000
          ptfft1           15                0.0037               0.0002
    xc_1_gr_ch11           84                0.0036               0.0000
    dav_sumset_2          210                0.0034               0.0000
       dav_mgs_3          210                0.0029               0.0000
    dav_nonloc_1          315                0.0027               0.0000
    dav_copy_fsr          105                0.0025               0.0000
      dav_grmsmd            1                0.0025               0.0025
   blugel_ishida           13                0.0024               0.0002
         ptfft1p           14                0.0021               0.0002
       ptfft1p00            9                0.0019               0.0002
    Total Energy           14                0.0018               0.0001
 dav_refresh_fsr          105                0.0015               0.0000
 ***********************************************************************

 =======================================================================
 TASK                   CALLS        TOTAL CPU TIME           <CPU TIME>
 FFT SingleProc          5824                0.5282               0.0001
 FFT MPI                  344                0.0385               0.0001
 FFTW MPI1                 29                0.0031               0.0001
  
 ALLREDUCE               8476                0.0314               0.0000
 ALLREDUCE_G               48                0.0023               0.0000
 ALLREDUCE_BG              15                0.0001               0.0000
 ALLREDUCE_K             1600                0.0122               0.0000
 ALLGATHERV                69                0.0037               0.0001
 ALLGATHERV_KG            322                0.0022               0.0000
 ALLGATHERV_K             210                0.0017               0.0000
 GATHERV                    2                0.0001               0.0000
 ALLTOALLV                193                0.0084               0.0000
 ALLTOALLV_KG             875                0.0145               0.0000
 TOTAL TIME FOR COMMUNICATION                0.0766
 =======================================================================

 TOTAL CPU TIME:  00 HOURS 00 MINUTES  2.15 SECONDS

 PROGRAM STATE ENDED AT: Jul  1 11:28:17 2025
  
 HHHHHHHHHHHHHHHHHHHHHHHHHHHHHHHHHHHHHHHHHHHHHHHHHHHHHHHHHHHHHHHHH
 HHHHHHHHHHHHHHHHHHHHHHHHHHHHHHHHHHHHHHHHHHHHHHHHHHHHHHHHHHHHHHHHH
                           _______________________
     __________   _______/______v______v______v___]
    D          | |                                 |
    D   A A    | | Congratulations!                |  C( > < )D
  --  =(^.^)=  | |  The calculation has converged. |    = o =
 |     @@@@@   | |                                 |    (    )~
 /--=O=-+-=O=---+--=O=--+--==O==--+--==O==--+--=O=-+--=O=---=O=-/
  
 HHHHHHHHHHHHHHHHHHHHHHHHHHHHHHHHHHHHHHHHHHHHHHHHHHHHHHHHHHHHHHHHH
 HHHHHHHHHHHHHHHHHHHHHHHHHHHHHHHHHHHHHHHHHHHHHHHHHHHHHHHHHHHHHHHHH
