[0] MPI startup(): I_MPI_TCP_NETMASK variable has been removed from the product, its value is ignored

 
 ***********************************************************************
 *                                                                     *
 *                                                                     *
 *                                                                     *
 *              ******  ********    **    ******** ********            *
 *             ******** ********   ****   ******** ********            *
 *             **          **     **  **     **    **                  *
 *              ***        **    ********    **    ******              *
 *                ***      **   **********   **    ******              *
 *                  **     **  **        **  **    **                  *
 *             ********    ** **          ** **    ********            *
 *              ******     ** VERSION 5.6.17 **    ********            *
 *                               RICS-AIST                             *
 *                           OSAKA UNIVERSITY                          *
 *                                                                     *
 ***********************************************************************
 
 PROGRAM STATE STARTED AT: Jul  1 10:19:30 2025

 THIS JOB RUNS ON         : xs01                            
 THE CURRENT DIRECTORY IS : /home/ikutaro/work/STATE/examples/Cu/fcc    
 THE PROCESS ID IS        : 81586
 THE JOB WAS SUBMITTED BY : ikutaro             
 THE NUMBER OF PROCESSORS : 16
 THE NUMBER OF THREADS    : 1
 
 ELECTRONIC WAVEFUNCTIONS INITIALIZED 
 ELECTRONIC CHARGE INITIALIZED 
 IONIC POSITIONS READ FROM STANDARD INPUT 
 IONIC VELOCITIES INITIALIZED 
 MAXIMUM SCF ITERATIONS : 200
 MAXIMUM MD STEPS : 200
 MAXIMUM ELAPSED CPU TIME :  86400.00 SEC
 TIME INCREMENT IN MOLECULAR DYNAMICS :     50.00 A.U.
 ENERGY CRITERION FOR SCF ITERATIONS :  0.100000E-09 HA/ATOM

 EXCHANGE-CORRELATION FUNCTIONAL : ggapbe
 SPIN POLARIZATION NOT ALLOWED 
 NUMBER OF BANDS CONSIDERED : 16
 METHFESSEL-PAXTON SMEARING 
 SMEARING WIDTH : 0.002000
 DAVIDSON METHOD WITH G-SPACE TECHNIQUE 
 BLUGEL MIXING PARAMETERS 
   MIXING OBJECT : CHARGE 
   MIXING INFORMATION RESET AFTER 30 STEPS
   MIXING PARAMETER : 0.300

 ********************************** TYPE *******************************
 TYPE  NAME  INITIAL CHARGE   MASS(AMU)     PP TYPE  ILOC   INITIAL SPIN
    1    Cu          0.1500     63.5460   UltraSoft     3         0.0000
 ***********************************************************************

 ********************************* ATOMS *******************************
   ATOM    X(BOHR)    Y(BOHR)    Z(BOHR)     TAUX    TAUY    TAUZ IW  IR
   1  1    0.00000    0.00000    0.00000   0.0000  0.0000  0.0000  1   0
 ***********************************************************************

 ******************************** K-POINTS *****************************
 BRAVIAS LATTICE         :        FACE CENTER         
 SPACE GROUP             :        F m -3 m  
 INVERSION SYMMETRY      :        NO 
 CONV. LAT. VECTOR(BOHR) :        6.840800       0.000000       0.000000
 CONV. LAT. VECTOR(BOHR) :        0.000000       6.840800       0.000000
 CONV. LAT. VECTOR(BOHR) :        0.000000       0.000000       6.840800
 PRIM. LAT. VECTOR(BOHR) :        0.000000       3.420400       3.420400
 PRIM. LAT. VECTOR(BOHR) :        3.420400       0.000000       3.420400
 PRIM. LAT. VECTOR(BOHR) :        3.420400       3.420400       0.000000
 PRIM. CELL VOLUME       :    0.800315E+02
 PRIM. REC. VECTOR(1/BOHR) :     -0.918487       0.918487       0.918487
 PRIM. REC. VECTOR(1/BOHR) :      0.918487      -0.918487       0.918487
 PRIM. REC. VECTOR(1/BOHR) :      0.918487       0.918487      -0.918487
 REC. PRIM. CELL VOLUME    :  0.309941E+01
 ENERGY CUTOFF FOR SOFT MODE(RY) :  36.000
 ENERGY CUTOFF FOR HARD MODE(RY) : 400.000
 NUMBER OF K-POINT MESH  :              12             12             12
 K-POINT SHIFT           :             OFF            OFF            OFF
 NUMBER OF K-POINTS      :              72
        NKP            WKP              KX             KY             KZ
          1       0.000579        0.000000       0.000000       0.000000
          2       0.004630       -0.076541       0.076541       0.076541
          3       0.004630       -0.153081       0.153081       0.153081
          4       0.004630       -0.229622       0.229622       0.229622
          5       0.004630       -0.306162       0.306162       0.306162
          6       0.004630       -0.382703       0.382703       0.382703
          7       0.002315       -0.459243       0.459243       0.459243
          8       0.003472        0.000000       0.000000       0.153081
          9       0.013889       -0.076541       0.076541       0.229622
         10       0.013889       -0.153081       0.153081       0.306162
         11       0.013889       -0.229622       0.229622       0.382703
         12       0.013889       -0.306162       0.306162       0.459243
         13       0.013889       -0.382703       0.382703       0.535784
         14       0.013889       -0.459243       0.459243       0.612325
         15       0.013889       -0.535784       0.535784       0.688865
         16       0.013889       -0.612325       0.612325       0.765406
         17       0.013889       -0.688865       0.688865       0.841946
         18       0.006944       -0.765406       0.765406       0.918487
         19       0.003472        0.000000       0.000000       0.306162
         20       0.013889       -0.076541       0.076541       0.382703
         21       0.013889       -0.153081       0.153081       0.459243
         22       0.013889       -0.229622       0.229622       0.535784
         23       0.013889       -0.306162       0.306162       0.612325
         24       0.013889       -0.382703       0.382703       0.688865
         25       0.013889       -0.459243       0.459243       0.765406
         26       0.013889       -0.535784       0.535784       0.841946
         27       0.006944       -0.612325       0.612325       0.918487
         28       0.003472        0.000000       0.000000       0.459243
         29       0.013889       -0.076541       0.076541       0.535784
         30       0.013889       -0.153081       0.153081       0.612325
         31       0.013889       -0.229622       0.229622       0.688865
         32       0.013889       -0.306162       0.306162       0.765406
         33       0.013889       -0.382703       0.382703       0.841946
         34       0.006944       -0.459243       0.459243       0.918487
         35       0.003472        0.000000       0.000000       0.612325
         36       0.013889       -0.076541       0.076541       0.688865
         37       0.013889       -0.153081       0.153081       0.765406
         38       0.013889       -0.229622       0.229622       0.841946
         39       0.006944       -0.306162       0.306162       0.918487
         40       0.003472        0.000000       0.000000       0.765406
         41       0.013889       -0.076541       0.076541       0.841946
         42       0.006944       -0.153081       0.153081       0.918487
         43       0.001736        0.000000       0.000000       0.918487
         44       0.013889       -0.000000       0.153081       0.306162
         45       0.027778       -0.076541       0.229622       0.382703
         46       0.027778       -0.153081       0.306162       0.459243
         47       0.027778       -0.229622       0.382703       0.535784
         48       0.013889       -0.306162       0.459243       0.612325
         49       0.013889        0.000000       0.153081       0.459243
         50       0.027778       -0.076541       0.229622       0.535784
         51       0.027778       -0.153081       0.306162       0.612325
         52       0.027778       -0.229622       0.382703       0.688865
         53       0.027778       -0.306162       0.459243       0.765406
         54       0.027778       -0.382703       0.535784       0.841946
         55       0.013889       -0.459243       0.612325       0.918487
         56       0.013889       -0.000000       0.153081       0.612325
         57       0.027778       -0.076541       0.229622       0.688865
         58       0.027778       -0.153081       0.306162       0.765406
         59       0.027778       -0.229622       0.382703       0.841946
         60       0.013889       -0.306162       0.459243       0.918487
         61       0.013889        0.000000       0.153081       0.765406
         62       0.027778       -0.076541       0.229622       0.841946
         63       0.013889       -0.153081       0.306162       0.918487
         64       0.006944        0.000000       0.153081       0.918487
         65       0.013889       -0.000000       0.306162       0.612325
         66       0.027778       -0.076541       0.382703       0.688865
         67       0.013889       -0.153081       0.459243       0.765406
         68       0.013889        0.000000       0.306162       0.765406
         69       0.027778       -0.076541       0.382703       0.841946
         70       0.013889       -0.153081       0.459243       0.918487
         71       0.006944        0.000000       0.306162       0.918487
         72       0.003472        0.000000       0.459243       0.918487
 ***********************************************************************
 *I* TOTAL NUMBER OF DEGREES OF FREEDOM :     0
     
 NEIBRD =       1331
 KID  KNX  KNY  KNZ  KNL  KNM  KNN  =   21   10   10   10   20   20   20
 KIDP KNXP KNYP KNZP KNLP KNMP KNNP =   33   16   16   16   32   32   32
 NUMBER OF GENERATED VECTORS KNG,KNGP =      2277     10849
 KFFT KFFTP =      16800     67584
 IOPT IOPTP =          1         1

 ************************* SYMMETRY OPERATION **************************
                   Rc              tc               Rp             tp
         1.0000  0.0000  0.0000  0.0000   1.0000  0.0000  0.0000  0.0000
 nr.  1  0.0000  1.0000  0.0000  0.0000   0.0000  1.0000  0.0000  0.0000
         0.0000  0.0000  1.0000  0.0000   0.0000  0.0000  1.0000  0.0000

        -1.0000  0.0000  0.0000  0.0000  -1.0000  0.0000  0.0000  0.0000
 nr.  2  0.0000 -1.0000  0.0000  0.0000   0.0000 -1.0000  0.0000  0.0000
         0.0000  0.0000 -1.0000  0.0000   0.0000  0.0000 -1.0000  0.0000

         1.0000  0.0000  0.0000  0.0000   0.0000 -1.0000  1.0000  0.0000
 nr.  3  0.0000  0.0000 -1.0000  0.0000   0.0000  0.0000  1.0000  0.0000
         0.0000  1.0000  0.0000  0.0000  -1.0000  0.0000  1.0000  0.0000

         0.0000  0.0000  1.0000  0.0000   0.0000  0.0000  1.0000  0.0000
 nr.  4  1.0000  0.0000  0.0000  0.0000   1.0000  0.0000  0.0000  0.0000
         0.0000  1.0000  0.0000  0.0000   0.0000  1.0000  0.0000  0.0000

        -1.0000  0.0000  0.0000  0.0000   0.0000  1.0000 -1.0000  0.0000
 nr.  5  0.0000  0.0000  1.0000  0.0000   0.0000  0.0000 -1.0000  0.0000
         0.0000 -1.0000  0.0000  0.0000   1.0000  0.0000 -1.0000  0.0000

         0.0000  0.0000 -1.0000  0.0000   0.0000  0.0000 -1.0000  0.0000
 nr.  6 -1.0000  0.0000  0.0000  0.0000  -1.0000  0.0000  0.0000  0.0000
         0.0000 -1.0000  0.0000  0.0000   0.0000 -1.0000  0.0000  0.0000

         1.0000  0.0000  0.0000  0.0000  -1.0000  0.0000  0.0000  0.0000
 nr.  7  0.0000 -1.0000  0.0000  0.0000  -1.0000  0.0000  1.0000  0.0000
         0.0000  0.0000 -1.0000  0.0000  -1.0000  1.0000  0.0000  0.0000

         0.0000  0.0000  1.0000  0.0000  -1.0000  1.0000  0.0000  0.0000
 nr.  8  0.0000 -1.0000  0.0000  0.0000   0.0000  1.0000  0.0000  0.0000
         1.0000  0.0000  0.0000  0.0000   0.0000  1.0000 -1.0000  0.0000

         0.0000  1.0000  0.0000  0.0000  -1.0000  0.0000  1.0000  0.0000
 nr.  9  1.0000  0.0000  0.0000  0.0000   0.0000 -1.0000  1.0000  0.0000
         0.0000  0.0000 -1.0000  0.0000   0.0000  0.0000  1.0000  0.0000

         0.0000  1.0000  0.0000  0.0000   0.0000  1.0000  0.0000  0.0000
 nr. 10  0.0000  0.0000  1.0000  0.0000   0.0000  0.0000  1.0000  0.0000
         1.0000  0.0000  0.0000  0.0000   1.0000  0.0000  0.0000  0.0000

        -1.0000  0.0000  0.0000  0.0000   1.0000  0.0000  0.0000  0.0000
 nr. 11  0.0000  1.0000  0.0000  0.0000   1.0000  0.0000 -1.0000  0.0000
         0.0000  0.0000  1.0000  0.0000   1.0000 -1.0000  0.0000  0.0000

         0.0000  0.0000 -1.0000  0.0000   1.0000 -1.0000  0.0000  0.0000
 nr. 12  0.0000  1.0000  0.0000  0.0000   0.0000 -1.0000  0.0000  0.0000
        -1.0000  0.0000  0.0000  0.0000   0.0000 -1.0000  1.0000  0.0000

         0.0000 -1.0000  0.0000  0.0000   1.0000  0.0000 -1.0000  0.0000
 nr. 13 -1.0000  0.0000  0.0000  0.0000   0.0000  1.0000 -1.0000  0.0000
         0.0000  0.0000  1.0000  0.0000   0.0000  0.0000 -1.0000  0.0000

         0.0000 -1.0000  0.0000  0.0000   0.0000 -1.0000  0.0000  0.0000
 nr. 14  0.0000  0.0000 -1.0000  0.0000   0.0000  0.0000 -1.0000  0.0000
        -1.0000  0.0000  0.0000  0.0000  -1.0000  0.0000  0.0000  0.0000

         1.0000  0.0000  0.0000  0.0000   0.0000  1.0000 -1.0000  0.0000
 nr. 15  0.0000  0.0000  1.0000  0.0000  -1.0000  1.0000  0.0000  0.0000
         0.0000 -1.0000  0.0000  0.0000   0.0000  1.0000  0.0000  0.0000

         0.0000  0.0000  1.0000  0.0000   0.0000  0.0000 -1.0000  0.0000
 nr. 16 -1.0000  0.0000  0.0000  0.0000   0.0000  1.0000 -1.0000  0.0000
         0.0000 -1.0000  0.0000  0.0000   1.0000  0.0000 -1.0000  0.0000

         0.0000  1.0000  0.0000  0.0000   1.0000  0.0000 -1.0000  0.0000
 nr. 17 -1.0000  0.0000  0.0000  0.0000   1.0000  0.0000  0.0000  0.0000
         0.0000  0.0000  1.0000  0.0000   1.0000 -1.0000  0.0000  0.0000

         0.0000  0.0000 -1.0000  0.0000  -1.0000  1.0000  0.0000  0.0000
 nr. 18  1.0000  0.0000  0.0000  0.0000  -1.0000  0.0000  0.0000  0.0000
         0.0000 -1.0000  0.0000  0.0000  -1.0000  0.0000  1.0000  0.0000

         0.0000  0.0000 -1.0000  0.0000   0.0000  0.0000  1.0000  0.0000
 nr. 19  0.0000  1.0000  0.0000  0.0000  -1.0000  0.0000  1.0000  0.0000
         1.0000  0.0000  0.0000  0.0000   0.0000 -1.0000  1.0000  0.0000

        -1.0000  0.0000  0.0000  0.0000   0.0000 -1.0000  1.0000  0.0000
 nr. 20  0.0000  0.0000 -1.0000  0.0000   1.0000 -1.0000  0.0000  0.0000
         0.0000  1.0000  0.0000  0.0000   0.0000 -1.0000  0.0000  0.0000

         0.0000  0.0000 -1.0000  0.0000   0.0000  0.0000  1.0000  0.0000
 nr. 21  1.0000  0.0000  0.0000  0.0000   0.0000 -1.0000  1.0000  0.0000
         0.0000  1.0000  0.0000  0.0000  -1.0000  0.0000  1.0000  0.0000

         0.0000 -1.0000  0.0000  0.0000  -1.0000  0.0000  1.0000  0.0000
 nr. 22  1.0000  0.0000  0.0000  0.0000  -1.0000  0.0000  0.0000  0.0000
         0.0000  0.0000 -1.0000  0.0000  -1.0000  1.0000  0.0000  0.0000

         0.0000  0.0000  1.0000  0.0000   1.0000 -1.0000  0.0000  0.0000
 nr. 23 -1.0000  0.0000  0.0000  0.0000   1.0000  0.0000  0.0000  0.0000
         0.0000  1.0000  0.0000  0.0000   1.0000  0.0000 -1.0000  0.0000

         0.0000  0.0000  1.0000  0.0000   0.0000  0.0000 -1.0000  0.0000
 nr. 24  0.0000 -1.0000  0.0000  0.0000   1.0000  0.0000 -1.0000  0.0000
        -1.0000  0.0000  0.0000  0.0000   0.0000  1.0000 -1.0000  0.0000

         0.0000  0.0000  1.0000  0.0000   1.0000 -1.0000  0.0000  0.0000
 nr. 25  0.0000  1.0000  0.0000  0.0000   1.0000  0.0000 -1.0000  0.0000
        -1.0000  0.0000  0.0000  0.0000   1.0000  0.0000  0.0000  0.0000

         0.0000  1.0000  0.0000  0.0000   0.0000 -1.0000  0.0000  0.0000
 nr. 26  0.0000  0.0000 -1.0000  0.0000   1.0000 -1.0000  0.0000  0.0000
        -1.0000  0.0000  0.0000  0.0000   0.0000 -1.0000  1.0000  0.0000

         0.0000  0.0000 -1.0000  0.0000   1.0000 -1.0000  0.0000  0.0000
 nr. 27 -1.0000  0.0000  0.0000  0.0000   0.0000 -1.0000  1.0000  0.0000
         0.0000  1.0000  0.0000  0.0000   0.0000 -1.0000  0.0000  0.0000

         0.0000 -1.0000  0.0000  0.0000   0.0000  1.0000  0.0000  0.0000
 nr. 28  1.0000  0.0000  0.0000  0.0000   0.0000  1.0000 -1.0000  0.0000
         0.0000  0.0000  1.0000  0.0000  -1.0000  1.0000  0.0000  0.0000

         0.0000 -1.0000  0.0000  0.0000   1.0000  0.0000 -1.0000  0.0000
 nr. 29  0.0000  0.0000  1.0000  0.0000   0.0000  0.0000 -1.0000  0.0000
        -1.0000  0.0000  0.0000  0.0000   0.0000  1.0000 -1.0000  0.0000

         0.0000 -1.0000  0.0000  0.0000  -1.0000  0.0000  1.0000  0.0000
 nr. 30  0.0000  0.0000 -1.0000  0.0000  -1.0000  1.0000  0.0000  0.0000
         1.0000  0.0000  0.0000  0.0000  -1.0000  0.0000  0.0000  0.0000

         0.0000  0.0000 -1.0000  0.0000  -1.0000  1.0000  0.0000  0.0000
 nr. 31  0.0000 -1.0000  0.0000  0.0000  -1.0000  0.0000  1.0000  0.0000
         1.0000  0.0000  0.0000  0.0000  -1.0000  0.0000  0.0000  0.0000

         0.0000 -1.0000  0.0000  0.0000   0.0000  1.0000  0.0000  0.0000
 nr. 32  0.0000  0.0000  1.0000  0.0000  -1.0000  1.0000  0.0000  0.0000
         1.0000  0.0000  0.0000  0.0000   0.0000  1.0000 -1.0000  0.0000

         0.0000  0.0000  1.0000  0.0000  -1.0000  1.0000  0.0000  0.0000
 nr. 33  1.0000  0.0000  0.0000  0.0000   0.0000  1.0000 -1.0000  0.0000
         0.0000 -1.0000  0.0000  0.0000   0.0000  1.0000  0.0000  0.0000

         0.0000  1.0000  0.0000  0.0000   0.0000 -1.0000  0.0000  0.0000
 nr. 34 -1.0000  0.0000  0.0000  0.0000   0.0000 -1.0000  1.0000  0.0000
         0.0000  0.0000 -1.0000  0.0000   1.0000 -1.0000  0.0000  0.0000

         0.0000  1.0000  0.0000  0.0000  -1.0000  0.0000  1.0000  0.0000
 nr. 35  0.0000  0.0000 -1.0000  0.0000   0.0000  0.0000  1.0000  0.0000
         1.0000  0.0000  0.0000  0.0000   0.0000 -1.0000  1.0000  0.0000

         0.0000  1.0000  0.0000  0.0000   1.0000  0.0000 -1.0000  0.0000
 nr. 36  0.0000  0.0000  1.0000  0.0000   1.0000 -1.0000  0.0000  0.0000
        -1.0000  0.0000  0.0000  0.0000   1.0000  0.0000  0.0000  0.0000

         0.0000  0.0000 -1.0000  0.0000   0.0000  0.0000 -1.0000  0.0000
 nr. 37  0.0000 -1.0000  0.0000  0.0000   0.0000 -1.0000  0.0000  0.0000
        -1.0000  0.0000  0.0000  0.0000  -1.0000  0.0000  0.0000  0.0000

         0.0000 -1.0000  0.0000  0.0000   0.0000 -1.0000  0.0000  0.0000
 nr. 38 -1.0000  0.0000  0.0000  0.0000  -1.0000  0.0000  0.0000  0.0000
         0.0000  0.0000 -1.0000  0.0000   0.0000  0.0000 -1.0000  0.0000

        -1.0000  0.0000  0.0000  0.0000   1.0000  0.0000  0.0000  0.0000
 nr. 39  0.0000  0.0000  1.0000  0.0000   1.0000 -1.0000  0.0000  0.0000
         0.0000  1.0000  0.0000  0.0000   1.0000  0.0000 -1.0000  0.0000

        -1.0000  0.0000  0.0000  0.0000   0.0000 -1.0000  1.0000  0.0000
 nr. 40  0.0000  1.0000  0.0000  0.0000   0.0000 -1.0000  0.0000  0.0000
         0.0000  0.0000 -1.0000  0.0000   1.0000 -1.0000  0.0000  0.0000

        -1.0000  0.0000  0.0000  0.0000   0.0000  1.0000 -1.0000  0.0000
 nr. 41  0.0000 -1.0000  0.0000  0.0000   1.0000  0.0000 -1.0000  0.0000
         0.0000  0.0000  1.0000  0.0000   0.0000  0.0000 -1.0000  0.0000

         0.0000  0.0000  1.0000  0.0000   0.0000  0.0000  1.0000  0.0000
 nr. 42  0.0000  1.0000  0.0000  0.0000   0.0000  1.0000  0.0000  0.0000
         1.0000  0.0000  0.0000  0.0000   1.0000  0.0000  0.0000  0.0000

         0.0000  1.0000  0.0000  0.0000   0.0000  1.0000  0.0000  0.0000
 nr. 43  1.0000  0.0000  0.0000  0.0000   1.0000  0.0000  0.0000  0.0000
         0.0000  0.0000  1.0000  0.0000   0.0000  0.0000  1.0000  0.0000

         1.0000  0.0000  0.0000  0.0000  -1.0000  0.0000  0.0000  0.0000
 nr. 44  0.0000  0.0000 -1.0000  0.0000  -1.0000  1.0000  0.0000  0.0000
         0.0000 -1.0000  0.0000  0.0000  -1.0000  0.0000  1.0000  0.0000

         1.0000  0.0000  0.0000  0.0000   0.0000  1.0000 -1.0000  0.0000
 nr. 45  0.0000 -1.0000  0.0000  0.0000   0.0000  1.0000  0.0000  0.0000
         0.0000  0.0000  1.0000  0.0000  -1.0000  1.0000  0.0000  0.0000

         1.0000  0.0000  0.0000  0.0000   0.0000 -1.0000  1.0000  0.0000
 nr. 46  0.0000  1.0000  0.0000  0.0000  -1.0000  0.0000  1.0000  0.0000
         0.0000  0.0000 -1.0000  0.0000   0.0000  0.0000  1.0000  0.0000

        -1.0000  0.0000  0.0000  0.0000  -1.0000  0.0000  0.0000  0.0000
 nr. 47  0.0000  0.0000 -1.0000  0.0000   0.0000  0.0000 -1.0000  0.0000
         0.0000 -1.0000  0.0000  0.0000   0.0000 -1.0000  0.0000  0.0000

         1.0000  0.0000  0.0000  0.0000   1.0000  0.0000  0.0000  0.0000
 nr. 48  0.0000  0.0000  1.0000  0.0000   0.0000  0.0000  1.0000  0.0000
         0.0000  1.0000  0.0000  0.0000   0.0000  1.0000  0.0000  0.0000
 ***********************************************************************
  
           ===================================================
           ===       MPI PARALLELIZATION INFORMATION       ===
           ===================================================
           === TOTAL NUMBER OF K-POINTS          :      72 ===
           === K-POINT DIVISOR                   :       8 ===
           === TOTAL NUMBER OF BANDS             :      16 ===
           === BAND DIVISOR                      :       2 ===
           === TOTAL NUMBER OF G-VECTORS         :     303 ===
           === G-VECTOR DIVISOR                  :       1 ===
           ===================================================

 ***********************************************************************
                               ALLOCATION 
 ***********************************************************************
  NCPU  KNGP_FFT      KNGP       KNG     KNG1      KEG     KATM    KATM2
     0      1049       678       142      152        8        0        0
     1      1033       678       142      151        8        0        0
     2       957       678       142      152        8        0        0
     3       877       678       142      151        8        0        0
     4       737       678       142      152        8        0        0
     5       561       678       142      151        8        0        0
     6       357       678       142      152        8        0        0
     7       119       678       142      151        8        0        0
     8        28       678       142      152        8        0        0
     9       243       678       142      151        8        0        0
    10       459       678       142      152        8        0        0
    11       657       678       143      151        8        0        0
    12       813       678       143      152        8        0        0
    13       925       678       143      151        8        0        0
    14       993       678       143      152        8        0        0
    15      1041       679       143      151        8        1        1
 -----------------------------------------------------------------------
  NCPU    KFFTPM     KFFTP    KFFTP2     KFFT    KMESH     KNMP     KNNP
     0      4224      4224      2112     1050       93        2        2
     1      4224      4224      2112     1050       93        2        2
     2      4224      4224      2112     1050       93        2        2
     3      4224      4224      2112     1050       94        2        2
     4      4224      4224      2112     1050       94        2        2
     5      4224      4224      2112     1050       94        2        2
     6      4224      4224      2112     1050       94        2        2
     7      4224      4224      2112     1050       94        2        2
     8      4224      4224      2112     1050       94        2        2
     9      4224      4224      2112     1050       94        2        2
    10      4224      4224      2112     1050       94        2        2
    11      4224      4224      2112     1050       94        2        2
    12      4224      4224      2112     1050       94        2        2
    13      4224      4224      2112     1050       94        2        2
    14      4224      4224      2112     1050       94        2        2
    15      4224      4224      2112     1050       94        2        2
 ***********************************************************************
                            END OF ALLOCATION 
 ***********************************************************************

 ********   <<  Reading Potential >>  ******** 
 F_POT(01) = pot.Cu_pbe1
 29.0000 11.0000  6      1          : NATOMN IVAL ILOC ITPCC
 ggapbe                             : XCTYPE
  7.5900  3.0200  2.6959 -1.6959    : ALP CC
 1501    96.0000 60.0000            : NMESH XH RMAX
 VALL is read from unit 37
    1   2   1                       : IL ITAU(IL1) IVAN(IL1)
    2   2   1                       : IL ITAU(IL1) IVAN(IL1)
    3   2   1                       : IL ITAU(IL1) IVAN(IL1)
    1   1   1   1   1   1  1135   8 : MM L1 T1 L2 T2 L3 NRC MORD
    2   1   1   1   2   1  1135   8 : MM L1 T1 L2 T2 L3 NRC MORD
    3   1   1   2   1   2  1135   8 : MM L1 T1 L2 T2 L3 NRC MORD
    4   1   1   2   2   2  1135   8 : MM L1 T1 L2 T2 L3 NRC MORD
    5   1   1   3   1   3  1135   8 : MM L1 T1 L2 T2 L3 NRC MORD
    6   1   1   3   2   3  1135   8 : MM L1 T1 L2 T2 L3 NRC MORD
    7   1   2   1   2   1  1135   8 : MM L1 T1 L2 T2 L3 NRC MORD
    8   1   2   2   1   2  1135   8 : MM L1 T1 L2 T2 L3 NRC MORD
    9   1   2   2   2   2  1135   8 : MM L1 T1 L2 T2 L3 NRC MORD
   10   1   2   3   1   3  1135   8 : MM L1 T1 L2 T2 L3 NRC MORD
   11   1   2   3   2   3  1135   8 : MM L1 T1 L2 T2 L3 NRC MORD
   12   2   1   2   1   1  1135   8 : MM L1 T1 L2 T2 L3 NRC MORD
   13   2   1   2   1   3  1135   8 : MM L1 T1 L2 T2 L3 NRC MORD
   14   2   1   2   2   1  1135   8 : MM L1 T1 L2 T2 L3 NRC MORD
   15   2   1   2   2   3  1135   8 : MM L1 T1 L2 T2 L3 NRC MORD
   16   2   1   3   1   2  1135   8 : MM L1 T1 L2 T2 L3 NRC MORD
   17   2   1   3   1   4  1135   8 : MM L1 T1 L2 T2 L3 NRC MORD
   18   2   1   3   2   2  1135   8 : MM L1 T1 L2 T2 L3 NRC MORD
   19   2   1   3   2   4  1135   8 : MM L1 T1 L2 T2 L3 NRC MORD
   20   2   2   2   2   1  1135   8 : MM L1 T1 L2 T2 L3 NRC MORD
   21   2   2   2   2   3  1135   8 : MM L1 T1 L2 T2 L3 NRC MORD
   22   2   2   3   1   2  1135   8 : MM L1 T1 L2 T2 L3 NRC MORD
   23   2   2   3   1   4  1135   8 : MM L1 T1 L2 T2 L3 NRC MORD
   24   2   2   3   2   2  1135   8 : MM L1 T1 L2 T2 L3 NRC MORD
   25   2   2   3   2   4  1135   8 : MM L1 T1 L2 T2 L3 NRC MORD
   26   3   1   3   1   1  1135   8 : MM L1 T1 L2 T2 L3 NRC MORD
   27   3   1   3   1   3  1127   8 : MM L1 T1 L2 T2 L3 NRC MORD
   28   3   1   3   1   5  1135   8 : MM L1 T1 L2 T2 L3 NRC MORD
   29   3   1   3   2   1  1135   8 : MM L1 T1 L2 T2 L3 NRC MORD
   30   3   1   3   2   3  1135   8 : MM L1 T1 L2 T2 L3 NRC MORD
   31   3   1   3   2   5  1135   8 : MM L1 T1 L2 T2 L3 NRC MORD
   32   3   2   3   2   1  1135   8 : MM L1 T1 L2 T2 L3 NRC MORD
   33   3   2   3   2   3  1135   8 : MM L1 T1 L2 T2 L3 NRC MORD
   34   3   2   3   2   5  1135   8 : MM L1 T1 L2 T2 L3 NRC MORD
 CHGPC  =   8.48851088
 TOTAL ENERGY CORRECTION FROM PS     =     0.5005641414D+00
 TOTAL PARTIAL CHARGE         SCHGPC =         8.4885108817
 TOTAL LOCALIZED CHARGE (QLCTOT)     =         0.0000000000
 KQITG =    34
 NUMBER OF BANDS SHOULD BE GREATER THAN 6
 KLMT  =    18
 KLMTT =    18
 KLMTA =    18
 TOTCH =      11.000000000000
 NX NY NZ  =   4   4   4
 NNEIB     =     729
 ALF       =    2.633025
 NEWLDG    =     137

 ***********************************************************************
 *                                                                     *
 *                              START SCF                              *
 *                                                                     *
 ***********************************************************************

  NSCF NADR            ETOTAL          EDEL          CDEL CONV      TCPU
     1    0      -58.75851987   0.58759E+02   0.18531E-01    0      0.30
     2    0      -59.48311752   0.72460E+00   0.57496E-01    0      0.11
     3    1      -59.76282416   0.27971E+00   0.88934E-02    0      0.11
     4    2      -59.76535152   0.25274E-02   0.35002E-02    1      0.11
     5    3      -59.76526846   0.83062E-04   0.10100E-02    1      0.11
     6    4      -59.76531676   0.48307E-04   0.67930E-03    2      0.11
     7    5      -59.76535508   0.38319E-04   0.11720E-03    2      0.11
     8    6      -59.76535631   0.12305E-05   0.85893E-05    3      0.11
     9    7      -59.76535632   0.48475E-08   0.33133E-05    3      0.11
    10    8      -59.76535632   0.69430E-09   0.15703E-05    3      0.11
    11    9      -59.76535632   0.20543E-09   0.15560E-06    3      0.11
    12   10      -59.76535632   0.11362E-10   0.43121E-07    4      0.11
    13   11      -59.76535632   0.23924E-10   0.57518E-07    5      0.11
    14   12      -59.76535632   0.21203E-10   0.53351E-08    6      0.11
 
                                   TOTAL CHARGE DENSITY =     11.0000003

                     TOTAL ENERGY AND ITS COMPONENTS 
                  TOTAL ENERGY     =         -59.76535632 A.U.
                KINETIC ENERGY     =           6.33950721 A.U.
                HARTREE ENERGY     =          15.94788120 A.U.
                     XC ENERGY     =         -19.86863861 A.U.
                  LOCAL ENERGY     =         -16.97797441 A.U.
               NONLOCAL ENERGY     =          -4.65762559 A.U.
                  EWALD ENERGY     =         -40.54849659 A.U.
                     PC ENERGY     =           0.00000000 A.U.
               ENTROPIC ENERGY     =          -0.00000952 A.U.

                                         FERMI ENERGY =      -0.04633295
 NKP=    1  NGP=       283  K=(  0.00000  0.00000  0.00000)  WKP= 0.0006
                              EIGEN VALUE 
 -0.38577 -0.15458 -0.15458 -0.15458 -0.12475 -0.12475  0.82053  0.89712
  0.89712  0.89712  0.97641  0.97641  0.97641  1.11595  1.31472  1.31472
                               OCCUPATION 
  1.00000  1.00000  1.00000  1.00000  1.00000  1.00000  0.00000  0.00000
  0.00000  0.00000  0.00000  0.00000  0.00000  0.00000  0.00000  0.00000
 NKP=    2  NGP=       295  K=( -0.07654  0.07654  0.07654)  WKP= 0.0046
                              EIGEN VALUE 
 -0.37651 -0.15648 -0.15289 -0.15289 -0.12537 -0.12537  0.73601  0.84237
  0.86633  0.86633  1.02195  1.02195  1.05418  1.17736  1.22174  1.22174
                               OCCUPATION 
  1.00000  1.00000  1.00000  1.00000  1.00000  1.00000  0.00000  0.00000
  0.00000  0.00000  0.00000  0.00000  0.00000  0.00000  0.00000  0.00000
 NKP=    3  NGP=       295  K=( -0.15308  0.15308  0.15308)  WKP= 0.0046
                              EIGEN VALUE 
 -0.34948 -0.16088 -0.14952 -0.14952 -0.12563 -0.12563  0.57241  0.82685
  0.82685  0.82744  1.06108  1.08437  1.08437  1.13904  1.13904  1.31620
                               OCCUPATION 
  1.00000  1.00000  1.00000  1.00000  1.00000  1.00000  0.00000  0.00000
  0.00000  0.00000  0.00000  0.00000  0.00000  0.00000  0.00000  0.00000
 NKP=    4  NGP=       296  K=( -0.22962  0.22962  0.22962)  WKP= 0.0046
                              EIGEN VALUE 
 -0.30789 -0.16362 -0.14893 -0.14893 -0.12159 -0.12159  0.41563  0.79841
  0.79841  0.80614  1.01485  1.01485  1.06165  1.22361  1.22361  1.39883
                               OCCUPATION 
  1.00000  1.00000  1.00000  1.00000  1.00000  1.00000  0.00000  0.00000
  0.00000  0.00000  0.00000  0.00000  0.00000  0.00000  0.00000  0.00000
 NKP=    5  NGP=       290  K=( -0.30616  0.30616  0.30616)  WKP= 0.0046
                              EIGEN VALUE 
 -0.26234 -0.15412 -0.15173 -0.15173 -0.11365 -0.11365  0.27357  0.78188
  0.78217  0.78217  0.94429  0.94429  1.06650  1.34534  1.34534  1.48929
                               OCCUPATION 
  1.00000  1.00000  1.00000  1.00000  1.00000  1.00000  0.00000  0.00000
  0.00000  0.00000  0.00000  0.00000  0.00000  0.00000  0.00000  0.00000
 NKP=    6  NGP=       284  K=( -0.38270  0.38270  0.38270)  WKP= 0.0046
                              EIGEN VALUE 
 -0.23536 -0.15472 -0.15472 -0.11511 -0.10657 -0.10657  0.15437  0.76344
  0.77631  0.77631  0.89626  0.89626  1.07142  1.48261  1.48261  1.59262
                               OCCUPATION 
  1.00000  1.00000  1.00000  1.00000  1.00000  1.00000  0.00000  0.00000
  0.00000  0.00000  0.00000  0.00000  0.00000  0.00000  0.00000  0.00000
 NKP=    7  NGP=       272  K=( -0.45924  0.45924  0.45924)  WKP= 0.0023
                              EIGEN VALUE 
 -0.22933 -0.15591 -0.15591 -0.10379 -0.10379 -0.07891  0.09424  0.75667
  0.77579  0.77579  0.87855  0.87855  1.07334  1.59903  1.59903  1.65739
                               OCCUPATION 
  1.00000  1.00000  1.00000  1.00000  1.00000  1.00000  0.00000  0.00000
  0.00000  0.00000  0.00000  0.00000  0.00000  0.00000  0.00000  0.00000
 NKP=    8  NGP=       299  K=(  0.00000  0.00000  0.15308)  WKP= 0.0035
                              EIGEN VALUE 
 -0.37343 -0.15816 -0.15167 -0.15167 -0.12796 -0.12343  0.77396  0.80033
  0.80033  0.85196  1.04994  1.08463  1.08463  1.08636  1.21742  1.33403
                               OCCUPATION 
  1.00000  1.00000  1.00000  1.00000  1.00000  1.00000  0.00000  0.00000
  0.00000  0.00000  0.00000  0.00000  0.00000  0.00000  0.00000  0.00000
 NKP=    9  NGP=       297  K=( -0.07654  0.07654  0.22962)  WKP= 0.0139
                              EIGEN VALUE 
 -0.35234 -0.16253 -0.14824 -0.14805 -0.13057 -0.12212  0.63289  0.74862
  0.77708  0.88884  0.98000  1.06097  1.15502  1.16398  1.26127  1.30774
                               OCCUPATION 
  1.00000  1.00000  1.00000  1.00000  1.00000  1.00000  0.00000  0.00000
  0.00000  0.00000  0.00000  0.00000  0.00000  0.00000  0.00000  0.00000
 NKP=   10  NGP=       295  K=( -0.15308  0.15308  0.30616)  WKP= 0.0139
                              EIGEN VALUE 
 -0.31543 -0.16691 -0.14800 -0.14596 -0.12709 -0.11850  0.47293  0.71285
  0.75417  0.87666  0.96416  1.05646  1.13309  1.18020  1.28830  1.41045
                               OCCUPATION 
  1.00000  1.00000  1.00000  1.00000  1.00000  1.00000  0.00000  0.00000
  0.00000  0.00000  0.00000  0.00000  0.00000  0.00000  0.00000  0.00000
 NKP=   11  NGP=       298  K=( -0.22962  0.22962  0.38270)  WKP= 0.0139
                              EIGEN VALUE 
 -0.26992 -0.16538 -0.15237 -0.14759 -0.11463 -0.11172  0.32531  0.69400
  0.73419  0.80033  0.98306  1.05980  1.08730  1.21815  1.39908  1.50581
                               OCCUPATION 
  1.00000  1.00000  1.00000  1.00000  1.00000  1.00000  0.00000  0.00000
  0.00000  0.00000  0.00000  0.00000  0.00000  0.00000  0.00000  0.00000
 NKP=   12  NGP=       293  K=( -0.30616  0.30616  0.45924)  WKP= 0.0139
                              EIGEN VALUE 
 -0.23568 -0.15714 -0.15068 -0.14676 -0.10556 -0.09208  0.19611  0.69335
  0.70752  0.75388  0.97484  0.99869  1.11567  1.31382  1.52890  1.61088
                               OCCUPATION 
  1.00000  1.00000  1.00000  1.00000  1.00000  1.00000  0.00000  0.00000
  0.00000  0.00000  0.00000  0.00000  0.00000  0.00000  0.00000  0.00000
 NKP=   13  NGP=       287  K=( -0.38270  0.38270  0.53578)  WKP= 0.0139
                              EIGEN VALUE 
 -0.22494 -0.15904 -0.15281 -0.12798 -0.10362 -0.05335  0.10517  0.66899
  0.71223  0.74819  0.95389  0.97143  1.12824  1.44965  1.59933  1.63982
                               OCCUPATION 
  1.00000  1.00000  1.00000  1.00000  1.00000  1.00000  0.00000  0.00000
  0.00000  0.00000  0.00000  0.00000  0.00000  0.00000  0.00000  0.00000
 NKP=   14  NGP=       289  K=( -0.45924  0.45924  0.61232)  WKP= 0.0139
                              EIGEN VALUE 
 -0.22660 -0.15813 -0.15278 -0.13030 -0.10726 -0.06457  0.12802  0.64111
  0.75120  0.76422  0.92577  0.97637  1.13807  1.45387  1.52012  1.60028
                               OCCUPATION 
  1.00000  1.00000  1.00000  1.00000  1.00000  1.00000  0.00000  0.00000
  0.00000  0.00000  0.00000  0.00000  0.00000  0.00000  0.00000  0.00000
 NKP=   15  NGP=       293  K=( -0.53578  0.53578  0.68887)  WKP= 0.0139
                              EIGEN VALUE 
 -0.24413 -0.15483 -0.15348 -0.15045 -0.11546 -0.09513  0.23673  0.63006
  0.79662  0.80903  0.91452  0.98371  1.15242  1.30904  1.39930  1.61598
                               OCCUPATION 
  1.00000  1.00000  1.00000  1.00000  1.00000  1.00000  0.00000  0.00000
  0.00000  0.00000  0.00000  0.00000  0.00000  0.00000  0.00000  0.00000
 NKP=   16  NGP=       295  K=( -0.61232  0.61232  0.76541)  WKP= 0.0139
                              EIGEN VALUE 
 -0.28506 -0.16618 -0.15062 -0.14697 -0.12512 -0.10971  0.37299  0.63585
  0.84159  0.87824  0.92527  0.98323  1.17582  1.17894  1.30688  1.50704
                               OCCUPATION 
  1.00000  1.00000  1.00000  1.00000  1.00000  1.00000  0.00000  0.00000
  0.00000  0.00000  0.00000  0.00000  0.00000  0.00000  0.00000  0.00000
 NKP=   17  NGP=       298  K=( -0.68887  0.68887  0.84195)  WKP= 0.0139
                              EIGEN VALUE 
 -0.32922 -0.16473 -0.14836 -0.14628 -0.13052 -0.11896  0.52521  0.65765
  0.88385  0.92018  0.97731  0.99223  1.06702  1.19689  1.25734  1.40435
                               OCCUPATION 
  1.00000  1.00000  1.00000  1.00000  1.00000  1.00000  0.00000  0.00000
  0.00000  0.00000  0.00000  0.00000  0.00000  0.00000  0.00000  0.00000
 NKP=   18  NGP=       295  K=( -0.76541  0.76541  0.91849)  WKP= 0.0069
                              EIGEN VALUE 
 -0.36131 -0.15985 -0.15034 -0.15004 -0.12860 -0.12337  0.67646  0.70666
  0.88180  0.93034  0.99148  1.00342  1.10056  1.19272  1.19425  1.30159
                               OCCUPATION 
  1.00000  1.00000  1.00000  1.00000  1.00000  1.00000  0.00000  0.00000
  0.00000  0.00000  0.00000  0.00000  0.00000  0.00000  0.00000  0.00000
 NKP=   19  NGP=       295  K=(  0.00000  0.00000  0.30616)  WKP= 0.0035
                              EIGEN VALUE 
 -0.33765 -0.16779 -0.14321 -0.14321 -0.13587 -0.11979  0.68666  0.68666
  0.70973  0.77094  0.89338  1.19392  1.22845  1.22845  1.32854  1.39657
                               OCCUPATION 
  1.00000  1.00000  1.00000  1.00000  1.00000  1.00000  0.00000  0.00000
  0.00000  0.00000  0.00000  0.00000  0.00000  0.00000  0.00000  0.00000
 NKP=   20  NGP=       297  K=( -0.07654  0.07654  0.38270)  WKP= 0.0139
                              EIGEN VALUE 
 -0.30703 -0.17359 -0.14526 -0.13879 -0.13044 -0.11650  0.54243  0.64206
  0.70643  0.75736  0.85822  1.19063  1.25619  1.28751  1.37460  1.45127
                               OCCUPATION 
  1.00000  1.00000  1.00000  1.00000  1.00000  1.00000  0.00000  0.00000
  0.00000  0.00000  0.00000  0.00000  0.00000  0.00000  0.00000  0.00000
 NKP=   21  NGP=       294  K=( -0.15308  0.15308  0.45924)  WKP= 0.0139
                              EIGEN VALUE 
 -0.26582 -0.17697 -0.15272 -0.13859 -0.11226 -0.11036  0.39151  0.61623
  0.65659  0.72249  0.94915  1.15686  1.19108  1.29466  1.46776  1.55810
                               OCCUPATION 
  1.00000  1.00000  1.00000  1.00000  1.00000  1.00000  0.00000  0.00000
  0.00000  0.00000  0.00000  0.00000  0.00000  0.00000  0.00000  0.00000
 NKP=   22  NGP=       291  K=( -0.22962  0.22962  0.53578)  WKP= 0.0139
                              EIGEN VALUE 
 -0.22903 -0.17337 -0.15743 -0.14124 -0.10459 -0.07987  0.25460  0.59286
  0.61074  0.71047  1.06838  1.12602  1.13016  1.29694  1.59147  1.66583
                               OCCUPATION 
  1.00000  1.00000  1.00000  1.00000  1.00000  1.00000  0.00000  0.00000
  0.00000  0.00000  0.00000  0.00000  0.00000  0.00000  0.00000  0.00000
 NKP=   23  NGP=       293  K=( -0.30616  0.30616  0.61232)  WKP= 0.0139
                              EIGEN VALUE 
 -0.21377 -0.16917 -0.15130 -0.14404 -0.10309 -0.02576  0.14119  0.53939
  0.62684  0.71362  1.07525  1.09397  1.21214  1.31415  1.60459  1.65415
                               OCCUPATION 
  1.00000  1.00000  1.00000  1.00000  1.00000  0.00000  0.00000  0.00000
  0.00000  0.00000  0.00000  0.00000  0.00000  0.00000  0.00000  0.00000
 NKP=   24  NGP=       290  K=( -0.38270  0.38270  0.68887)  WKP= 0.0139
                              EIGEN VALUE 
 -0.21168 -0.16752 -0.14813 -0.14533 -0.10733 -0.00631  0.11539  0.50195
  0.66460  0.73126  1.04033  1.07454  1.28731  1.40540  1.44316  1.52828
                               OCCUPATION 
  1.00000  1.00000  1.00000  1.00000  1.00000  0.00000  0.00000  0.00000
  0.00000  0.00000  0.00000  0.00000  0.00000  0.00000  0.00000  0.00000
 NKP=   25  NGP=       295  K=( -0.45924  0.45924  0.76541)  WKP= 0.0139
                              EIGEN VALUE 
 -0.21983 -0.16304 -0.16007 -0.14437 -0.11631 -0.05664  0.21430  0.48239
  0.72265  0.76497  1.02145  1.05130  1.29143  1.30132  1.41184  1.58517
                               OCCUPATION 
  1.00000  1.00000  1.00000  1.00000  1.00000  1.00000  0.00000  0.00000
  0.00000  0.00000  0.00000  0.00000  0.00000  0.00000  0.00000  0.00000
 NKP=   26  NGP=       295  K=( -0.53578  0.53578  0.84195)  WKP= 0.0139
                              EIGEN VALUE 
 -0.25066 -0.17100 -0.15641 -0.14119 -0.12753 -0.08873  0.34494  0.48125
  0.79863  0.81570  1.01438  1.01861  1.15383  1.26402  1.39984  1.65013
                               OCCUPATION 
  1.00000  1.00000  1.00000  1.00000  1.00000  1.00000  0.00000  0.00000
  0.00000  0.00000  0.00000  0.00000  0.00000  0.00000  0.00000  0.00000
 NKP=   27  NGP=       295  K=( -0.61232  0.61232  0.91849)  WKP= 0.0069
                              EIGEN VALUE 
 -0.29381 -0.16987 -0.15063 -0.13906 -0.13549 -0.10718  0.48140  0.50849
  0.88065  0.88961  0.96124  1.02444  1.03880  1.22536  1.39574  1.49973
                               OCCUPATION 
  1.00000  1.00000  1.00000  1.00000  1.00000  1.00000  0.00000  0.00000
  0.00000  0.00000  0.00000  0.00000  0.00000  0.00000  0.00000  0.00000
 NKP=   28  NGP=       303  K=(  0.00000  0.00000  0.45924)  WKP= 0.0035
                              EIGEN VALUE 
 -0.28437 -0.18067 -0.14120 -0.13035 -0.13035 -0.11479  0.58839  0.58839
  0.63668  0.66034  0.76907  1.36195  1.36195  1.37260  1.45322  1.46049
                               OCCUPATION 
  1.00000  1.00000  1.00000  1.00000  1.00000  1.00000  0.00000  0.00000
  0.00000  0.00000  0.00000  0.00000  0.00000  0.00000  0.00000  0.00000
 NKP=   29  NGP=       297  K=( -0.07654  0.07654  0.53578)  WKP= 0.0139
                              EIGEN VALUE 
 -0.25273 -0.18618 -0.14467 -0.12661 -0.11260 -0.10998  0.46756  0.55412
  0.55455  0.67701  0.79709  1.33456  1.33524  1.44012  1.53236  1.61157
                               OCCUPATION 
  1.00000  1.00000  1.00000  1.00000  1.00000  1.00000  0.00000  0.00000
  0.00000  0.00000  0.00000  0.00000  0.00000  0.00000  0.00000  0.00000
 NKP=   30  NGP=       292  K=( -0.15308  0.15308  0.61232)  WKP= 0.0139
                              EIGEN VALUE 
 -0.22304 -0.18785 -0.15014 -0.12823 -0.10399 -0.07322  0.32888  0.48020
  0.54155  0.67833  0.90595  1.26769  1.28786  1.45557  1.66179  1.73728
                               OCCUPATION 
  1.00000  1.00000  1.00000  1.00000  1.00000  1.00000  0.00000  0.00000
  0.00000  0.00000  0.00000  0.00000  0.00000  0.00000  0.00000  0.00000
 NKP=   31  NGP=       290  K=( -0.22962  0.22962  0.68887)  WKP= 0.0139
                              EIGEN VALUE 
 -0.20578 -0.18503 -0.15350 -0.13132 -0.10232 -0.00868  0.20397  0.42021
  0.55216  0.68259  1.04186  1.21168  1.24742  1.46635  1.62037  1.67793
                               OCCUPATION 
  1.00000  1.00000  1.00000  1.00000  1.00000  0.00000  0.00000  0.00000
  0.00000  0.00000  0.00000  0.00000  0.00000  0.00000  0.00000  0.00000
 NKP=   32  NGP=       288  K=( -0.30616  0.30616  0.76541)  WKP= 0.0139
                              EIGEN VALUE 
 -0.19820 -0.18105 -0.15637 -0.13400 -0.10654  0.05788  0.11995  0.37661
  0.58572  0.69706  1.17089  1.17130  1.23421  1.45160  1.46616  1.55299
                               OCCUPATION 
  1.00000  1.00000  1.00000  1.00000  1.00000  0.00000  0.00000  0.00000
  0.00000  0.00000  0.00000  0.00000  0.00000  0.00000  0.00000  0.00000
 NKP=   33  NGP=       289  K=( -0.38270  0.38270  0.84195)  WKP= 0.0139
                              EIGEN VALUE 
 -0.19784 -0.17475 -0.16488 -0.13549 -0.11519  0.00018  0.20315  0.35155
  0.64014  0.72435  1.14536  1.15275  1.29623  1.34825  1.41757  1.54255
                               OCCUPATION 
  1.00000  1.00000  1.00000  1.00000  1.00000  0.00000  0.00000  0.00000
  0.00000  0.00000  0.00000  0.00000  0.00000  0.00000  0.00000  0.00000
 NKP=   34  NGP=       295  K=( -0.45924  0.45924  0.91849)  WKP= 0.0069
                              EIGEN VALUE 
 -0.21514 -0.17279 -0.16542 -0.13653 -0.12446 -0.05493  0.31394  0.35944
  0.71230  0.76540  1.08905  1.12366  1.16759  1.30378  1.54660  1.57584
                               OCCUPATION 
  1.00000  1.00000  1.00000  1.00000  1.00000  1.00000  0.00000  0.00000
  0.00000  0.00000  0.00000  0.00000  0.00000  0.00000  0.00000  0.00000
 NKP=   35  NGP=       302  K=(  0.00000  0.00000  0.61232)  WKP= 0.0035
                              EIGEN VALUE 
 -0.23676 -0.19322 -0.11950 -0.11564 -0.11564 -0.10973  0.46021  0.51098
  0.51098  0.62726  0.72450  1.48349  1.48349  1.50457  1.57824  1.58036
                               OCCUPATION 
  1.00000  1.00000  1.00000  1.00000  1.00000  1.00000  0.00000  0.00000
  0.00000  0.00000  0.00000  0.00000  0.00000  0.00000  0.00000  0.00000
 NKP=   36  NGP=       295  K=( -0.07654  0.07654  0.68887)  WKP= 0.0139
                              EIGEN VALUE 
 -0.22294 -0.19688 -0.12424 -0.11471 -0.10401 -0.06896  0.38120  0.41317
  0.49007  0.64740  0.76373  1.42216  1.45590  1.64162  1.65808  1.72751
                               OCCUPATION 
  1.00000  1.00000  1.00000  1.00000  1.00000  1.00000  0.00000  0.00000
  0.00000  0.00000  0.00000  0.00000  0.00000  0.00000  0.00000  0.00000
 NKP=   37  NGP=       290  K=( -0.15308  0.15308  0.76541)  WKP= 0.0139
                              EIGEN VALUE 
 -0.21161 -0.19608 -0.13409 -0.11769 -0.10136  0.00153  0.28726  0.32003
  0.49366  0.65848  0.88035  1.35923  1.39976  1.64960  1.65986  1.71432
                               OCCUPATION 
  1.00000  1.00000  1.00000  1.00000  1.00000  0.00000  0.00000  0.00000
  0.00000  0.00000  0.00000  0.00000  0.00000  0.00000  0.00000  0.00000
 NKP=   38  NGP=       288  K=( -0.22962  0.22962  0.84195)  WKP= 0.0139
                              EIGEN VALUE 
 -0.20109 -0.19174 -0.14603 -0.12168 -0.10469  0.08760  0.17477  0.27669
  0.52173  0.67082  1.02727  1.30768  1.34051  1.48435  1.55031  1.70362
                               OCCUPATION 
  1.00000  1.00000  1.00000  1.00000  1.00000  0.00000  0.00000  0.00000
  0.00000  0.00000  0.00000  0.00000  0.00000  0.00000  0.00000  0.00000
 NKP=   39  NGP=       284  K=( -0.30616  0.30616  0.91849)  WKP= 0.0069
                              EIGEN VALUE 
 -0.19187 -0.18565 -0.15903 -0.12723 -0.11091  0.07634  0.17493  0.26939
  0.57181  0.69214  1.19134  1.25222  1.25976  1.34944  1.44896  1.72714
                               OCCUPATION 
  1.00000  1.00000  1.00000  1.00000  1.00000  0.00000  0.00000  0.00000
  0.00000  0.00000  0.00000  0.00000  0.00000  0.00000  0.00000  0.00000
 NKP=   40  NGP=       290  K=(  0.00000  0.00000  0.76541)  WKP= 0.0035
                              EIGEN VALUE 
 -0.22295 -0.20221 -0.10600 -0.10336 -0.10336 -0.04643  0.30213  0.46039
  0.46039  0.60854  0.70528  1.56353  1.61193  1.61193  1.66882  1.81480
                               OCCUPATION 
  1.00000  1.00000  1.00000  1.00000  1.00000  0.53920  0.00000  0.00000
  0.00000  0.00000  0.00000  0.00000  0.00000  0.00000  0.00000  0.00000
 NKP=   41  NGP=       297  K=( -0.07654  0.07654  0.84195)  WKP= 0.0139
                              EIGEN VALUE 
 -0.21937 -0.20295 -0.10961 -0.10761 -0.09993  0.00919  0.24600  0.38241
  0.45580  0.63384  0.74913  1.50852  1.56553  1.69533  1.73791  1.80444
                               OCCUPATION 
  1.00000  1.00000  1.00000  1.00000  1.00000  0.00000  0.00000  0.00000
  0.00000  0.00000  0.00000  0.00000  0.00000  0.00000  0.00000  0.00000
 NKP=   42  NGP=       288  K=( -0.15308  0.15308  0.91849)  WKP= 0.0069
                              EIGEN VALUE 
 -0.21163 -0.19896 -0.12656 -0.11232 -0.10170  0.06655  0.22640  0.27450
  0.47705  0.65238  0.87212  1.42735  1.47174  1.56343  1.62035  1.90848
                               OCCUPATION 
  1.00000  1.00000  1.00000  1.00000  1.00000  0.00000  0.00000  0.00000
  0.00000  0.00000  0.00000  0.00000  0.00000  0.00000  0.00000  0.00000
 NKP=   43  NGP=       302  K=(  0.00000  0.00000  0.91849)  WKP= 0.0017
                              EIGEN VALUE 
 -0.22226 -0.20546 -0.10464 -0.09849 -0.09849  0.01311  0.21744  0.44261
  0.44261  0.60251  0.69978  1.59753  1.70864  1.74105  1.74105  1.77294
                               OCCUPATION 
  1.00000  1.00000  1.00000  1.00000  1.00000  0.00000  0.00000  0.00000
  0.00000  0.00000  0.00000  0.00000  0.00000  0.00000  0.00000  0.00000
 NKP=   44  NGP=       296  K=( -0.00000  0.15308  0.30616)  WKP= 0.0139
                              EIGEN VALUE 
 -0.32626 -0.16776 -0.14698 -0.14283 -0.13285 -0.11798  0.58066  0.60511
  0.83336  0.84049  0.92480  1.09905  1.10215  1.26551  1.31900  1.41197
                               OCCUPATION 
  1.00000  1.00000  1.00000  1.00000  1.00000  1.00000  0.00000  0.00000
  0.00000  0.00000  0.00000  0.00000  0.00000  0.00000  0.00000  0.00000
 NKP=   45  NGP=       295  K=( -0.07654  0.22962  0.38270)  WKP= 0.0278
                              EIGEN VALUE 
 -0.28647 -0.17199 -0.15134 -0.14036 -0.12785 -0.10815  0.43489  0.56742
  0.76699  0.83953  0.96904  1.04343  1.13405  1.28513  1.35387  1.54923
                               OCCUPATION 
  1.00000  1.00000  1.00000  1.00000  1.00000  1.00000  0.00000  0.00000
  0.00000  0.00000  0.00000  0.00000  0.00000  0.00000  0.00000  0.00000
 NKP=   46  NGP=       291  K=( -0.15308  0.30616  0.45924)  WKP= 0.0278
                              EIGEN VALUE 
 -0.24382 -0.16934 -0.15740 -0.14310 -0.11633 -0.09014  0.29257  0.55648
  0.69472  0.81923  0.98072  1.07401  1.15685  1.28374  1.42689  1.66390
                               OCCUPATION 
  1.00000  1.00000  1.00000  1.00000  1.00000  1.00000  0.00000  0.00000
  0.00000  0.00000  0.00000  0.00000  0.00000  0.00000  0.00000  0.00000
 NKP=   47  NGP=       291  K=( -0.22962  0.38270  0.53578)  WKP= 0.0278
                              EIGEN VALUE 
 -0.22015 -0.16389 -0.15250 -0.14577 -0.10767 -0.05283  0.17002  0.56319
  0.63536  0.80444  0.95506  1.10391  1.21233  1.30953  1.54480  1.59795
                               OCCUPATION 
  1.00000  1.00000  1.00000  1.00000  1.00000  1.00002  0.00000  0.00000
  0.00000  0.00000  0.00000  0.00000  0.00000  0.00000  0.00000  0.00000
 NKP=   48  NGP=       288  K=( -0.30616  0.45924  0.61232)  WKP= 0.0139
                              EIGEN VALUE 
 -0.21536 -0.16542 -0.14752 -0.14310 -0.10495 -0.01293  0.10158  0.58080
  0.59979  0.79905  0.94607  1.10593  1.22532  1.41481  1.45513  1.64767
                               OCCUPATION 
  1.00000  1.00000  1.00000  1.00000  1.00000  0.00000  0.00000  0.00000
  0.00000  0.00000  0.00000  0.00000  0.00000  0.00000  0.00000  0.00000
 NKP=   49  NGP=       298  K=(  0.00000  0.15308  0.45924)  WKP= 0.0139
                              EIGEN VALUE 
 -0.27447 -0.17929 -0.15015 -0.13031 -0.12645 -0.10844  0.49932  0.51996
  0.65594  0.76797  0.84634  1.18565  1.27296  1.39800  1.42583  1.52728
                               OCCUPATION 
  1.00000  1.00000  1.00000  1.00000  1.00000  1.00000  0.00000  0.00000
  0.00000  0.00000  0.00000  0.00000  0.00000  0.00000  0.00000  0.00000
 NKP=   50  NGP=       293  K=( -0.07654  0.22962  0.53578)  WKP= 0.0278
                              EIGEN VALUE 
 -0.23681 -0.18188 -0.15722 -0.13055 -0.11497 -0.08682  0.36287  0.49425
  0.57709  0.78076  0.92747  1.12703  1.28924  1.40884  1.49887  1.67291
                               OCCUPATION 
  1.00000  1.00000  1.00000  1.00000  1.00000  1.00000  0.00000  0.00000
  0.00000  0.00000  0.00000  0.00000  0.00000  0.00000  0.00000  0.00000
 NKP=   51  NGP=       294  K=( -0.15308  0.30616  0.61232)  WKP= 0.0278
                              EIGEN VALUE 
 -0.21065 -0.17886 -0.16089 -0.13406 -0.10657 -0.04116  0.23179  0.49372
  0.51371  0.78076  1.02479  1.10878  1.27473  1.39847  1.59720  1.62213
                               OCCUPATION 
  1.00000  1.00000  1.00000  1.00000  1.00000 -0.00078  0.00000  0.00000
  0.00000  0.00000  0.00000  0.00000  0.00000  0.00000  0.00000  0.00000
 NKP=   52  NGP=       292  K=( -0.22962  0.38270  0.68887)  WKP= 0.0278
                              EIGEN VALUE 
 -0.20190 -0.17707 -0.15709 -0.13728 -0.10507  0.02554  0.12736  0.45962
  0.51938  0.79138  1.01862  1.22350  1.25629  1.38440  1.45118  1.67883
                               OCCUPATION 
  1.00000  1.00000  1.00000  1.00000  1.00000  0.00000  0.00000  0.00000
  0.00000  0.00000  0.00000  0.00000  0.00000  0.00000  0.00000  0.00000
 NKP=   53  NGP=       290  K=( -0.30616  0.45924  0.76541)  WKP= 0.0278
                              EIGEN VALUE 
 -0.20164 -0.17461 -0.16018 -0.13776 -0.10929  0.00575  0.15709  0.42747
  0.55905  0.81695  0.99563  1.22331  1.27148  1.38727  1.43141  1.55788
                               OCCUPATION 
  1.00000  1.00000  1.00000  1.00000  1.00000  0.00000  0.00000  0.00000
  0.00000  0.00000  0.00000  0.00000  0.00000  0.00000  0.00000  0.00000
 NKP=   54  NGP=       289  K=( -0.38270  0.53578  0.84195)  WKP= 0.0278
                              EIGEN VALUE 
 -0.21384 -0.17349 -0.16621 -0.13531 -0.11828 -0.05281  0.27393  0.41383
  0.61573  0.85881  0.97304  1.12588  1.22182  1.39484  1.47921  1.58680
                               OCCUPATION 
  1.00000  1.00000  1.00000  1.00000  1.00000  1.00002  0.00000  0.00000
  0.00000  0.00000  0.00000  0.00000  0.00000  0.00000  0.00000  0.00000
 NKP=   55  NGP=       296  K=( -0.45924  0.61232  0.91849)  WKP= 0.0139
                              EIGEN VALUE 
 -0.24771 -0.17592 -0.15847 -0.13246 -0.12921 -0.08775  0.39896  0.43046
  0.68706  0.91313  0.92401  1.05383  1.18239  1.32802  1.47596  1.57298
                               OCCUPATION 
  1.00000  1.00000  1.00000  1.00000  1.00000  1.00000  0.00000  0.00000
  0.00000  0.00000  0.00000  0.00000  0.00000  0.00000  0.00000  0.00000
 NKP=   56  NGP=       299  K=( -0.00000  0.15308  0.61232)  WKP= 0.0139
                              EIGEN VALUE 
 -0.22892 -0.19073 -0.14422 -0.11571 -0.11404 -0.08466  0.43454  0.45146
  0.47462  0.72148  0.80195  1.27289  1.45571  1.53078  1.55269  1.66369
                               OCCUPATION 
  1.00000  1.00000  1.00000  1.00000  1.00000  1.00000  0.00000  0.00000
  0.00000  0.00000  0.00000  0.00000  0.00000  0.00000  0.00000  0.00000
 NKP=   57  NGP=       294  K=( -0.07654  0.22962  0.68887)  WKP= 0.0278
                              EIGEN VALUE 
 -0.21084 -0.19106 -0.14904 -0.11957 -0.10557 -0.03173  0.31071  0.40036
  0.44329  0.74532  0.89648  1.21219  1.44563  1.56226  1.62443  1.68487
                               OCCUPATION 
  1.00000  1.00000  1.00000  1.00000  1.00000  0.00000  0.00000  0.00000
  0.00000  0.00000  0.00000  0.00000  0.00000  0.00000  0.00000  0.00000
 NKP=   58  NGP=       292  K=( -0.15308  0.30616  0.76541)  WKP= 0.0278
                              EIGEN VALUE 
 -0.19931 -0.18812 -0.15463 -0.12488 -0.10358  0.04571  0.19203  0.34678
  0.45915  0.75831  1.03230  1.16501  1.40484  1.45144  1.58392  1.71329
                               OCCUPATION 
  1.00000  1.00000  1.00000  1.00000  1.00000  0.00000  0.00000  0.00000
  0.00000  0.00000  0.00000  0.00000  0.00000  0.00000  0.00000  0.00000
 NKP=   59  NGP=       286  K=( -0.22962  0.38270  0.84195)  WKP= 0.0278
                              EIGEN VALUE 
 -0.19003 -0.18573 -0.16213 -0.12877 -0.10760  0.08098  0.15223  0.31121
  0.49520  0.78214  1.10552  1.19867  1.30308  1.36777  1.55187  1.63295
                               OCCUPATION 
  1.00000  1.00000  1.00000  1.00000  1.00000  0.00000  0.00000  0.00000
  0.00000  0.00000  0.00000  0.00000  0.00000  0.00000  0.00000  0.00000
 NKP=   60  NGP=       283  K=( -0.30616  0.45924  0.91849)  WKP= 0.0139
                              EIGEN VALUE 
 -0.19226 -0.17743 -0.17185 -0.13051 -0.11468  0.00417  0.24672  0.31033
  0.54825  0.81943  1.05389  1.17355  1.30827  1.38173  1.46373  1.64052
                               OCCUPATION 
  1.00000  1.00000  1.00000  1.00000  1.00000  0.00000  0.00000  0.00000
  0.00000  0.00000  0.00000  0.00000  0.00000  0.00000  0.00000  0.00000
 NKP=   61  NGP=       290  K=(  0.00000  0.15308  0.76541)  WKP= 0.0139
                              EIGEN VALUE 
 -0.21681 -0.19897 -0.12543 -0.10867 -0.10340 -0.01827  0.31035  0.39136
  0.41244  0.69462  0.77910  1.36754  1.61451  1.62005  1.66758  1.74509
                               OCCUPATION 
  1.00000  1.00000  1.00000  1.00000  1.00000  0.00000  0.00000  0.00000
  0.00000  0.00000  0.00000  0.00000  0.00000  0.00000  0.00000  0.00000
 NKP=   62  NGP=       290  K=( -0.07654  0.22962  0.84195)  WKP= 0.0278
                              EIGEN VALUE 
 -0.20907 -0.19631 -0.13552 -0.11454 -0.10062  0.05376  0.25856  0.28395
  0.41465  0.72850  0.88145  1.30210  1.49564  1.55915  1.73354  1.79226
                               OCCUPATION 
  1.00000  1.00000  1.00000  1.00000  1.00000  0.00000  0.00000  0.00000
  0.00000  0.00000  0.00000  0.00000  0.00000  0.00000  0.00000  0.00000
 NKP=   63  NGP=       290  K=( -0.15308  0.30616  0.91849)  WKP= 0.0139
                              EIGEN VALUE 
 -0.19931 -0.19046 -0.14991 -0.12123 -0.10333  0.12458  0.17401  0.24763
  0.44593  0.75106  1.02927  1.22384  1.36577  1.48154  1.62367  1.83130
                               OCCUPATION 
  1.00000  1.00000  1.00000  1.00000  1.00000  0.00000  0.00000  0.00000
  0.00000  0.00000  0.00000  0.00000  0.00000  0.00000  0.00000  0.00000
 NKP=   64  NGP=       294  K=(  0.00000  0.15308  0.91849)  WKP= 0.0069
                              EIGEN VALUE 
 -0.21669 -0.20196 -0.11665 -0.10880 -0.09849  0.04231  0.22222  0.37598
  0.39716  0.68590  0.77218  1.43464  1.57946  1.66622  1.74668  1.78597
                               OCCUPATION 
  1.00000  1.00000  1.00000  1.00000  1.00000  0.00000  0.00000  0.00000
  0.00000  0.00000  0.00000  0.00000  0.00000  0.00000  0.00000  0.00000
 NKP=   65  NGP=       288  K=( -0.00000  0.30616  0.61232)  WKP= 0.0139
                              EIGEN VALUE 
 -0.20936 -0.18335 -0.16459 -0.12290 -0.11568 -0.04631  0.33462  0.37324
  0.50103  0.87512  0.92451  1.08532  1.37933  1.49764  1.57850  1.59931
                               OCCUPATION 
  1.00000  1.00000  1.00000  1.00000  1.00000  0.49167  0.00000  0.00000
  0.00000  0.00000  0.00000  0.00000  0.00000  0.00000  0.00000  0.00000
 NKP=   66  NGP=       290  K=( -0.07654  0.38270  0.68887)  WKP= 0.0278
                              EIGEN VALUE 
 -0.19426 -0.18149 -0.16851 -0.12705 -0.10786  0.01795  0.22276  0.36763
  0.43998  0.89028  0.97757  1.10905  1.40653  1.42263  1.54642  1.63762
                               OCCUPATION 
  1.00000  1.00000  1.00000  1.00000  1.00000  0.00000  0.00000  0.00000
  0.00000  0.00000  0.00000  0.00000  0.00000  0.00000  0.00000  0.00000
 NKP=   67  NGP=       286  K=( -0.15308  0.45924  0.76541)  WKP= 0.0139
                              EIGEN VALUE 
 -0.18731 -0.18632 -0.16556 -0.12980 -0.10486  0.08782  0.13318  0.38983
  0.39949  0.88855  0.98684  1.20380  1.27998  1.42402  1.54516  1.73412
                               OCCUPATION 
  1.00000  1.00000  1.00000  1.00000  1.00000  0.00000  0.00000  0.00000
  0.00000  0.00000  0.00000  0.00000  0.00000  0.00000  0.00000  0.00000
 NKP=   68  NGP=       289  K=(  0.00000  0.30616  0.76541)  WKP= 0.0139
                              EIGEN VALUE 
 -0.20193 -0.18910 -0.15455 -0.11874 -0.10349  0.03335  0.29216  0.33155
  0.34384  0.84531  0.92179  1.15455  1.44420  1.58990  1.64493  1.71276
                               OCCUPATION 
  1.00000  1.00000  1.00000  1.00000  1.00000  0.00000  0.00000  0.00000
  0.00000  0.00000  0.00000  0.00000  0.00000  0.00000  0.00000  0.00000
 NKP=   69  NGP=       287  K=( -0.07654  0.38270  0.84195)  WKP= 0.0278
                              EIGEN VALUE 
 -0.19563 -0.18345 -0.16237 -0.12440 -0.10088  0.11674  0.19422  0.29134
  0.34508  0.88589  1.02933  1.10757  1.28968  1.58886  1.70089  1.79169
                               OCCUPATION 
  1.00000  1.00000  1.00000  1.00000  1.00000  0.00000  0.00000  0.00000
  0.00000  0.00000  0.00000  0.00000  0.00000  0.00000  0.00000  0.00000
 NKP=   70  NGP=       286  K=( -0.15308  0.45924  0.91849)  WKP= 0.0139
                              EIGEN VALUE 
 -0.19100 -0.17736 -0.17246 -0.12644 -0.10356  0.09643  0.20160  0.28168
  0.38383  0.91415  1.02280  1.12531  1.25858  1.53098  1.65075  1.75616
                               OCCUPATION 
  1.00000  1.00000  1.00000  1.00000  1.00000  0.00000  0.00000  0.00000
  0.00000  0.00000  0.00000  0.00000  0.00000  0.00000  0.00000  0.00000
 NKP=   71  NGP=       290  K=(  0.00000  0.30616  0.91849)  WKP= 0.0069
                              EIGEN VALUE 
 -0.20352 -0.19125 -0.14702 -0.11919 -0.09846  0.10551  0.23813  0.27705
  0.32681  0.83540  0.91949  1.21323  1.35923  1.69967  1.76053  1.80799
                               OCCUPATION 
  1.00000  1.00000  1.00000  1.00000  1.00000  0.00000  0.00000  0.00000
  0.00000  0.00000  0.00000  0.00000  0.00000  0.00000  0.00000  0.00000
 NKP=   72  NGP=       280  K=(  0.00000  0.45924  0.91849)  WKP= 0.0035
                              EIGEN VALUE 
 -0.19522 -0.17290 -0.17290 -0.12609 -0.09845  0.18527  0.18527  0.26222
  0.28167  1.01238  1.01238  1.04072  1.21544  1.75695  1.75695  1.76964
                               OCCUPATION 
  1.00000  1.00000  1.00000  1.00000  1.00000  0.00000  0.00000  0.00000
  0.00000  0.00000  0.00000  0.00000  0.00000  0.00000  0.00000  0.00000
 
 QMDQMDQMDQMDQMDQMDQMDQMDQMDQMDQMDQMDQMDQMDQMDQMDQMDQMDQMDQMDQMDQMDQMDQM

 MD ITERATION NR.      1:014          TOTAL CPU TIME =      2.36 SECONDS

                       CONVERGED ENERGY AND FORCES 
   NIT     TotalEnergy     f_max     f_rms      edel      vdel      fdel
     1    -59.76535632  0.000000  0.000000  0.21D-10  0.53D-08  0.21D-10

    ATOM              COORDINATES                        FORCES
MD:    1
MD:    1 Cu   0.000000   0.000000   0.000000   0.00000  0.00000  0.00000
 
CHGPRO:     0.0000      0.3005149452     -0.4915196382      0.1582368293
CHGPRO:     0.1512      0.2951765402     -0.4920774424      0.1532068361
CHGPRO:     0.3023      0.2797574696     -0.4937098079      0.1383521022
CHGPRO:     0.4535      0.2559320672     -0.4965358500      0.1144040839
CHGPRO:     0.6046      0.2261768199     -0.5005144764      0.0827937075
CHGPRO:     0.7558      0.1934253518     -0.5052500287      0.0458758744
CHGPRO:     0.9070      0.1606646851     -0.5100920909      0.0070538481
CHGPRO:     1.0581      0.1304890663     -0.5137933503     -0.0294923576
CHGPRO:     1.2093      0.1047102207     -0.5148354443     -0.0598898733
CHGPRO:     1.3605      0.0841395951     -0.5113074716     -0.0813163357
CHGPRO:     1.5116      0.0686338427     -0.5014362076     -0.0919534069
CHGPRO:     1.6628      0.0574200307     -0.4848054741     -0.0914589507
CHGPRO:     1.8139      0.0495423887     -0.4627991889     -0.0818171705
CHGPRO:     1.9651      0.0441790640     -0.4399426092     -0.0673700054
CHGPRO:     2.1163      0.0407320358     -0.4211265054     -0.0533875015
CHGPRO:     2.2674      0.0388060081     -0.4079856714     -0.0438491452
CHGPRO:     2.4186      0.0381855770     -0.4028487146     -0.0405402406
CHGPRO:     2.5697      0.0388060081     -0.4079856714     -0.0438491452
CHGPRO:     2.7209      0.0407320358     -0.4211265054     -0.0533875015
CHGPRO:     2.8721      0.0441790640     -0.4399426092     -0.0673700054
CHGPRO:     3.0232      0.0495423887     -0.4627991889     -0.0818171705
CHGPRO:     3.1744      0.0574200307     -0.4848054741     -0.0914589507
CHGPRO:     3.3256      0.0686338427     -0.5014362076     -0.0919534069
CHGPRO:     3.4767      0.0841395951     -0.5113074716     -0.0813163357
CHGPRO:     3.6279      0.1047102207     -0.5148354443     -0.0598898733
CHGPRO:     3.7790      0.1304890663     -0.5137933503     -0.0294923576
CHGPRO:     3.9302      0.1606646851     -0.5100920909      0.0070538481
CHGPRO:     4.0814      0.1934253518     -0.5052500287      0.0458758744
CHGPRO:     4.2325      0.2261768199     -0.5005144764      0.0827937075
CHGPRO:     4.3837      0.2559320672     -0.4965358500      0.1144040839
CHGPRO:     4.5349      0.2797574696     -0.4937098079      0.1383521022
CHGPRO:     4.6860      0.2951765402     -0.4920774424      0.1532068361

 *I* wavefunction data written in zaj.data

 *I* writing eko_l

 *I* writing fsr_l, fsi_l

 *I* potential data written in potential.data

           <<<  Atomic Charge >>>
  ia is   rd d_rd  Charge(1)  Charge(2)  Charge(3)
   1  1 2.30 0.10   9.851658  10.084945  10.326406

 ***********************************************************************
 *                                                                     *
 *                               TIMING                                *
 *                                                                     *
 ***********************************************************************
      SUBROUTINE        CALLS        TOTAL CPU TIME           <CPU TIME>
             SCF            1                1.8501               1.8501
          WF_Dav           15                1.4167               0.0944
        dav_hphi          405                0.6932               0.0017
         fftw3c3         7488                0.6729               0.0001
           kbint            1                0.4793               0.4793
     diagonalize          405                0.3506               0.0009
         swffftx         3240                0.3221               0.0001
        swffftx2         3240                0.2934               0.0001
             Dos            2                0.1608               0.0804
         Writing            1                0.1283               0.1283
          Chgfft           14                0.1157               0.0083
          ptfft1           15                0.1057               0.0070
          swffft         1008                0.0976               0.0001
         dav_mgs          270                0.0679               0.0003
      xc_gga_chg           28                0.0625               0.0022
         FFT_SET            1                0.0608               0.0608
     fdchgq0_fft           14                0.0588               0.0042
       dav_mgs_2          270                0.0567               0.0002
         dav_hij          405                0.0451               0.0001
   fdchgq0_fft_1           14                0.0397               0.0028
           fd_vq           14                0.0393               0.0028
           Force            1                0.0360               0.0360
           pspot            1                0.0350               0.0350
      dav_nonloc          405                0.0350               0.0001
    dav_residual          270                0.0335               0.0001
        fdforce0            1                0.0320               0.0320
  dav_residual_1          270                0.0232               0.0001
    dav_nonloc_3         2430                0.0198               0.0000
      dav_sumset          270                0.0180               0.0001
      dav_precon          270                0.0146               0.0001
 dav_band2g_hphi          405                0.0135               0.0000
    dav_sumset_1          270                0.0131               0.0000
           Fermi           14                0.0119               0.0008
    dav_nonloc_2         2430                0.0099               0.0000
    xc_1_gr_ch12           84                0.0093               0.0001
 dav_refresh_phi          135                0.0090               0.0001
       dav_mgs_1          270                0.0070               0.0000
            symm            1                0.0069               0.0069
  dav_band2g_phi          144                0.0057               0.0000
        swffftx1         3240                0.0046               0.0000
    dav_sumset_2          270                0.0045               0.0000
           psloc            1                0.0045               0.0045
           gstep            1                0.0044               0.0044
       dav_mgs_3          270                0.0037               0.0000
    xc_1_gr_ch11           84                0.0036               0.0000
    dav_nonloc_1          405                0.0033               0.0000
    dav_copy_fsr          135                0.0031               0.0000
      dav_grmsmd            1                0.0029               0.0029
   blugel_ishida           13                0.0022               0.0002
       ptfft1p00            9                0.0022               0.0002
    Total Energy           14                0.0021               0.0002
         ptfft1p           14                0.0021               0.0001
 dav_refresh_fsr          135                0.0019               0.0000
 ***********************************************************************

 =======================================================================
 TASK                   CALLS        TOTAL CPU TIME           <CPU TIME>
 FFT SingleProc          7488                0.6765               0.0001
 FFT MPI                  344                0.0387               0.0001
 FFTW MPI1                 29                0.1051               0.0036
  
 ALLREDUCE               8492                0.0324               0.0000
 ALLREDUCE_G               48                0.0028               0.0001
 ALLREDUCE_BG              15                0.0001               0.0000
 ALLREDUCE_K             2052                0.0162               0.0000
 ALLGATHERV                69                0.0034               0.0000
 ALLGATHERV_KG            414                0.0028               0.0000
 ALLGATHERV_K             270                0.0022               0.0000
 GATHERV                    2                0.0001               0.0000
 ALLTOALLV                193                0.0087               0.0000
 ALLTOALLV_KG            1125                0.0185               0.0000
 TOTAL TIME FOR COMMUNICATION                0.0873
 =======================================================================

 TOTAL CPU TIME:  00 HOURS 00 MINUTES  2.71 SECONDS

 PROGRAM STATE ENDED AT: Jul  1 10:19:33 2025
  
 HHHHHHHHHHHHHHHHHHHHHHHHHHHHHHHHHHHHHHHHHHHHHHHHHHHHHHHHHHHHHHHHH
 HHHHHHHHHHHHHHHHHHHHHHHHHHHHHHHHHHHHHHHHHHHHHHHHHHHHHHHHHHHHHHHHH
                           _______________________
     __________   _______/______v______v______v___]
    D          | |                                 |
    D   A A    | | Congratulations!                |  C( > < )D
  --  =(^.^)=  | |  The calculation has converged. |    = o =
 |     @@@@@   | |                                 |    (    )~
 /--=O=-+-=O=---+--=O=--+--==O==--+--==O==--+--=O=-+--=O=---=O=-/
  
 HHHHHHHHHHHHHHHHHHHHHHHHHHHHHHHHHHHHHHHHHHHHHHHHHHHHHHHHHHHHHHHHH
 HHHHHHHHHHHHHHHHHHHHHHHHHHHHHHHHHHHHHHHHHHHHHHHHHHHHHHHHHHHHHHHHH
