&SYSTEM
    1
    1    2    2
    1
    2
  10.00000  10.00000  10.00000   90.0000   90.0000   90.0000
&END
&COORDINATES
     -0.714657043352     -0.000000002025     -0.000000018086
      0.714656784808     -0.000000003802     -0.000000018097
&END
&VELOCITIES 
      0.000002782223     -0.000000000000      0.000000000000
     -0.000002782223      0.000000000000      0.000000000000
&END
&FORCES     
      0.000502585967     -0.000000000000      0.000000000003
     -0.000502585985      0.000000000001      0.000000000003
&END
