              ************************************* 

b0  = 0.00301467138338724 (hartree/bohr^3) = 88.6947462547916 (GPa)
b0' = 5.38510004300888
v0  = 276.740073102033 (bohr^3)  =41.0085987717506 (angstrom^3)
e0  = -7.87364217532263 (hartree) =-15.7472843506453 (Ry)

Warning: slow font initialization
