[0] MPI startup(): I_MPI_TCP_NETMASK variable has been removed from the product, its value is ignored

 
 ***********************************************************************
 *                                                                     *
 *                                                                     *
 *                                                                     *
 *              ******  ********    **    ******** ********            *
 *             ******** ********   ****   ******** ********            *
 *             **          **     **  **     **    **                  *
 *              ***        **    ********    **    ******              *
 *                ***      **   **********   **    ******              *
 *                  **     **  **        **  **    **                  *
 *             ********    ** **          ** **    ********            *
 *              ******     ** VERSION 5.6.17 **    ********            *
 *                               RICS-AIST                             *
 *                           OSAKA UNIVERSITY                          *
 *                                                                     *
 ***********************************************************************
 
 PROGRAM STATE STARTED AT: Jul  1 11:49:09 2025

 THIS JOB RUNS ON         : xs01                            
 THE CURRENT DIRECTORY IS : /home/ikutaro/work/STATE/examples/Cu/fcc/k-p
 THE PROCESS ID IS        : 86222
 THE JOB WAS SUBMITTED BY : ikutaro             
 THE NUMBER OF PROCESSORS : 16
 THE NUMBER OF THREADS    : 1
 
 ELECTRONIC WAVEFUNCTIONS INITIALIZED 
 ELECTRONIC CHARGE INITIALIZED 
 IONIC POSITIONS READ FROM STANDARD INPUT 
 IONIC VELOCITIES INITIALIZED 
 MAXIMUM SCF ITERATIONS : 200
 MAXIMUM MD STEPS : 200
 MAXIMUM ELAPSED CPU TIME :  86400.00 SEC
 TIME INCREMENT IN MOLECULAR DYNAMICS :     50.00 A.U.
 ENERGY CRITERION FOR SCF ITERATIONS :  0.100000E-09 HA/ATOM

 EXCHANGE-CORRELATION FUNCTIONAL : ggapbe
 SPIN POLARIZATION NOT ALLOWED 
 NUMBER OF BANDS CONSIDERED : 16
 METHFESSEL-PAXTON SMEARING 
 SMEARING WIDTH : 0.002000
 DAVIDSON METHOD WITH G-SPACE TECHNIQUE 
 BLUGEL MIXING PARAMETERS 
   MIXING OBJECT : CHARGE 
   MIXING INFORMATION RESET AFTER 30 STEPS
   MIXING PARAMETER : 0.300

 ********************************** TYPE *******************************
 TYPE  NAME  INITIAL CHARGE   MASS(AMU)     PP TYPE  ILOC   INITIAL SPIN
    1    Cu          0.1500     63.5460   UltraSoft     3         0.0000
 ***********************************************************************

 ********************************* ATOMS *******************************
   ATOM    X(BOHR)    Y(BOHR)    Z(BOHR)     TAUX    TAUY    TAUZ IW  IR
   1  1    0.00000    0.00000    0.00000   0.0000  0.0000  0.0000  1   0
 ***********************************************************************

 ******************************** K-POINTS *****************************
 BRAVIAS LATTICE         :        FACE CENTER         
 SPACE GROUP             :        F m -3 m  
 INVERSION SYMMETRY      :        NO 
 CONV. LAT. VECTOR(BOHR) :        6.878600       0.000000       0.000000
 CONV. LAT. VECTOR(BOHR) :        0.000000       6.878600       0.000000
 CONV. LAT. VECTOR(BOHR) :        0.000000       0.000000       6.878600
 PRIM. LAT. VECTOR(BOHR) :        0.000000       3.439300       3.439300
 PRIM. LAT. VECTOR(BOHR) :        3.439300       0.000000       3.439300
 PRIM. LAT. VECTOR(BOHR) :        3.439300       3.439300       0.000000
 PRIM. CELL VOLUME       :    0.813655E+02
 PRIM. REC. VECTOR(1/BOHR) :     -0.913440       0.913440       0.913440
 PRIM. REC. VECTOR(1/BOHR) :      0.913440      -0.913440       0.913440
 PRIM. REC. VECTOR(1/BOHR) :      0.913440       0.913440      -0.913440
 REC. PRIM. CELL VOLUME    :  0.304859E+01
 ENERGY CUTOFF FOR SOFT MODE(RY) :  36.000
 ENERGY CUTOFF FOR HARD MODE(RY) : 400.000
 NUMBER OF K-POINT MESH  :              10             10             10
 K-POINT SHIFT           :              ON             ON             ON
 NUMBER OF K-POINTS      :             110
        NKP            WKP              KX             KY             KZ
          1       0.002000        0.045672       0.045672       0.045672
          2       0.006000       -0.045672       0.137016       0.137016
          3       0.006000       -0.137016       0.228360       0.228360
          4       0.006000       -0.228360       0.319704       0.319704
          5       0.006000       -0.319704       0.411048       0.411048
          6       0.006000       -0.411048       0.502392       0.502392
          7       0.006000       -0.502392       0.593736       0.593736
          8       0.006000       -0.593736       0.685080       0.685080
          9       0.006000       -0.685080       0.776424       0.776424
         10       0.006000       -0.776424       0.867768       0.867768
         11       0.006000        0.045672       0.045672       0.228360
         12       0.012000       -0.045672       0.137016       0.319704
         13       0.012000       -0.137016       0.228360       0.411048
         14       0.012000       -0.228360       0.319704       0.502392
         15       0.012000       -0.319704       0.411048       0.593736
         16       0.012000       -0.411048       0.502392       0.685080
         17       0.012000       -0.502392       0.593736       0.776424
         18       0.012000       -0.593736       0.685080       0.867768
         19       0.012000       -0.685080       0.776424       0.959112
         20       0.006000        0.045672       0.045672       0.411048
         21       0.012000       -0.045672       0.137016       0.502392
         22       0.012000       -0.137016       0.228360       0.593736
         23       0.012000       -0.228360       0.319704       0.685080
         24       0.012000       -0.319704       0.411048       0.776424
         25       0.012000       -0.411048       0.502392       0.867768
         26       0.012000       -0.502392       0.593736       0.959112
         27       0.012000       -0.593736       0.685080       1.050455
         28       0.006000        0.045672       0.045672       0.593736
         29       0.012000       -0.045672       0.137016       0.685080
         30       0.012000       -0.137016       0.228360       0.776424
         31       0.012000       -0.228360       0.319704       0.867768
         32       0.012000       -0.319704       0.411048       0.959112
         33       0.012000       -0.411048       0.502392       1.050455
         34       0.012000       -0.502392       0.593736       1.141799
         35       0.006000        0.045672       0.045672       0.776424
         36       0.012000       -0.045672       0.137016       0.867768
         37       0.012000       -0.137016       0.228360       0.959112
         38       0.012000       -0.228360       0.319704       1.050455
         39       0.012000       -0.319704       0.411048       1.141799
         40       0.012000       -0.411048       0.502392       1.233143
         41       0.006000        0.045672       0.045672       0.959112
         42       0.012000       -0.045672       0.137016       1.050455
         43       0.012000       -0.137016       0.228360       1.141799
         44       0.012000       -0.228360       0.319704       1.233143
         45       0.006000        0.045672       0.045672       1.141799
         46       0.012000       -0.045672       0.137016       1.233143
         47       0.012000       -0.137016       0.228360       1.324487
         48       0.006000        0.045672       0.045672       1.324487
         49       0.012000       -0.045672       0.137016       1.415831
         50       0.006000        0.045672       0.045672       1.507175
         51       0.002000        0.137016       0.137016       0.137016
         52       0.006000        0.045672       0.228360       0.228360
         53       0.006000       -0.045672       0.319704       0.319704
         54       0.006000       -0.137016       0.411048       0.411048
         55       0.006000       -0.228360       0.502392       0.502392
         56       0.006000       -0.319704       0.593736       0.593736
         57       0.006000       -0.411048       0.685080       0.685080
         58       0.006000       -0.502392       0.776424       0.776424
         59       0.006000        0.137016       0.137016       0.319704
         60       0.012000        0.045672       0.228360       0.411048
         61       0.012000       -0.045672       0.319704       0.502392
         62       0.012000       -0.137016       0.411048       0.593736
         63       0.012000       -0.228360       0.502392       0.685080
         64       0.012000       -0.319704       0.593736       0.776424
         65       0.012000       -0.411048       0.685080       0.867768
         66       0.006000        0.137016       0.137016       0.502392
         67       0.012000        0.045672       0.228360       0.593736
         68       0.012000       -0.045672       0.319704       0.685080
         69       0.012000       -0.137016       0.411048       0.776424
         70       0.012000       -0.228360       0.502392       0.867768
         71       0.012000       -0.319704       0.593736       0.959112
         72       0.006000        0.137016       0.137016       0.685080
         73       0.012000        0.045672       0.228360       0.776424
         74       0.012000       -0.045672       0.319704       0.867768
         75       0.012000       -0.137016       0.411048       0.959112
         76       0.012000       -0.228360       0.502392       1.050455
         77       0.006000        0.137016       0.137016       0.867768
         78       0.012000        0.045672       0.228360       0.959112
         79       0.012000       -0.045672       0.319704       1.050455
         80       0.006000        0.137016       0.137016       1.050455
         81       0.012000        0.045672       0.228360       1.141799
         82       0.006000        0.137016       0.137016       1.233143
         83       0.002000        0.228360       0.228360       0.228360
         84       0.006000        0.137016       0.319704       0.319704
         85       0.006000        0.045672       0.411048       0.411048
         86       0.006000       -0.045672       0.502392       0.502392
         87       0.006000       -0.137016       0.593736       0.593736
         88       0.006000       -0.228360       0.685080       0.685080
         89       0.006000        0.228360       0.228360       0.411048
         90       0.012000        0.137016       0.319704       0.502392
         91       0.012000        0.045672       0.411048       0.593736
         92       0.012000       -0.045672       0.502392       0.685080
         93       0.012000       -0.137016       0.593736       0.776424
         94       0.006000        0.228360       0.228360       0.593736
         95       0.012000        0.137016       0.319704       0.685080
         96       0.012000        0.045672       0.411048       0.776424
         97       0.012000       -0.045672       0.502392       0.867768
         98       0.006000        0.228360       0.228360       0.776424
         99       0.012000        0.137016       0.319704       0.867768
        100       0.006000        0.228360       0.228360       0.959112
        101       0.002000        0.319704       0.319704       0.319704
        102       0.006000        0.228360       0.411048       0.411048
        103       0.006000        0.137016       0.502392       0.502392
        104       0.006000        0.045672       0.593736       0.593736
        105       0.006000        0.319704       0.319704       0.502392
        106       0.012000        0.228360       0.411048       0.593736
        107       0.012000        0.137016       0.502392       0.685080
        108       0.006000        0.319704       0.319704       0.685080
        109       0.002000        0.411048       0.411048       0.411048
        110       0.006000        0.319704       0.502392       0.502392
 ***********************************************************************
 *I* TOTAL NUMBER OF DEGREES OF FREEDOM :     0
     
 NEIBRD =       1331
 KID  KNX  KNY  KNZ  KNL  KNM  KNN  =   21   10   10   10   20   20   20
 KIDP KNXP KNYP KNZP KNLP KNMP KNNP =   33   16   16   16   32   32   32
 NUMBER OF GENERATED VECTORS KNG,KNGP =      2421     10969
 KFFT KFFTP =      16800     67584
 IOPT IOPTP =          1         1

 ************************* SYMMETRY OPERATION **************************
                   Rc              tc               Rp             tp
         1.0000  0.0000  0.0000  0.0000   1.0000  0.0000  0.0000  0.0000
 nr.  1  0.0000  1.0000  0.0000  0.0000   0.0000  1.0000  0.0000  0.0000
         0.0000  0.0000  1.0000  0.0000   0.0000  0.0000  1.0000  0.0000

        -1.0000  0.0000  0.0000  0.0000  -1.0000  0.0000  0.0000  0.0000
 nr.  2  0.0000 -1.0000  0.0000  0.0000   0.0000 -1.0000  0.0000  0.0000
         0.0000  0.0000 -1.0000  0.0000   0.0000  0.0000 -1.0000  0.0000

         1.0000  0.0000  0.0000  0.0000   0.0000 -1.0000  1.0000  0.0000
 nr.  3  0.0000  0.0000 -1.0000  0.0000   0.0000  0.0000  1.0000  0.0000
         0.0000  1.0000  0.0000  0.0000  -1.0000  0.0000  1.0000  0.0000

         0.0000  0.0000  1.0000  0.0000   0.0000  0.0000  1.0000  0.0000
 nr.  4  1.0000  0.0000  0.0000  0.0000   1.0000  0.0000  0.0000  0.0000
         0.0000  1.0000  0.0000  0.0000   0.0000  1.0000  0.0000  0.0000

        -1.0000  0.0000  0.0000  0.0000   0.0000  1.0000 -1.0000  0.0000
 nr.  5  0.0000  0.0000  1.0000  0.0000   0.0000  0.0000 -1.0000  0.0000
         0.0000 -1.0000  0.0000  0.0000   1.0000  0.0000 -1.0000  0.0000

         0.0000  0.0000 -1.0000  0.0000   0.0000  0.0000 -1.0000  0.0000
 nr.  6 -1.0000  0.0000  0.0000  0.0000  -1.0000  0.0000  0.0000  0.0000
         0.0000 -1.0000  0.0000  0.0000   0.0000 -1.0000  0.0000  0.0000

         1.0000  0.0000  0.0000  0.0000  -1.0000  0.0000  0.0000  0.0000
 nr.  7  0.0000 -1.0000  0.0000  0.0000  -1.0000  0.0000  1.0000  0.0000
         0.0000  0.0000 -1.0000  0.0000  -1.0000  1.0000  0.0000  0.0000

         0.0000  0.0000  1.0000  0.0000  -1.0000  1.0000  0.0000  0.0000
 nr.  8  0.0000 -1.0000  0.0000  0.0000   0.0000  1.0000  0.0000  0.0000
         1.0000  0.0000  0.0000  0.0000   0.0000  1.0000 -1.0000  0.0000

         0.0000  1.0000  0.0000  0.0000  -1.0000  0.0000  1.0000  0.0000
 nr.  9  1.0000  0.0000  0.0000  0.0000   0.0000 -1.0000  1.0000  0.0000
         0.0000  0.0000 -1.0000  0.0000   0.0000  0.0000  1.0000  0.0000

         0.0000  1.0000  0.0000  0.0000   0.0000  1.0000  0.0000  0.0000
 nr. 10  0.0000  0.0000  1.0000  0.0000   0.0000  0.0000  1.0000  0.0000
         1.0000  0.0000  0.0000  0.0000   1.0000  0.0000  0.0000  0.0000

        -1.0000  0.0000  0.0000  0.0000   1.0000  0.0000  0.0000  0.0000
 nr. 11  0.0000  1.0000  0.0000  0.0000   1.0000  0.0000 -1.0000  0.0000
         0.0000  0.0000  1.0000  0.0000   1.0000 -1.0000  0.0000  0.0000

         0.0000  0.0000 -1.0000  0.0000   1.0000 -1.0000  0.0000  0.0000
 nr. 12  0.0000  1.0000  0.0000  0.0000   0.0000 -1.0000  0.0000  0.0000
        -1.0000  0.0000  0.0000  0.0000   0.0000 -1.0000  1.0000  0.0000

         0.0000 -1.0000  0.0000  0.0000   1.0000  0.0000 -1.0000  0.0000
 nr. 13 -1.0000  0.0000  0.0000  0.0000   0.0000  1.0000 -1.0000  0.0000
         0.0000  0.0000  1.0000  0.0000   0.0000  0.0000 -1.0000  0.0000

         0.0000 -1.0000  0.0000  0.0000   0.0000 -1.0000  0.0000  0.0000
 nr. 14  0.0000  0.0000 -1.0000  0.0000   0.0000  0.0000 -1.0000  0.0000
        -1.0000  0.0000  0.0000  0.0000  -1.0000  0.0000  0.0000  0.0000

         1.0000  0.0000  0.0000  0.0000   0.0000  1.0000 -1.0000  0.0000
 nr. 15  0.0000  0.0000  1.0000  0.0000  -1.0000  1.0000  0.0000  0.0000
         0.0000 -1.0000  0.0000  0.0000   0.0000  1.0000  0.0000  0.0000

         0.0000  0.0000  1.0000  0.0000   0.0000  0.0000 -1.0000  0.0000
 nr. 16 -1.0000  0.0000  0.0000  0.0000   0.0000  1.0000 -1.0000  0.0000
         0.0000 -1.0000  0.0000  0.0000   1.0000  0.0000 -1.0000  0.0000

         0.0000  1.0000  0.0000  0.0000   1.0000  0.0000 -1.0000  0.0000
 nr. 17 -1.0000  0.0000  0.0000  0.0000   1.0000  0.0000  0.0000  0.0000
         0.0000  0.0000  1.0000  0.0000   1.0000 -1.0000  0.0000  0.0000

         0.0000  0.0000 -1.0000  0.0000  -1.0000  1.0000  0.0000  0.0000
 nr. 18  1.0000  0.0000  0.0000  0.0000  -1.0000  0.0000  0.0000  0.0000
         0.0000 -1.0000  0.0000  0.0000  -1.0000  0.0000  1.0000  0.0000

         0.0000  0.0000 -1.0000  0.0000   0.0000  0.0000  1.0000  0.0000
 nr. 19  0.0000  1.0000  0.0000  0.0000  -1.0000  0.0000  1.0000  0.0000
         1.0000  0.0000  0.0000  0.0000   0.0000 -1.0000  1.0000  0.0000

        -1.0000  0.0000  0.0000  0.0000   0.0000 -1.0000  1.0000  0.0000
 nr. 20  0.0000  0.0000 -1.0000  0.0000   1.0000 -1.0000  0.0000  0.0000
         0.0000  1.0000  0.0000  0.0000   0.0000 -1.0000  0.0000  0.0000

         0.0000  0.0000 -1.0000  0.0000   0.0000  0.0000  1.0000  0.0000
 nr. 21  1.0000  0.0000  0.0000  0.0000   0.0000 -1.0000  1.0000  0.0000
         0.0000  1.0000  0.0000  0.0000  -1.0000  0.0000  1.0000  0.0000

         0.0000 -1.0000  0.0000  0.0000  -1.0000  0.0000  1.0000  0.0000
 nr. 22  1.0000  0.0000  0.0000  0.0000  -1.0000  0.0000  0.0000  0.0000
         0.0000  0.0000 -1.0000  0.0000  -1.0000  1.0000  0.0000  0.0000

         0.0000  0.0000  1.0000  0.0000   1.0000 -1.0000  0.0000  0.0000
 nr. 23 -1.0000  0.0000  0.0000  0.0000   1.0000  0.0000  0.0000  0.0000
         0.0000  1.0000  0.0000  0.0000   1.0000  0.0000 -1.0000  0.0000

         0.0000  0.0000  1.0000  0.0000   0.0000  0.0000 -1.0000  0.0000
 nr. 24  0.0000 -1.0000  0.0000  0.0000   1.0000  0.0000 -1.0000  0.0000
        -1.0000  0.0000  0.0000  0.0000   0.0000  1.0000 -1.0000  0.0000

         0.0000  0.0000  1.0000  0.0000   1.0000 -1.0000  0.0000  0.0000
 nr. 25  0.0000  1.0000  0.0000  0.0000   1.0000  0.0000 -1.0000  0.0000
        -1.0000  0.0000  0.0000  0.0000   1.0000  0.0000  0.0000  0.0000

         0.0000  1.0000  0.0000  0.0000   0.0000 -1.0000  0.0000  0.0000
 nr. 26  0.0000  0.0000 -1.0000  0.0000   1.0000 -1.0000  0.0000  0.0000
        -1.0000  0.0000  0.0000  0.0000   0.0000 -1.0000  1.0000  0.0000

         0.0000  0.0000 -1.0000  0.0000   1.0000 -1.0000  0.0000  0.0000
 nr. 27 -1.0000  0.0000  0.0000  0.0000   0.0000 -1.0000  1.0000  0.0000
         0.0000  1.0000  0.0000  0.0000   0.0000 -1.0000  0.0000  0.0000

         0.0000 -1.0000  0.0000  0.0000   0.0000  1.0000  0.0000  0.0000
 nr. 28  1.0000  0.0000  0.0000  0.0000   0.0000  1.0000 -1.0000  0.0000
         0.0000  0.0000  1.0000  0.0000  -1.0000  1.0000  0.0000  0.0000

         0.0000 -1.0000  0.0000  0.0000   1.0000  0.0000 -1.0000  0.0000
 nr. 29  0.0000  0.0000  1.0000  0.0000   0.0000  0.0000 -1.0000  0.0000
        -1.0000  0.0000  0.0000  0.0000   0.0000  1.0000 -1.0000  0.0000

         0.0000 -1.0000  0.0000  0.0000  -1.0000  0.0000  1.0000  0.0000
 nr. 30  0.0000  0.0000 -1.0000  0.0000  -1.0000  1.0000  0.0000  0.0000
         1.0000  0.0000  0.0000  0.0000  -1.0000  0.0000  0.0000  0.0000

         0.0000  0.0000 -1.0000  0.0000  -1.0000  1.0000  0.0000  0.0000
 nr. 31  0.0000 -1.0000  0.0000  0.0000  -1.0000  0.0000  1.0000  0.0000
         1.0000  0.0000  0.0000  0.0000  -1.0000  0.0000  0.0000  0.0000

         0.0000 -1.0000  0.0000  0.0000   0.0000  1.0000  0.0000  0.0000
 nr. 32  0.0000  0.0000  1.0000  0.0000  -1.0000  1.0000  0.0000  0.0000
         1.0000  0.0000  0.0000  0.0000   0.0000  1.0000 -1.0000  0.0000

         0.0000  0.0000  1.0000  0.0000  -1.0000  1.0000  0.0000  0.0000
 nr. 33  1.0000  0.0000  0.0000  0.0000   0.0000  1.0000 -1.0000  0.0000
         0.0000 -1.0000  0.0000  0.0000   0.0000  1.0000  0.0000  0.0000

         0.0000  1.0000  0.0000  0.0000   0.0000 -1.0000  0.0000  0.0000
 nr. 34 -1.0000  0.0000  0.0000  0.0000   0.0000 -1.0000  1.0000  0.0000
         0.0000  0.0000 -1.0000  0.0000   1.0000 -1.0000  0.0000  0.0000

         0.0000  1.0000  0.0000  0.0000  -1.0000  0.0000  1.0000  0.0000
 nr. 35  0.0000  0.0000 -1.0000  0.0000   0.0000  0.0000  1.0000  0.0000
         1.0000  0.0000  0.0000  0.0000   0.0000 -1.0000  1.0000  0.0000

         0.0000  1.0000  0.0000  0.0000   1.0000  0.0000 -1.0000  0.0000
 nr. 36  0.0000  0.0000  1.0000  0.0000   1.0000 -1.0000  0.0000  0.0000
        -1.0000  0.0000  0.0000  0.0000   1.0000  0.0000  0.0000  0.0000

         0.0000  0.0000 -1.0000  0.0000   0.0000  0.0000 -1.0000  0.0000
 nr. 37  0.0000 -1.0000  0.0000  0.0000   0.0000 -1.0000  0.0000  0.0000
        -1.0000  0.0000  0.0000  0.0000  -1.0000  0.0000  0.0000  0.0000

         0.0000 -1.0000  0.0000  0.0000   0.0000 -1.0000  0.0000  0.0000
 nr. 38 -1.0000  0.0000  0.0000  0.0000  -1.0000  0.0000  0.0000  0.0000
         0.0000  0.0000 -1.0000  0.0000   0.0000  0.0000 -1.0000  0.0000

        -1.0000  0.0000  0.0000  0.0000   1.0000  0.0000  0.0000  0.0000
 nr. 39  0.0000  0.0000  1.0000  0.0000   1.0000 -1.0000  0.0000  0.0000
         0.0000  1.0000  0.0000  0.0000   1.0000  0.0000 -1.0000  0.0000

        -1.0000  0.0000  0.0000  0.0000   0.0000 -1.0000  1.0000  0.0000
 nr. 40  0.0000  1.0000  0.0000  0.0000   0.0000 -1.0000  0.0000  0.0000
         0.0000  0.0000 -1.0000  0.0000   1.0000 -1.0000  0.0000  0.0000

        -1.0000  0.0000  0.0000  0.0000   0.0000  1.0000 -1.0000  0.0000
 nr. 41  0.0000 -1.0000  0.0000  0.0000   1.0000  0.0000 -1.0000  0.0000
         0.0000  0.0000  1.0000  0.0000   0.0000  0.0000 -1.0000  0.0000

         0.0000  0.0000  1.0000  0.0000   0.0000  0.0000  1.0000  0.0000
 nr. 42  0.0000  1.0000  0.0000  0.0000   0.0000  1.0000  0.0000  0.0000
         1.0000  0.0000  0.0000  0.0000   1.0000  0.0000  0.0000  0.0000

         0.0000  1.0000  0.0000  0.0000   0.0000  1.0000  0.0000  0.0000
 nr. 43  1.0000  0.0000  0.0000  0.0000   1.0000  0.0000  0.0000  0.0000
         0.0000  0.0000  1.0000  0.0000   0.0000  0.0000  1.0000  0.0000

         1.0000  0.0000  0.0000  0.0000  -1.0000  0.0000  0.0000  0.0000
 nr. 44  0.0000  0.0000 -1.0000  0.0000  -1.0000  1.0000  0.0000  0.0000
         0.0000 -1.0000  0.0000  0.0000  -1.0000  0.0000  1.0000  0.0000

         1.0000  0.0000  0.0000  0.0000   0.0000  1.0000 -1.0000  0.0000
 nr. 45  0.0000 -1.0000  0.0000  0.0000   0.0000  1.0000  0.0000  0.0000
         0.0000  0.0000  1.0000  0.0000  -1.0000  1.0000  0.0000  0.0000

         1.0000  0.0000  0.0000  0.0000   0.0000 -1.0000  1.0000  0.0000
 nr. 46  0.0000  1.0000  0.0000  0.0000  -1.0000  0.0000  1.0000  0.0000
         0.0000  0.0000 -1.0000  0.0000   0.0000  0.0000  1.0000  0.0000

        -1.0000  0.0000  0.0000  0.0000  -1.0000  0.0000  0.0000  0.0000
 nr. 47  0.0000  0.0000 -1.0000  0.0000   0.0000  0.0000 -1.0000  0.0000
         0.0000 -1.0000  0.0000  0.0000   0.0000 -1.0000  0.0000  0.0000

         1.0000  0.0000  0.0000  0.0000   1.0000  0.0000  0.0000  0.0000
 nr. 48  0.0000  0.0000  1.0000  0.0000   0.0000  0.0000  1.0000  0.0000
         0.0000  1.0000  0.0000  0.0000   0.0000  1.0000  0.0000  0.0000
 ***********************************************************************
  
           ===================================================
           ===       MPI PARALLELIZATION INFORMATION       ===
           ===================================================
           === TOTAL NUMBER OF K-POINTS          :     110 ===
           === K-POINT DIVISOR                   :       2 ===
           === TOTAL NUMBER OF BANDS             :      16 ===
           === BAND DIVISOR                      :       8 ===
           === TOTAL NUMBER OF G-VECTORS         :     305 ===
           === G-VECTOR DIVISOR                  :       1 ===
           ===================================================

 ***********************************************************************
                               ALLOCATION 
 ***********************************************************************
  NCPU  KNGP_FFT      KNGP       KNG     KNG1      KEG     KATM    KATM2
     0      1061       685       151       39        2        0        0
     1      1041       685       151       38        2        0        0
     2       965       685       151       38        2        0        0
     3       877       685       151       38        2        0        0
     4       745       685       151       38        2        0        0
     5       569       685       151       38        2        0        0
     6       369       685       151       38        2        0        0
     7       125       686       151       38        2        0        0
     8        30       686       151       39        2        0        0
     9       251       686       151       38        2        0        0
    10       471       686       151       38        2        0        0
    11       665       686       152       38        2        0        0
    12       817       686       152       38        2        0        0
    13       929       686       152       38        2        0        0
    14      1001       686       152       38        2        0        0
    15      1053       686       152       38        2        1        1
 -----------------------------------------------------------------------
  NCPU    KFFTPM     KFFTP    KFFTP2     KFFT    KMESH     KNMP     KNNP
     0      4224      4224      2112     1050       93        2        2
     1      4224      4224      2112     1050       93        2        2
     2      4224      4224      2112     1050       93        2        2
     3      4224      4224      2112     1050       94        2        2
     4      4224      4224      2112     1050       94        2        2
     5      4224      4224      2112     1050       94        2        2
     6      4224      4224      2112     1050       94        2        2
     7      4224      4224      2112     1050       94        2        2
     8      4224      4224      2112     1050       94        2        2
     9      4224      4224      2112     1050       94        2        2
    10      4224      4224      2112     1050       94        2        2
    11      4224      4224      2112     1050       94        2        2
    12      4224      4224      2112     1050       94        2        2
    13      4224      4224      2112     1050       94        2        2
    14      4224      4224      2112     1050       94        2        2
    15      4224      4224      2112     1050       94        2        2
 ***********************************************************************
                            END OF ALLOCATION 
 ***********************************************************************

 ********   <<  Reading Potential >>  ******** 
 F_POT(01) = pot.Cu_pbe1
 29.0000 11.0000  6      1          : NATOMN IVAL ILOC ITPCC
 ggapbe                             : XCTYPE
  7.5900  3.0200  2.6959 -1.6959    : ALP CC
 1501    96.0000 60.0000            : NMESH XH RMAX
 VALL is read from unit 37
    1   2   1                       : IL ITAU(IL1) IVAN(IL1)
    2   2   1                       : IL ITAU(IL1) IVAN(IL1)
    3   2   1                       : IL ITAU(IL1) IVAN(IL1)
    1   1   1   1   1   1  1135   8 : MM L1 T1 L2 T2 L3 NRC MORD
    2   1   1   1   2   1  1135   8 : MM L1 T1 L2 T2 L3 NRC MORD
    3   1   1   2   1   2  1135   8 : MM L1 T1 L2 T2 L3 NRC MORD
    4   1   1   2   2   2  1135   8 : MM L1 T1 L2 T2 L3 NRC MORD
    5   1   1   3   1   3  1135   8 : MM L1 T1 L2 T2 L3 NRC MORD
    6   1   1   3   2   3  1135   8 : MM L1 T1 L2 T2 L3 NRC MORD
    7   1   2   1   2   1  1135   8 : MM L1 T1 L2 T2 L3 NRC MORD
    8   1   2   2   1   2  1135   8 : MM L1 T1 L2 T2 L3 NRC MORD
    9   1   2   2   2   2  1135   8 : MM L1 T1 L2 T2 L3 NRC MORD
   10   1   2   3   1   3  1135   8 : MM L1 T1 L2 T2 L3 NRC MORD
   11   1   2   3   2   3  1135   8 : MM L1 T1 L2 T2 L3 NRC MORD
   12   2   1   2   1   1  1135   8 : MM L1 T1 L2 T2 L3 NRC MORD
   13   2   1   2   1   3  1135   8 : MM L1 T1 L2 T2 L3 NRC MORD
   14   2   1   2   2   1  1135   8 : MM L1 T1 L2 T2 L3 NRC MORD
   15   2   1   2   2   3  1135   8 : MM L1 T1 L2 T2 L3 NRC MORD
   16   2   1   3   1   2  1135   8 : MM L1 T1 L2 T2 L3 NRC MORD
   17   2   1   3   1   4  1135   8 : MM L1 T1 L2 T2 L3 NRC MORD
   18   2   1   3   2   2  1135   8 : MM L1 T1 L2 T2 L3 NRC MORD
   19   2   1   3   2   4  1135   8 : MM L1 T1 L2 T2 L3 NRC MORD
   20   2   2   2   2   1  1135   8 : MM L1 T1 L2 T2 L3 NRC MORD
   21   2   2   2   2   3  1135   8 : MM L1 T1 L2 T2 L3 NRC MORD
   22   2   2   3   1   2  1135   8 : MM L1 T1 L2 T2 L3 NRC MORD
   23   2   2   3   1   4  1135   8 : MM L1 T1 L2 T2 L3 NRC MORD
   24   2   2   3   2   2  1135   8 : MM L1 T1 L2 T2 L3 NRC MORD
   25   2   2   3   2   4  1135   8 : MM L1 T1 L2 T2 L3 NRC MORD
   26   3   1   3   1   1  1135   8 : MM L1 T1 L2 T2 L3 NRC MORD
   27   3   1   3   1   3  1127   8 : MM L1 T1 L2 T2 L3 NRC MORD
   28   3   1   3   1   5  1135   8 : MM L1 T1 L2 T2 L3 NRC MORD
   29   3   1   3   2   1  1135   8 : MM L1 T1 L2 T2 L3 NRC MORD
   30   3   1   3   2   3  1135   8 : MM L1 T1 L2 T2 L3 NRC MORD
   31   3   1   3   2   5  1135   8 : MM L1 T1 L2 T2 L3 NRC MORD
   32   3   2   3   2   1  1135   8 : MM L1 T1 L2 T2 L3 NRC MORD
   33   3   2   3   2   3  1135   8 : MM L1 T1 L2 T2 L3 NRC MORD
   34   3   2   3   2   5  1135   8 : MM L1 T1 L2 T2 L3 NRC MORD
 CHGPC  =   8.48851088
 TOTAL ENERGY CORRECTION FROM PS     =     0.4923571502D+00
 TOTAL PARTIAL CHARGE         SCHGPC =         8.4885108817
 TOTAL LOCALIZED CHARGE (QLCTOT)     =         0.0000000000
 KQITG =    34
 NUMBER OF BANDS SHOULD BE GREATER THAN 6
 KLMT  =    18
 KLMTT =    18
 KLMTA =    18
 TOTCH =      11.000000000000
 NX NY NZ  =   4   4   4
 NNEIB     =     729
 ALF       =    2.647574
 NEWLDG    =     137

 ***********************************************************************
 *                                                                     *
 *                              START SCF                              *
 *                                                                     *
 ***********************************************************************

  NSCF NADR            ETOTAL          EDEL          CDEL CONV      TCPU
     1    0      -59.14822515   0.59148E+02   0.13146E-01    0      0.83
     2    0      -59.53659081   0.38837E+00   0.50955E-01    0      0.42
     3    1      -59.76313891   0.22655E+00   0.86364E-02    0      0.42
     4    2      -59.76563167   0.24928E-02   0.33930E-02    1      0.42
     5    3      -59.76554405   0.87625E-04   0.10380E-02    1      0.42
     6    4      -59.76559538   0.51333E-04   0.69874E-03    2      0.43
     7    5      -59.76563710   0.41722E-04   0.64276E-04    3      0.42
     8    6      -59.76563746   0.35150E-06   0.25951E-05    3      0.42
     9    7      -59.76563745   0.14464E-08   0.41624E-05    3      0.42
    10    8      -59.76563746   0.13587E-08   0.10038E-05    3      0.42
    11    9      -59.76563746   0.94573E-10   0.11455E-06    4      0.42
    12   10      -59.76563746   0.14140E-10   0.20055E-07    5      0.42
    13   11      -59.76563746   0.40004E-11   0.18081E-07    6      0.42
 
                                   TOTAL CHARGE DENSITY =     10.9999997

                     TOTAL ENERGY AND ITS COMPONENTS 
                  TOTAL ENERGY     =         -59.76563746 A.U.
                KINETIC ENERGY     =           6.33546005 A.U.
                HARTREE ENERGY     =          16.08007492 A.U.
                     XC ENERGY     =         -19.86595615 A.U.
                  LOCAL ENERGY     =         -17.32868649 A.U.
               NONLOCAL ENERGY     =          -4.66085875 A.U.
                  EWALD ENERGY     =         -40.32567026 A.U.
                     PC ENERGY     =           0.00000000 A.U.
               ENTROPIC ENERGY     =          -0.00000077 A.U.

                                         FERMI ENERGY =      -0.04607284
 NKP=    1  NGP=       301  K=(  0.04567  0.04567  0.04567)  WKP= 0.0020
                              EIGEN VALUE 
 -0.37995 -0.15508 -0.15377 -0.15377 -0.12554 -0.12554  0.78342  0.84361
  0.87067  0.87067  0.98356  0.98356  1.01727  1.12027  1.24962  1.24962
                               OCCUPATION 
  1.00000  1.00000  1.00000  1.00000  1.00000  1.00000  0.00000  0.00000
  0.00000  0.00000  0.00000  0.00000  0.00000  0.00000  0.00000  0.00000
 NKP=    2  NGP=       304  K=( -0.04567  0.13702  0.13702)  WKP= 0.0060
                              EIGEN VALUE 
 -0.36254 -0.15868 -0.15091 -0.15056 -0.12817 -0.12461  0.66328  0.74406
  0.85968  0.89214  0.99610  1.00768  1.11021  1.13202  1.18368  1.25925
                               OCCUPATION 
  1.00000  1.00000  1.00000  1.00000  1.00000  1.00000  0.00000  0.00000
  0.00000  0.00000  0.00000  0.00000  0.00000  0.00000  0.00000  0.00000
 NKP=    3  NGP=       303  K=( -0.13702  0.22836  0.22836)  WKP= 0.0060
                              EIGEN VALUE 
 -0.32129 -0.16381 -0.14847 -0.14755 -0.12788 -0.12067  0.47149  0.70366
  0.84099  0.85745  0.98594  0.99536  1.11237  1.13263  1.21496  1.37135
                               OCCUPATION 
  1.00000  1.00000  1.00000  1.00000  1.00000  1.00000  0.00000  0.00000
  0.00000  0.00000  0.00000  0.00000  0.00000  0.00000  0.00000  0.00000
 NKP=    4  NGP=       297  K=( -0.22836  0.31970  0.31970)  WKP= 0.0060
                              EIGEN VALUE 
 -0.26684 -0.15967 -0.15137 -0.15011 -0.11916 -0.11058  0.29666  0.68386
  0.80113  0.82398  0.90329  0.97008  1.09210  1.25259  1.32979  1.48538
                               OCCUPATION 
  1.00000  1.00000  1.00000  1.00000  1.00000  1.00000  0.00000  0.00000
  0.00000  0.00000  0.00000  0.00000  0.00000  0.00000  0.00000  0.00000
 NKP=    5  NGP=       293  K=( -0.31970  0.41105  0.41105)  WKP= 0.0060
                              EIGEN VALUE 
 -0.23188 -0.15533 -0.15369 -0.12768 -0.10924 -0.09186  0.15112  0.68576
  0.76597  0.77630  0.88015  0.93497  1.08137  1.41607  1.47552  1.60664
                               OCCUPATION 
  1.00000  1.00000  1.00000  1.00000  1.00000  1.00000  0.00000  0.00000
  0.00000  0.00000  0.00000  0.00000  0.00000  0.00000  0.00000  0.00000
 NKP=    6  NGP=       293  K=( -0.41105  0.50239  0.50239)  WKP= 0.0060
                              EIGEN VALUE 
 -0.22618 -0.15677 -0.15457 -0.11661 -0.10479 -0.06698  0.09321  0.70960
  0.73468  0.74970  0.90112  0.91244  1.07809  1.50739  1.57949  1.61863
                               OCCUPATION 
  1.00000  1.00000  1.00000  1.00000  1.00000  1.00000  0.00000  0.00000
  0.00000  0.00000  0.00000  0.00000  0.00000  0.00000  0.00000  0.00000
 NKP=    7  NGP=       294  K=( -0.50239  0.59374  0.59374)  WKP= 0.0060
                              EIGEN VALUE 
 -0.23932 -0.15462 -0.15228 -0.14111 -0.10798 -0.10398  0.19495  0.71626
  0.73575  0.77358  0.91179  0.95092  1.07367  1.33852  1.46261  1.55562
                               OCCUPATION 
  1.00000  1.00000  1.00000  1.00000  1.00000  1.00000  0.00000  0.00000
  0.00000  0.00000  0.00000  0.00000  0.00000  0.00000  0.00000  0.00000
 NKP=    8  NGP=       298  K=( -0.59374  0.68508  0.68508)  WKP= 0.0060
                              EIGEN VALUE 
 -0.28497 -0.16362 -0.15018 -0.14868 -0.12058 -0.11625  0.35239  0.72263
  0.75306  0.84015  0.93110  1.02619  1.06703  1.19853  1.30994  1.43319
                               OCCUPATION 
  1.00000  1.00000  1.00000  1.00000  1.00000  1.00000  0.00000  0.00000
  0.00000  0.00000  0.00000  0.00000  0.00000  0.00000  0.00000  0.00000
 NKP=    9  NGP=       303  K=( -0.68508  0.77642  0.77642)  WKP= 0.0060
                              EIGEN VALUE 
 -0.33733 -0.16260 -0.14832 -0.14807 -0.12867 -0.12298  0.53416  0.75217
  0.77742  0.90031  0.96040  1.05912  1.11324  1.11980  1.19259  1.32998
                               OCCUPATION 
  1.00000  1.00000  1.00000  1.00000  1.00000  1.00000  0.00000  0.00000
  0.00000  0.00000  0.00000  0.00000  0.00000  0.00000  0.00000  0.00000
 NKP=   10  NGP=       305  K=( -0.77642  0.86777  0.86777)  WKP= 0.0060
                              EIGEN VALUE 
 -0.37119 -0.15738 -0.15193 -0.15183 -0.12774 -0.12452  0.72776  0.80321
  0.80699  0.87814  0.99374  1.05909  1.06188  1.11854  1.19924  1.26148
                               OCCUPATION 
  1.00000  1.00000  1.00000  1.00000  1.00000  1.00000  0.00000  0.00000
  0.00000  0.00000  0.00000  0.00000  0.00000  0.00000  0.00000  0.00000
 NKP=   11  NGP=       301  K=(  0.04567  0.04567  0.22836)  WKP= 0.0060
                              EIGEN VALUE 
 -0.35396 -0.16202 -0.14810 -0.14802 -0.13160 -0.12257  0.66932  0.73365
  0.76152  0.83719  0.97363  1.07046  1.14300  1.15597  1.26673  1.28665
                               OCCUPATION 
  1.00000  1.00000  1.00000  1.00000  1.00000  1.00000  0.00000  0.00000
  0.00000  0.00000  0.00000  0.00000  0.00000  0.00000  0.00000  0.00000
 NKP=   12  NGP=       299  K=( -0.04567  0.13702  0.31970)  WKP= 0.0120
                              EIGEN VALUE 
 -0.32097 -0.16817 -0.14654 -0.14258 -0.13249 -0.11860  0.54687  0.62526
  0.77848  0.82451  0.90012  1.09180  1.13465  1.26395  1.28576  1.40319
                               OCCUPATION 
  1.00000  1.00000  1.00000  1.00000  1.00000  1.00000  0.00000  0.00000
  0.00000  0.00000  0.00000  0.00000  0.00000  0.00000  0.00000  0.00000
 NKP=   13  NGP=       298  K=( -0.13702  0.22836  0.41105)  WKP= 0.0120
                              EIGEN VALUE 
 -0.27048 -0.17127 -0.15281 -0.14263 -0.12042 -0.10767  0.36613  0.59735
  0.71908  0.77754  0.99630  1.03793  1.12581  1.24434  1.37545  1.53551
                               OCCUPATION 
  1.00000  1.00000  1.00000  1.00000  1.00000  1.00000  0.00000  0.00000
  0.00000  0.00000  0.00000  0.00000  0.00000  0.00000  0.00000  0.00000
 NKP=   14  NGP=       297  K=( -0.22836  0.31970  0.50239)  WKP= 0.0120
                              EIGEN VALUE 
 -0.22778 -0.16272 -0.15574 -0.14604 -0.10823 -0.07849  0.20744  0.59398
  0.64445  0.76093  0.98274  1.07522  1.14527  1.25788  1.51453  1.64602
                               OCCUPATION 
  1.00000  1.00000  1.00000  1.00000  1.00000  1.00000  0.00000  0.00000
  0.00000  0.00000  0.00000  0.00000  0.00000  0.00000  0.00000  0.00000
 NKP=   15  NGP=       293  K=( -0.31970  0.41105  0.59374)  WKP= 0.0120
                              EIGEN VALUE 
 -0.21624 -0.16346 -0.14868 -0.14070 -0.10546 -0.02453  0.09905  0.58379
  0.62171  0.76580  0.94876  1.06231  1.18686  1.38182  1.49303  1.62186
                               OCCUPATION 
  1.00000  1.00000  1.00000  1.00000  1.00000  0.00000  0.00000  0.00000
  0.00000  0.00000  0.00000  0.00000  0.00000  0.00000  0.00000  0.00000
 NKP=   16  NGP=       294  K=( -0.41105  0.50239  0.68508)  WKP= 0.0120
                              EIGEN VALUE 
 -0.22091 -0.16129 -0.14975 -0.14704 -0.11059 -0.05872  0.16249  0.55300
  0.67066  0.79196  0.93449  1.04945  1.20134  1.31853  1.47896  1.57445
                               OCCUPATION 
  1.00000  1.00000  1.00000  1.00000  1.00000  1.00000  0.00000  0.00000
  0.00000  0.00000  0.00000  0.00000  0.00000  0.00000  0.00000  0.00000
 NKP=   17  NGP=       298  K=( -0.50239  0.59374  0.77642)  WKP= 0.0120
                              EIGEN VALUE 
 -0.25298 -0.16783 -0.15517 -0.14432 -0.12219 -0.09628  0.31057  0.54698
  0.74387  0.83575  0.94430  1.02480  1.14974  1.24948  1.35387  1.61916
                               OCCUPATION 
  1.00000  1.00000  1.00000  1.00000  1.00000  1.00000  0.00000  0.00000
  0.00000  0.00000  0.00000  0.00000  0.00000  0.00000  0.00000  0.00000
 NKP=   18  NGP=       300  K=( -0.59374  0.68508  0.86777)  WKP= 0.0120
                              EIGEN VALUE 
 -0.30538 -0.16836 -0.14910 -0.14191 -0.13272 -0.11360  0.48481  0.56623
  0.83285  0.87650  0.94990  1.00058  1.06932  1.22376  1.32398  1.47365
                               OCCUPATION 
  1.00000  1.00000  1.00000  1.00000  1.00000  1.00000  0.00000  0.00000
  0.00000  0.00000  0.00000  0.00000  0.00000  0.00000  0.00000  0.00000
 NKP=   19  NGP=       303  K=( -0.68508  0.77642  0.95911)  WKP= 0.0120
                              EIGEN VALUE 
 -0.34555 -0.16246 -0.14824 -0.14765 -0.13089 -0.12233  0.60239  0.68263
  0.82738  0.90074  0.96019  1.03228  1.07490  1.20604  1.21494  1.32498
                               OCCUPATION 
  1.00000  1.00000  1.00000  1.00000  1.00000  1.00000  0.00000  0.00000
  0.00000  0.00000  0.00000  0.00000  0.00000  0.00000  0.00000  0.00000
 NKP=   20  NGP=       301  K=(  0.04567  0.04567  0.41105)  WKP= 0.0060
                              EIGEN VALUE 
 -0.29788 -0.17573 -0.14347 -0.13555 -0.13179 -0.11668  0.56208  0.60909
  0.67589  0.70020  0.79659  1.25071  1.28947  1.31473  1.39573  1.43977
                               OCCUPATION 
  1.00000  1.00000  1.00000  1.00000  1.00000  1.00000  0.00000  0.00000
  0.00000  0.00000  0.00000  0.00000  0.00000  0.00000  0.00000  0.00000
 NKP=   21  NGP=       301  K=( -0.04567  0.13702  0.50239)  WKP= 0.0120
                              EIGEN VALUE 
 -0.25793 -0.18210 -0.14951 -0.12911 -0.11948 -0.10721  0.45318  0.52617
  0.58900  0.71668  0.82086  1.21776  1.30702  1.39727  1.46060  1.56916
                               OCCUPATION 
  1.00000  1.00000  1.00000  1.00000  1.00000  1.00000  0.00000  0.00000
  0.00000  0.00000  0.00000  0.00000  0.00000  0.00000  0.00000  0.00000
 NKP=   22  NGP=       299  K=( -0.13702  0.22836  0.59374)  WKP= 0.0120
                              EIGEN VALUE 
 -0.21892 -0.18280 -0.15624 -0.13176 -0.10683 -0.06817  0.28794  0.49841
  0.51805  0.71592  0.95453  1.14862  1.27272  1.39466  1.59619  1.69513
                               OCCUPATION 
  1.00000  1.00000  1.00000  1.00000  1.00000  1.00000  0.00000  0.00000
  0.00000  0.00000  0.00000  0.00000  0.00000  0.00000  0.00000  0.00000
 NKP=   23  NGP=       293  K=( -0.22836  0.31970  0.68508)  WKP= 0.0120
                              EIGEN VALUE 
 -0.20188 -0.17868 -0.15632 -0.13564 -0.10485  0.00936  0.14816  0.43408
  0.53445  0.72515  1.07038  1.14621  1.23301  1.39919  1.49994  1.65118
                               OCCUPATION 
  1.00000  1.00000  1.00000  1.00000  1.00000  0.00000  0.00000  0.00000
  0.00000  0.00000  0.00000  0.00000  0.00000  0.00000  0.00000  0.00000
 NKP=   24  NGP=       295  K=( -0.31970  0.41105  0.77642)  WKP= 0.0120
                              EIGEN VALUE 
 -0.19884 -0.17464 -0.15939 -0.13754 -0.11114  0.01298  0.14834  0.39229
  0.58066  0.75458  1.04409  1.18846  1.29298  1.34325  1.41824  1.50584
                               OCCUPATION 
  1.00000  1.00000  1.00000  1.00000  1.00000  0.00000  0.00000  0.00000
  0.00000  0.00000  0.00000  0.00000  0.00000  0.00000  0.00000  0.00000
 NKP=   25  NGP=       297  K=( -0.41105  0.50239  0.86777)  WKP= 0.0120
                              EIGEN VALUE 
 -0.21362 -0.17221 -0.16552 -0.13620 -0.12270 -0.05626  0.28762  0.37801
  0.65090  0.80779  1.01007  1.12468  1.17423  1.32742  1.48804  1.56177
                               OCCUPATION 
  1.00000  1.00000  1.00000  1.00000  1.00000  1.00000  0.00000  0.00000
  0.00000  0.00000  0.00000  0.00000  0.00000  0.00000  0.00000  0.00000
 NKP=   26  NGP=       299  K=( -0.50239  0.59374  0.95911)  WKP= 0.0120
                              EIGEN VALUE 
 -0.25671 -0.17244 -0.15570 -0.13801 -0.12998 -0.09420  0.37969  0.46366
  0.74001  0.87264  0.94635  1.04242  1.11282  1.26677  1.40630  1.57525
                               OCCUPATION 
  1.00000  1.00000  1.00000  1.00000  1.00000  1.00000  0.00000  0.00000
  0.00000  0.00000  0.00000  0.00000  0.00000  0.00000  0.00000  0.00000
 NKP=   27  NGP=       299  K=( -0.59374  0.68508  1.05046)  WKP= 0.0120
                              EIGEN VALUE 
 -0.29835 -0.16678 -0.14939 -0.14586 -0.12664 -0.11508  0.41545  0.64803
  0.79617  0.85455  0.95640  1.00842  1.10443  1.18533  1.28421  1.44328
                               OCCUPATION 
  1.00000  1.00000  1.00000  1.00000  1.00000  1.00000  0.00000  0.00000
  0.00000  0.00000  0.00000  0.00000  0.00000  0.00000  0.00000  0.00000
 NKP=   28  NGP=       305  K=(  0.04567  0.04567  0.59374)  WKP= 0.0060
                              EIGEN VALUE 
 -0.23713 -0.19053 -0.13236 -0.11969 -0.10982 -0.10917  0.46916  0.47880
  0.51229  0.64032  0.73419  1.39783  1.41278  1.52355  1.53493  1.59465
                               OCCUPATION 
  1.00000  1.00000  1.00000  1.00000  1.00000  1.00000  0.00000  0.00000
  0.00000  0.00000  0.00000  0.00000  0.00000  0.00000  0.00000  0.00000
 NKP=   29  NGP=       301  K=( -0.04567  0.13702  0.68508)  WKP= 0.0120
                              EIGEN VALUE 
 -0.21876 -0.19450 -0.13264 -0.11461 -0.10658 -0.06089  0.37712  0.38788
  0.45611  0.67364  0.77831  1.32679  1.47282  1.59464  1.63082  1.72816
                               OCCUPATION 
  1.00000  1.00000  1.00000  1.00000  1.00000  1.00000  0.00000  0.00000
  0.00000  0.00000  0.00000  0.00000  0.00000  0.00000  0.00000  0.00000
 NKP=   30  NGP=       296  K=( -0.13702  0.22836  0.77642)  WKP= 0.0120
                              EIGEN VALUE 
 -0.20514 -0.19236 -0.14236 -0.12009 -0.10328  0.02553  0.23979  0.30830
  0.46583  0.68834  0.92649  1.25716  1.40988  1.52491  1.63042  1.69206
                               OCCUPATION 
  1.00000  1.00000  1.00000  1.00000  1.00000  0.00000  0.00000  0.00000
  0.00000  0.00000  0.00000  0.00000  0.00000  0.00000  0.00000  0.00000
 NKP=   31  NGP=       292  K=( -0.22836  0.31970  0.86777)  WKP= 0.0120
                              EIGEN VALUE 
 -0.19298 -0.18700 -0.15541 -0.12580 -0.10826  0.10766  0.13993  0.26740
  0.50658  0.71135  1.10929  1.19419  1.33620  1.35339  1.51170  1.68026
                               OCCUPATION 
  1.00000  1.00000  1.00000  1.00000  1.00000  0.00000  0.00000  0.00000
  0.00000  0.00000  0.00000  0.00000  0.00000  0.00000  0.00000  0.00000
 NKP=   32  NGP=       291  K=( -0.31970  0.41105  0.95911)  WKP= 0.0120
                              EIGEN VALUE 
 -0.19198 -0.17751 -0.16646 -0.13255 -0.11499  0.01266  0.20750  0.31222
  0.57261  0.75201  1.09317  1.22000  1.24904  1.32739  1.42242  1.58230
                               OCCUPATION 
  1.00000  1.00000  1.00000  1.00000  1.00000  0.00000  0.00000  0.00000
  0.00000  0.00000  0.00000  0.00000  0.00000  0.00000  0.00000  0.00000
 NKP=   33  NGP=       296  K=( -0.41105  0.50239  1.05046)  WKP= 0.0120
                              EIGEN VALUE 
 -0.21679 -0.16527 -0.16227 -0.14199 -0.11666 -0.05694  0.22099  0.46107
  0.65751  0.80347  0.97045  1.10019  1.21637  1.32662  1.41684  1.56669
                               OCCUPATION 
  1.00000  1.00000  1.00000  1.00000  1.00000  1.00000  0.00000  0.00000
  0.00000  0.00000  0.00000  0.00000  0.00000  0.00000  0.00000  0.00000
 NKP=   34  NGP=       297  K=( -0.50239  0.59374  1.14180)  WKP= 0.0120
                              EIGEN VALUE 
 -0.24666 -0.15762 -0.15450 -0.14917 -0.11437 -0.10029  0.24836  0.63628
  0.74825  0.79087  0.93445  0.99734  1.12253  1.25397  1.40826  1.57156
                               OCCUPATION 
  1.00000  1.00000  1.00000  1.00000  1.00000  1.00000  0.00000  0.00000
  0.00000  0.00000  0.00000  0.00000  0.00000  0.00000  0.00000  0.00000
 NKP=   35  NGP=       300  K=(  0.04567  0.04567  0.77642)  WKP= 0.0060
                              EIGEN VALUE 
 -0.21990 -0.20087 -0.10839 -0.10799 -0.10283 -0.03329  0.28368  0.42139
  0.45285  0.61525  0.70923  1.50327  1.55361  1.65279  1.70641  1.79560
                               OCCUPATION 
  1.00000  1.00000  1.00000  1.00000  1.00000  0.00000  0.00000  0.00000
  0.00000  0.00000  0.00000  0.00000  0.00000  0.00000  0.00000  0.00000
 NKP=   36  NGP=       300  K=( -0.04567  0.13702  0.86777)  WKP= 0.0120
                              EIGEN VALUE 
 -0.21553 -0.20072 -0.11628 -0.10929 -0.10048  0.02962  0.22595  0.35512
  0.42247  0.65658  0.76224  1.43236  1.58878  1.59539  1.72203  1.77987
                               OCCUPATION 
  1.00000  1.00000  1.00000  1.00000  1.00000  0.00000  0.00000  0.00000
  0.00000  0.00000  0.00000  0.00000  0.00000  0.00000  0.00000  0.00000
 NKP=   37  NGP=       292  K=( -0.13702  0.22836  0.95911)  WKP= 0.0120
                              EIGEN VALUE 
 -0.20528 -0.19428 -0.13738 -0.11701 -0.10324  0.07577  0.22539  0.24371
  0.45530  0.68322  0.92093  1.30571  1.45968  1.46479  1.62238  1.78317
                               OCCUPATION 
  1.00000  1.00000  1.00000  1.00000  1.00000  0.00000  0.00000  0.00000
  0.00000  0.00000  0.00000  0.00000  0.00000  0.00000  0.00000  0.00000
 NKP=   38  NGP=       296  K=( -0.22836  0.31970  1.05046)  WKP= 0.0120
                              EIGEN VALUE 
 -0.19543 -0.18444 -0.15593 -0.12992 -0.10633  0.06716  0.13185  0.34158
  0.51593  0.71584  1.10227  1.15930  1.29416  1.40786  1.52054  1.59169
                               OCCUPATION 
  1.00000  1.00000  1.00000  1.00000  1.00000  0.00000  0.00000  0.00000
  0.00000  0.00000  0.00000  0.00000  0.00000  0.00000  0.00000  0.00000
 NKP=   39  NGP=       295  K=( -0.31970  0.41105  1.14180)  WKP= 0.0120
                              EIGEN VALUE 
 -0.20759 -0.16939 -0.15032 -0.14351 -0.10738  0.00470  0.10596  0.48533
  0.59675  0.75949  0.99254  1.12974  1.28440  1.35167  1.41142  1.56312
                               OCCUPATION 
  1.00000  1.00000  1.00000  1.00000  1.00000  0.00000  0.00000  0.00000
  0.00000  0.00000  0.00000  0.00000  0.00000  0.00000  0.00000  0.00000
 NKP=   40  NGP=       294  K=( -0.41105  0.50239  1.23314)  WKP= 0.0120
                              EIGEN VALUE 
 -0.22431 -0.15848 -0.15224 -0.13150 -0.10623 -0.06234  0.11800  0.64794
  0.69055  0.77105  0.91399  0.98392  1.11901  1.40777  1.56045  1.58505
                               OCCUPATION 
  1.00000  1.00000  1.00000  1.00000  1.00000  1.00000  0.00000  0.00000
  0.00000  0.00000  0.00000  0.00000  0.00000  0.00000  0.00000  0.00000
 NKP=   41  NGP=       302  K=(  0.04567  0.04567  0.95911)  WKP= 0.0060
                              EIGEN VALUE 
 -0.21948 -0.20313 -0.10661 -0.10374 -0.10029  0.00974  0.22195  0.40967
  0.44029  0.61046  0.70488  1.54240  1.61321  1.69819  1.72906  1.76166
                               OCCUPATION 
  1.00000  1.00000  1.00000  1.00000  1.00000  0.00000  0.00000  0.00000
  0.00000  0.00000  0.00000  0.00000  0.00000  0.00000  0.00000  0.00000
 NKP=   42  NGP=       299  K=( -0.04567  0.13702  1.05046)  WKP= 0.0120
                              EIGEN VALUE 
 -0.21567 -0.19859 -0.12224 -0.11037 -0.10293 -0.01425  0.28942  0.36594
  0.43389  0.66218  0.76743  1.38394  1.53961  1.64809  1.68157  1.74713
                               OCCUPATION 
  1.00000  1.00000  1.00000  1.00000  1.00000  0.00000  0.00000  0.00000
  0.00000  0.00000  0.00000  0.00000  0.00000  0.00000  0.00000  0.00000
 NKP=   43  NGP=       299  K=( -0.13702  0.22836  1.14180)  WKP= 0.0120
                              EIGEN VALUE 
 -0.20774 -0.18839 -0.15019 -0.12545 -0.10419 -0.02705  0.25981  0.39888
  0.48649  0.69898  0.93772  1.20152  1.34486  1.50421  1.61100  1.71403
                               OCCUPATION 
  1.00000  1.00000  1.00000  1.00000  1.00000  0.00000  0.00000  0.00000
  0.00000  0.00000  0.00000  0.00000  0.00000  0.00000  0.00000  0.00000
 NKP=   44  NGP=       297  K=( -0.22836  0.31970  1.23314)  WKP= 0.0120
                              EIGEN VALUE 
 -0.21263 -0.17088 -0.15619 -0.14133 -0.10523 -0.04091  0.17390  0.53392
  0.56289  0.73991  1.02608  1.14907  1.16146  1.30648  1.58906  1.62551
                               OCCUPATION 
  1.00000  1.00000  1.00000  1.00000  1.00000 -0.00080  0.00000  0.00000
  0.00000  0.00000  0.00000  0.00000  0.00000  0.00000  0.00000  0.00000
 NKP=   45  NGP=       301  K=(  0.04567  0.04567  1.14180)  WKP= 0.0060
                              EIGEN VALUE 
 -0.22356 -0.19655 -0.11706 -0.11276 -0.10639 -0.08033  0.37165  0.44407
  0.47724  0.62504  0.71857  1.45138  1.48378  1.59406  1.64532  1.66540
                               OCCUPATION 
  1.00000  1.00000  1.00000  1.00000  1.00000  1.00000  0.00000  0.00000
  0.00000  0.00000  0.00000  0.00000  0.00000  0.00000  0.00000  0.00000
 NKP=   46  NGP=       304  K=( -0.04567  0.13702  1.23314)  WKP= 0.0120
                              EIGEN VALUE 
 -0.23150 -0.18883 -0.14430 -0.12147 -0.11145 -0.09243  0.41590  0.47673
  0.49055  0.69149  0.79576  1.27114  1.39728  1.48581  1.55082  1.64765
                               OCCUPATION 
  1.00000  1.00000  1.00000  1.00000  1.00000  1.00000  0.00000  0.00000
  0.00000  0.00000  0.00000  0.00000  0.00000  0.00000  0.00000  0.00000
 NKP=   47  NGP=       298  K=( -0.13702  0.22836  1.32449)  WKP= 0.0120
                              EIGEN VALUE 
 -0.24171 -0.17678 -0.15647 -0.13778 -0.11212 -0.09444  0.32355  0.55238
  0.61008  0.74055  0.97588  1.09764  1.19267  1.30967  1.48138  1.63906
                               OCCUPATION 
  1.00000  1.00000  1.00000  1.00000  1.00000  1.00000  0.00000  0.00000
  0.00000  0.00000  0.00000  0.00000  0.00000  0.00000  0.00000  0.00000
 NKP=   48  NGP=       304  K=(  0.04567  0.04567  1.32449)  WKP= 0.0060
                              EIGEN VALUE 
 -0.26448 -0.18337 -0.14273 -0.12769 -0.12270 -0.11325  0.51551  0.55666
  0.57893  0.66210  0.75836  1.33772  1.34480  1.40914  1.47051  1.52330
                               OCCUPATION 
  1.00000  1.00000  1.00000  1.00000  1.00000  1.00000  0.00000  0.00000
  0.00000  0.00000  0.00000  0.00000  0.00000  0.00000  0.00000  0.00000
 NKP=   49  NGP=       300  K=( -0.04567  0.13702  1.41583)  WKP= 0.0120
                              EIGEN VALUE 
 -0.29047 -0.17497 -0.14823 -0.13632 -0.12819 -0.11387  0.49703  0.57290
  0.69921  0.75209  0.85481  1.16213  1.21185  1.32735  1.36835  1.49284
                               OCCUPATION 
  1.00000  1.00000  1.00000  1.00000  1.00000  1.00000  0.00000  0.00000
  0.00000  0.00000  0.00000  0.00000  0.00000  0.00000  0.00000  0.00000
 NKP=   50  NGP=       301  K=(  0.04567  0.04567  1.50718)  WKP= 0.0060
                              EIGEN VALUE 
 -0.32898 -0.16836 -0.14354 -0.14249 -0.13524 -0.11988  0.61368  0.66844
  0.71961  0.77922  0.86721  1.15676  1.22310  1.23330  1.32977  1.35016
                               OCCUPATION 
  1.00000  1.00000  1.00000  1.00000  1.00000  1.00000  0.00000  0.00000
  0.00000  0.00000  0.00000  0.00000  0.00000  0.00000  0.00000  0.00000
 NKP=   51  NGP=       304  K=(  0.13702  0.13702  0.13702)  WKP= 0.0020
                              EIGEN VALUE 
 -0.35403 -0.15961 -0.15003 -0.15003 -0.12632 -0.12632  0.59628  0.82147
  0.82224  0.82224  1.04918  1.06689  1.06689  1.12914  1.12914  1.27646
                               OCCUPATION 
  1.00000  1.00000  1.00000  1.00000  1.00000  1.00000  0.00000  0.00000
  0.00000  0.00000  0.00000  0.00000  0.00000  0.00000  0.00000  0.00000
 NKP=   52  NGP=       301  K=(  0.04567  0.22836  0.22836)  WKP= 0.0060
                              EIGEN VALUE 
 -0.32908 -0.16441 -0.14825 -0.14575 -0.13195 -0.11931  0.54054  0.62190
  0.88925  0.93188  0.95057  0.97794  1.02551  1.18572  1.27150  1.39210
                               OCCUPATION 
  1.00000  1.00000  1.00000  1.00000  1.00000  1.00000  0.00000  0.00000
  0.00000  0.00000  0.00000  0.00000  0.00000  0.00000  0.00000  0.00000
 NKP=   53  NGP=       301  K=( -0.04567  0.31970  0.31970)  WKP= 0.0060
                              EIGEN VALUE 
 -0.28325 -0.16970 -0.15142 -0.14044 -0.13347 -0.10535  0.42900  0.51172
  0.85377  0.85835  0.96197  0.98833  1.06923  1.21521  1.36281  1.53145
                               OCCUPATION 
  1.00000  1.00000  1.00000  1.00000  1.00000  1.00000  0.00000  0.00000
  0.00000  0.00000  0.00000  0.00000  0.00000  0.00000  0.00000  0.00000
 NKP=   54  NGP=       300  K=( -0.13702  0.41105  0.41105)  WKP= 0.0060
                              EIGEN VALUE 
 -0.23396 -0.16465 -0.15826 -0.14477 -0.12122 -0.08079  0.26220  0.50070
  0.75776  0.78190  0.98235  1.01101  1.22134  1.25516  1.36364  1.65834
                               OCCUPATION 
  1.00000  1.00000  1.00000  1.00000  1.00000  1.00000  0.00000  0.00000
  0.00000  0.00000  0.00000  0.00000  0.00000  0.00000  0.00000  0.00000
 NKP=   55  NGP=       294  K=( -0.22836  0.50239  0.50239)  WKP= 0.0060
                              EIGEN VALUE 
 -0.21436 -0.16408 -0.14710 -0.14647 -0.10975 -0.03010  0.12741  0.51575
  0.68153  0.73444  0.99806  1.03722  1.24343  1.39500  1.44299  1.49636
                               OCCUPATION 
  1.00000  1.00000  1.00000  1.00000  1.00000  0.00000  0.00000  0.00000
  0.00000  0.00000  0.00000  0.00000  0.00000  0.00000  0.00000  0.00000
 NKP=   56  NGP=       293  K=( -0.31970  0.59374  0.59374)  WKP= 0.0060
                              EIGEN VALUE 
 -0.21490 -0.16589 -0.14787 -0.14618 -0.10427 -0.03228  0.12692  0.55644
  0.63358  0.71076  1.03639  1.05767  1.19611  1.30072  1.58313  1.63049
                               OCCUPATION 
  1.00000  1.00000  1.00000  1.00000  1.00000  0.00000  0.00000  0.00000
  0.00000  0.00000  0.00000  0.00000  0.00000  0.00000  0.00000  0.00000
 NKP=   57  NGP=       299  K=( -0.41105  0.68508  0.68508)  WKP= 0.0060
                              EIGEN VALUE 
 -0.23509 -0.17058 -0.15672 -0.14295 -0.10667 -0.09088  0.26134  0.61606
  0.61970  0.70894  1.05989  1.08970  1.09736  1.25610  1.53297  1.61316
                               OCCUPATION 
  1.00000  1.00000  1.00000  1.00000  1.00000  1.00000  0.00000  0.00000
  0.00000  0.00000  0.00000  0.00000  0.00000  0.00000  0.00000  0.00000
 NKP=   58  NGP=       298  K=( -0.50239  0.77642  0.77642)  WKP= 0.0060
                              EIGEN VALUE 
 -0.28356 -0.17374 -0.15011 -0.14028 -0.12131 -0.11409  0.42868  0.62845
  0.68756  0.73823  0.92433  1.12235  1.17801  1.25312  1.39114  1.48409
                               OCCUPATION 
  1.00000  1.00000  1.00000  1.00000  1.00000  1.00000  0.00000  0.00000
  0.00000  0.00000  0.00000  0.00000  0.00000  0.00000  0.00000  0.00000
 NKP=   59  NGP=       298  K=(  0.13702  0.13702  0.31970)  WKP= 0.0060
                              EIGEN VALUE 
 -0.31326 -0.16757 -0.14760 -0.14484 -0.12829 -0.11871  0.47825  0.68715
  0.73577  0.84229  0.94656  1.05093  1.14385  1.18465  1.28676  1.39830
                               OCCUPATION 
  1.00000  1.00000  1.00000  1.00000  1.00000  1.00000  0.00000  0.00000
  0.00000  0.00000  0.00000  0.00000  0.00000  0.00000  0.00000  0.00000
 NKP=   60  NGP=       300  K=(  0.04567  0.22836  0.41105)  WKP= 0.0120
                              EIGEN VALUE 
 -0.27627 -0.17371 -0.15254 -0.13680 -0.12888 -0.10580  0.43539  0.51665
  0.71861  0.83318  0.92521  1.05231  1.15350  1.30006  1.37765  1.53977
                               OCCUPATION 
  1.00000  1.00000  1.00000  1.00000  1.00000  1.00000  0.00000  0.00000
  0.00000  0.00000  0.00000  0.00000  0.00000  0.00000  0.00000  0.00000
 NKP=   61  NGP=       302  K=( -0.04567  0.31970  0.50239)  WKP= 0.0120
                              EIGEN VALUE 
 -0.22977 -0.17617 -0.16156 -0.13316 -0.12327 -0.07747  0.33701  0.42263
  0.62484  0.87618  0.93259  1.05336  1.20914  1.35825  1.45830  1.61941
                               OCCUPATION 
  1.00000  1.00000  1.00000  1.00000  1.00000  1.00000  0.00000  0.00000
  0.00000  0.00000  0.00000  0.00000  0.00000  0.00000  0.00000  0.00000
 NKP=   62  NGP=       293  K=( -0.13702  0.41105  0.59374)  WKP= 0.0120
                              EIGEN VALUE 
 -0.20329 -0.17277 -0.16297 -0.13711 -0.11143 -0.02029  0.18698  0.42885
  0.55002  0.83431  0.95784  1.17468  1.23393  1.39108  1.45451  1.52811
                               OCCUPATION 
  1.00000  1.00000  1.00000  1.00000  1.00000  0.00000  0.00000  0.00000
  0.00000  0.00000  0.00000  0.00000  0.00000  0.00000  0.00000  0.00000
 NKP=   63  NGP=       296  K=( -0.22836  0.50239  0.68508)  WKP= 0.0120
                              EIGEN VALUE 
 -0.20040 -0.17566 -0.15662 -0.13815 -0.10650  0.02845  0.11377  0.46203
  0.49888  0.80646  0.97655  1.23849  1.24862  1.34369  1.41087  1.66124
                               OCCUPATION 
  1.00000  1.00000  1.00000  1.00000  1.00000  0.00000  0.00000  0.00000
  0.00000  0.00000  0.00000  0.00000  0.00000  0.00000  0.00000  0.00000
 NKP=   64  NGP=       295  K=( -0.31970  0.59374  0.77642)  WKP= 0.0120
                              EIGEN VALUE 
 -0.21024 -0.17675 -0.16211 -0.13457 -0.10952 -0.04688  0.23366  0.47116
  0.52282  0.79726  0.99310  1.09110  1.25705  1.38091  1.54915  1.58693
                               OCCUPATION 
  1.00000  1.00000  1.00000  1.00000  1.00000  0.81380  0.00000  0.00000
  0.00000  0.00000  0.00000  0.00000  0.00000  0.00000  0.00000  0.00000
 NKP=   65  NGP=       299  K=( -0.41105  0.68508  0.86777)  WKP= 0.0120
                              EIGEN VALUE 
 -0.24568 -0.17963 -0.15638 -0.13046 -0.12150 -0.09403  0.39244  0.47359
  0.60384  0.79930  0.89882  1.09744  1.25722  1.38747  1.44456  1.59314
                               OCCUPATION 
  1.00000  1.00000  1.00000  1.00000  1.00000  1.00000  0.00000  0.00000
  0.00000  0.00000  0.00000  0.00000  0.00000  0.00000  0.00000  0.00000
 NKP=   66  NGP=       299  K=(  0.13702  0.13702  0.50239)  WKP= 0.0060
                              EIGEN VALUE 
 -0.25215 -0.18041 -0.15235 -0.13457 -0.10967 -0.10744  0.38559  0.57701
  0.59283  0.69119  0.89379  1.20624  1.21842  1.33397  1.50178  1.58465
                               OCCUPATION 
  1.00000  1.00000  1.00000  1.00000  1.00000  1.00000  0.00000  0.00000
  0.00000  0.00000  0.00000  0.00000  0.00000  0.00000  0.00000  0.00000
 NKP=   67  NGP=       300  K=(  0.04567  0.22836  0.59374)  WKP= 0.0120
                              EIGEN VALUE 
 -0.22127 -0.18541 -0.15593 -0.12345 -0.11408 -0.07261  0.35632  0.43739
  0.49469  0.77276  0.87697  1.14462  1.36686  1.46906  1.53430  1.65076
                               OCCUPATION 
  1.00000  1.00000  1.00000  1.00000  1.00000  1.00000  0.00000  0.00000
  0.00000  0.00000  0.00000  0.00000  0.00000  0.00000  0.00000  0.00000
 NKP=   68  NGP=       296  K=( -0.04567  0.31970  0.68508)  WKP= 0.0120
                              EIGEN VALUE 
 -0.19944 -0.18434 -0.16253 -0.12270 -0.10919 -0.00736  0.27289  0.36309
  0.41321  0.84526  0.94035  1.08995  1.44301  1.47663  1.54845  1.62361
                               OCCUPATION 
  1.00000  1.00000  1.00000  1.00000  1.00000  0.00000  0.00000  0.00000
  0.00000  0.00000  0.00000  0.00000  0.00000  0.00000  0.00000  0.00000
 NKP=   69  NGP=       293  K=( -0.13702  0.41105  0.77642)  WKP= 0.0120
                              EIGEN VALUE 
 -0.18896 -0.18371 -0.16495 -0.12847 -0.10520  0.08739  0.14356  0.35396
  0.38873  0.86339  1.00311  1.14359  1.28256  1.43956  1.55979  1.72182
                               OCCUPATION 
  1.00000  1.00000  1.00000  1.00000  1.00000  0.00000  0.00000  0.00000
  0.00000  0.00000  0.00000  0.00000  0.00000  0.00000  0.00000  0.00000
 NKP=   70  NGP=       292  K=( -0.22836  0.50239  0.86777)  WKP= 0.0120
                              EIGEN VALUE 
 -0.19000 -0.17882 -0.17174 -0.12757 -0.10951  0.02547  0.22283  0.32315
  0.44045  0.89372  0.96701  1.10512  1.35360  1.40907  1.54621  1.61826
                               OCCUPATION 
  1.00000  1.00000  1.00000  1.00000  1.00000  0.00000  0.00000  0.00000
  0.00000  0.00000  0.00000  0.00000  0.00000  0.00000  0.00000  0.00000
 NKP=   71  NGP=       298  K=( -0.31970  0.59374  0.95911)  WKP= 0.0120
                              EIGEN VALUE 
 -0.20876 -0.18036 -0.16525 -0.12719 -0.11589 -0.04972  0.30121  0.38902
  0.51527  0.86183  0.93662  1.06307  1.32410  1.45822  1.52244  1.57986
                               OCCUPATION 
  1.00000  1.00000  1.00000  1.00000  1.00000  1.01363  0.00000  0.00000
  0.00000  0.00000  0.00000  0.00000  0.00000  0.00000  0.00000  0.00000
 NKP=   72  NGP=       303  K=(  0.13702  0.13702  0.68508)  WKP= 0.0060
                              EIGEN VALUE 
 -0.21471 -0.19249 -0.13925 -0.12166 -0.10343 -0.04801  0.32054  0.38541
  0.50001  0.65390  0.85005  1.31758  1.35101  1.55497  1.70381  1.73601
                               OCCUPATION 
  1.00000  1.00000  1.00000  1.00000  1.00000  1.02147  0.00000  0.00000
  0.00000  0.00000  0.00000  0.00000  0.00000  0.00000  0.00000  0.00000
 NKP=   73  NGP=       296  K=(  0.04567  0.22836  0.77642)  WKP= 0.0120
                              EIGEN VALUE 
 -0.20807 -0.19399 -0.13948 -0.11489 -0.10344  0.01387  0.30018  0.30916
  0.39063  0.74050  0.85054  1.25115  1.52104  1.54815  1.66493  1.72215
                               OCCUPATION 
  1.00000  1.00000  1.00000  1.00000  1.00000  0.00000  0.00000  0.00000
  0.00000  0.00000  0.00000  0.00000  0.00000  0.00000  0.00000  0.00000
 NKP=   74  NGP=       293  K=( -0.04567  0.31970  0.86777)  WKP= 0.0120
                              EIGEN VALUE 
 -0.20020 -0.18851 -0.15068 -0.12101 -0.10055  0.10010  0.23988  0.25149
  0.33734  0.82693  0.93934  1.17157  1.33181  1.62314  1.73522  1.79358
                               OCCUPATION 
  1.00000  1.00000  1.00000  1.00000  1.00000  0.00000  0.00000  0.00000
  0.00000  0.00000  0.00000  0.00000  0.00000  0.00000  0.00000  0.00000
 NKP=   75  NGP=       292  K=( -0.13702  0.41105  0.95911)  WKP= 0.0120
                              EIGEN VALUE 
 -0.19084 -0.18130 -0.16555 -0.12670 -0.10389  0.12415  0.15736  0.27742
  0.38021  0.86382  1.05161  1.11339  1.23642  1.50867  1.64517  1.71144
                               OCCUPATION 
  1.00000  1.00000  1.00000  1.00000  1.00000  0.00000  0.00000  0.00000
  0.00000  0.00000  0.00000  0.00000  0.00000  0.00000  0.00000  0.00000
 NKP=   76  NGP=       294  K=( -0.22836  0.50239  1.05046)  WKP= 0.0120
                              EIGEN VALUE 
 -0.19346 -0.18025 -0.16397 -0.13214 -0.10762  0.02924  0.16059  0.40424
  0.44836  0.85631  0.96712  1.16376  1.33754  1.36046  1.46992  1.63933
                               OCCUPATION 
  1.00000  1.00000  1.00000  1.00000  1.00000  0.00000  0.00000  0.00000
  0.00000  0.00000  0.00000  0.00000  0.00000  0.00000  0.00000  0.00000
 NKP=   77  NGP=       294  K=(  0.13702  0.13702  0.86777)  WKP= 0.0060
                              EIGEN VALUE 
 -0.21186 -0.19856 -0.12386 -0.11237 -0.10215  0.04675  0.22986  0.29060
  0.46471  0.64032  0.83230  1.42181  1.46852  1.57654  1.62966  1.83632
                               OCCUPATION 
  1.00000  1.00000  1.00000  1.00000  1.00000  0.00000  0.00000  0.00000
  0.00000  0.00000  0.00000  0.00000  0.00000  0.00000  0.00000  0.00000
 NKP=   78  NGP=       294  K=(  0.04567  0.22836  0.95911)  WKP= 0.0120
                              EIGEN VALUE 
 -0.20847 -0.19586 -0.13352 -0.11457 -0.10053  0.06143  0.23436  0.29774
  0.38055  0.73420  0.84551  1.29885  1.45876  1.60354  1.73332  1.78742
                               OCCUPATION 
  1.00000  1.00000  1.00000  1.00000  1.00000  0.00000  0.00000  0.00000
  0.00000  0.00000  0.00000  0.00000  0.00000  0.00000  0.00000  0.00000
 NKP=   79  NGP=       294  K=( -0.04567  0.31970  1.05046)  WKP= 0.0120
                              EIGEN VALUE 
 -0.19897 -0.18713 -0.15568 -0.12097 -0.10374  0.04683  0.25289  0.32001
  0.34665  0.83315  0.94026  1.13113  1.39267  1.55224  1.63885  1.72662
                               OCCUPATION 
  1.00000  1.00000  1.00000  1.00000  1.00000  0.00000  0.00000  0.00000
  0.00000  0.00000  0.00000  0.00000  0.00000  0.00000  0.00000  0.00000
 NKP=   80  NGP=       299  K=(  0.13702  0.13702  1.05046)  WKP= 0.0060
                              EIGEN VALUE 
 -0.21187 -0.19650 -0.12933 -0.11599 -0.10224  0.00085  0.29335  0.30282
  0.47666  0.64473  0.83811  1.37332  1.41573  1.63679  1.67196  1.70949
                               OCCUPATION 
  1.00000  1.00000  1.00000  1.00000  1.00000  0.00000  0.00000  0.00000
  0.00000  0.00000  0.00000  0.00000  0.00000  0.00000  0.00000  0.00000
 NKP=   81  NGP=       297  K=(  0.04567  0.22836  1.14180)  WKP= 0.0120
                              EIGEN VALUE 
 -0.21006 -0.19039 -0.14866 -0.11765 -0.10819 -0.03590  0.32771  0.39107
  0.41120  0.75327  0.86089  1.19629  1.46799  1.55905  1.60076  1.63828
                               OCCUPATION 
  1.00000  1.00000  1.00000  1.00000  1.00000 -0.00000  0.00000  0.00000
  0.00000  0.00000  0.00000  0.00000  0.00000  0.00000  0.00000  0.00000
 NKP=   82  NGP=       299  K=(  0.13702  0.13702  1.23314)  WKP= 0.0060
                              EIGEN VALUE 
 -0.22686 -0.18690 -0.14911 -0.12815 -0.10597 -0.08449  0.34932  0.48614
  0.53383  0.66863  0.86856  1.26518  1.28222  1.43530  1.61565  1.69399
                               OCCUPATION 
  1.00000  1.00000  1.00000  1.00000  1.00000  1.00000  0.00000  0.00000
  0.00000  0.00000  0.00000  0.00000  0.00000  0.00000  0.00000  0.00000
 NKP=   83  NGP=       299  K=(  0.22836  0.22836  0.22836)  WKP= 0.0020
                              EIGEN VALUE 
 -0.30620 -0.16319 -0.14887 -0.14887 -0.12219 -0.12219  0.40844  0.78687
  0.78687  0.79748  1.00210  1.00210  1.04819  1.20784  1.20784  1.37961
                               OCCUPATION 
  1.00000  1.00000  1.00000  1.00000  1.00000  1.00000  0.00000  0.00000
  0.00000  0.00000  0.00000  0.00000  0.00000  0.00000  0.00000  0.00000
 NKP=   84  NGP=       299  K=(  0.13702  0.31970  0.31970)  WKP= 0.0060
                              EIGEN VALUE 
 -0.27746 -0.16660 -0.15129 -0.14604 -0.12627 -0.10727  0.35952  0.59493
  0.83209  0.85715  0.92274  0.96961  1.15730  1.18583  1.30017  1.52432
                               OCCUPATION 
  1.00000  1.00000  1.00000  1.00000  1.00000  1.00000  0.00000  0.00000
  0.00000  0.00000  0.00000  0.00000  0.00000  0.00000  0.00000  0.00000
 NKP=   85  NGP=       299  K=(  0.04567  0.41105  0.41105)  WKP= 0.0060
                              EIGEN VALUE 
 -0.23449 -0.17179 -0.15941 -0.13892 -0.12779 -0.07879  0.33040  0.41713
  0.75154  0.78528  1.03090  1.05230  1.13534  1.26263  1.44361  1.61123
                               OCCUPATION 
  1.00000  1.00000  1.00000  1.00000  1.00000  1.00000  0.00000  0.00000
  0.00000  0.00000  0.00000  0.00000  0.00000  0.00000  0.00000  0.00000
 NKP=   86  NGP=       295  K=( -0.04567  0.50239  0.50239)  WKP= 0.0060
                              EIGEN VALUE 
 -0.20076 -0.17064 -0.16853 -0.13606 -0.11980 -0.02722  0.24438  0.34109
  0.65706  0.72936  1.11732  1.12490  1.22275  1.31937  1.44924  1.53369
                               OCCUPATION 
  1.00000  1.00000  1.00000  1.00000  1.00000  0.00000  0.00000  0.00000
  0.00000  0.00000  0.00000  0.00000  0.00000  0.00000  0.00000  0.00000
 NKP=   87  NGP=       294  K=( -0.13702  0.59374  0.59374)  WKP= 0.0060
                              EIGEN VALUE 
 -0.19632 -0.17922 -0.15718 -0.13468 -0.10893  0.05081  0.12117  0.36311
  0.58592  0.69178  1.15035  1.16357  1.23632  1.40131  1.43927  1.52117
                               OCCUPATION 
  1.00000  1.00000  1.00000  1.00000  1.00000  0.00000  0.00000  0.00000
  0.00000  0.00000  0.00000  0.00000  0.00000  0.00000  0.00000  0.00000
 NKP=   88  NGP=       294  K=( -0.22836  0.68508  0.68508)  WKP= 0.0060
                              EIGEN VALUE 
 -0.20453 -0.18405 -0.15333 -0.13168 -0.10340 -0.01108  0.19883  0.41289
  0.54361  0.67293  1.02788  1.19693  1.23288  1.44783  1.60035  1.65754
                               OCCUPATION 
  1.00000  1.00000  1.00000  1.00000  1.00000  0.00000  0.00000  0.00000
  0.00000  0.00000  0.00000  0.00000  0.00000  0.00000  0.00000  0.00000
 NKP=   89  NGP=       298  K=(  0.22836  0.22836  0.41105)  WKP= 0.0060
                              EIGEN VALUE 
 -0.25993 -0.16590 -0.15349 -0.14669 -0.11116 -0.11087  0.30337  0.66546
  0.70876  0.75821  1.00081  1.05802  1.07223  1.20957  1.41846  1.51610
                               OCCUPATION 
  1.00000  1.00000  1.00000  1.00000  1.00000  1.00000  0.00000  0.00000
  0.00000  0.00000  0.00000  0.00000  0.00000  0.00000  0.00000  0.00000
 NKP=   90  NGP=       299  K=(  0.13702  0.31970  0.50239)  WKP= 0.0120
                              EIGEN VALUE 
 -0.22894 -0.17106 -0.16008 -0.14017 -0.11528 -0.07816  0.26858  0.50559
  0.63132  0.81643  0.96619  1.08601  1.16827  1.31364  1.44371  1.66790
                               OCCUPATION 
  1.00000  1.00000  1.00000  1.00000  1.00000  1.00000  0.00000  0.00000
  0.00000  0.00000  0.00000  0.00000  0.00000  0.00000  0.00000  0.00000
 NKP=   91  NGP=       292  K=(  0.04567  0.41105  0.59374)  WKP= 0.0120
                              EIGEN VALUE 
 -0.19778 -0.17485 -0.17105 -0.13136 -0.11616 -0.02207  0.25157  0.34665
  0.54262  0.84876  0.98383  1.12108  1.28250  1.42081  1.46444  1.54822
                               OCCUPATION 
  1.00000  1.00000  1.00000  1.00000  1.00000  0.00000  0.00000  0.00000
  0.00000  0.00000  0.00000  0.00000  0.00000  0.00000  0.00000  0.00000
 NKP=   92  NGP=       289  K=( -0.04567  0.50239  0.68508)  WKP= 0.0120
                              EIGEN VALUE 
 -0.18581 -0.18490 -0.16556 -0.12888 -0.10925  0.06395  0.17778  0.29117
  0.47362  0.80320  1.07046  1.18378  1.26333  1.37482  1.53023  1.64028
                               OCCUPATION 
  1.00000  1.00000  1.00000  1.00000  1.00000  0.00000  0.00000  0.00000
  0.00000  0.00000  0.00000  0.00000  0.00000  0.00000  0.00000  0.00000
 NKP=   93  NGP=       292  K=( -0.13702  0.59374  0.77642)  WKP= 0.0120
                              EIGEN VALUE 
 -0.19691 -0.18697 -0.15557 -0.12464 -0.10452  0.05568  0.18664  0.32749
  0.42788  0.77171  1.01737  1.13939  1.39686  1.42630  1.58807  1.70576
                               OCCUPATION 
  1.00000  1.00000  1.00000  1.00000  1.00000  0.00000  0.00000  0.00000
  0.00000  0.00000  0.00000  0.00000  0.00000  0.00000  0.00000  0.00000
 NKP=   94  NGP=       297  K=(  0.22836  0.22836  0.59374)  WKP= 0.0060
                              EIGEN VALUE 
 -0.21560 -0.17731 -0.15680 -0.13776 -0.10409 -0.05762  0.22638  0.51396
  0.57518  0.68690  1.04279  1.14387  1.16736  1.33810  1.64659  1.69264
                               OCCUPATION 
  1.00000  1.00000  1.00000  1.00000  1.00000  1.00000  0.00000  0.00000
  0.00000  0.00000  0.00000  0.00000  0.00000  0.00000  0.00000  0.00000
 NKP=   95  NGP=       296  K=(  0.13702  0.31970  0.68508)  WKP= 0.0120
                              EIGEN VALUE 
 -0.19989 -0.18294 -0.16000 -0.12890 -0.10619 -0.00104  0.20617  0.41904
  0.44662  0.78201  1.01238  1.10377  1.34933  1.45895  1.49566  1.67551
                               OCCUPATION 
  1.00000  1.00000  1.00000  1.00000  1.00000  0.00000  0.00000  0.00000
  0.00000  0.00000  0.00000  0.00000  0.00000  0.00000  0.00000  0.00000
 NKP=   96  NGP=       294  K=(  0.04567  0.41105  0.77642)  WKP= 0.0120
                              EIGEN VALUE 
 -0.19165 -0.17868 -0.16896 -0.12603 -0.10388  0.08380  0.20243  0.30722
  0.34722  0.92467  0.97546  1.08826  1.27637  1.53656  1.63674  1.71740
                               OCCUPATION 
  1.00000  1.00000  1.00000  1.00000  1.00000  0.00000  0.00000  0.00000
  0.00000  0.00000  0.00000  0.00000  0.00000  0.00000  0.00000  0.00000
 NKP=   97  NGP=       292  K=( -0.04567  0.50239  0.86777)  WKP= 0.0120
                              EIGEN VALUE 
 -0.19410 -0.17867 -0.16587 -0.12589 -0.10055  0.14333  0.19130  0.26952
  0.30086  0.92768  1.01554  1.06661  1.22672  1.64319  1.71674  1.80242
                               OCCUPATION 
  1.00000  1.00000  1.00000  1.00000  1.00000  0.00000  0.00000  0.00000
  0.00000  0.00000  0.00000  0.00000  0.00000  0.00000  0.00000  0.00000
 NKP=   98  NGP=       296  K=(  0.22836  0.22836  0.77642)  WKP= 0.0060
                              EIGEN VALUE 
 -0.20040 -0.18891 -0.14848 -0.12559 -0.10446  0.04553  0.17913  0.32132
  0.52207  0.66440  1.01747  1.25474  1.29169  1.51430  1.55109  1.61056
                               OCCUPATION 
  1.00000  1.00000  1.00000  1.00000  1.00000  0.00000  0.00000  0.00000
  0.00000  0.00000  0.00000  0.00000  0.00000  0.00000  0.00000  0.00000
 NKP=   99  NGP=       293  K=(  0.13702  0.31970  0.86777)  WKP= 0.0120
                              EIGEN VALUE 
 -0.19727 -0.18834 -0.15217 -0.12262 -0.10373  0.11198  0.17476  0.25569
  0.41868  0.76657  1.01703  1.17910  1.33678  1.48224  1.63645  1.73737
                               OCCUPATION 
  1.00000  1.00000  1.00000  1.00000  1.00000  0.00000  0.00000  0.00000
  0.00000  0.00000  0.00000  0.00000  0.00000  0.00000  0.00000  0.00000
 NKP=  100  NGP=       292  K=(  0.22836  0.22836  0.95911)  WKP= 0.0060
                              EIGEN VALUE 
 -0.19974 -0.19107 -0.14521 -0.12113 -0.10624  0.10091  0.16667  0.25113
  0.51115  0.66035  1.01220  1.30802  1.33730  1.44641  1.51787  1.72978
                               OCCUPATION 
  1.00000  1.00000  1.00000  1.00000  1.00000  0.00000  0.00000  0.00000
  0.00000  0.00000  0.00000  0.00000  0.00000  0.00000  0.00000  0.00000
 NKP=  101  NGP=       293  K=(  0.31970  0.31970  0.31970)  WKP= 0.0020
                              EIGEN VALUE 
 -0.25334 -0.15226 -0.15226 -0.14884 -0.11285 -0.11285  0.24172  0.76865
  0.76865  0.76941  0.92091  0.92091  1.05270  1.35456  1.35456  1.48993
                               OCCUPATION 
  1.00000  1.00000  1.00000  1.00000  1.00000  1.00000  0.00000  0.00000
  0.00000  0.00000  0.00000  0.00000  0.00000  0.00000  0.00000  0.00000
 NKP=  102  NGP=       292  K=(  0.22836  0.41105  0.41105)  WKP= 0.0060
                              EIGEN VALUE 
 -0.23313 -0.15659 -0.15006 -0.14987 -0.11459 -0.08502  0.20137  0.59198
  0.76844  0.77523  0.92214  0.98142  1.16202  1.31539  1.40359  1.63436
                               OCCUPATION 
  1.00000  1.00000  1.00000  1.00000  1.00000  1.00000  0.00000  0.00000
  0.00000  0.00000  0.00000  0.00000  0.00000  0.00000  0.00000  0.00000
 NKP=  103  NGP=       297  K=(  0.13702  0.50239  0.50239)  WKP= 0.0060
                              EIGEN VALUE 
 -0.20690 -0.16818 -0.15957 -0.14131 -0.11487 -0.02729  0.18080  0.42295
  0.66528  0.73097  1.05973  1.08335  1.30307  1.33908  1.40703  1.47675
                               OCCUPATION 
  1.00000  1.00000  1.00000  1.00000  1.00000  0.00000  0.00000  0.00000
  0.00000  0.00000  0.00000  0.00000  0.00000  0.00000  0.00000  0.00000
 NKP=  104  NGP=       286  K=(  0.04567  0.59374  0.59374)  WKP= 0.0060
                              EIGEN VALUE 
 -0.19097 -0.18254 -0.16040 -0.12981 -0.11230  0.05628  0.16941  0.28598
  0.57624  0.68841  1.20183  1.20921  1.22904  1.32759  1.42299  1.62755
                               OCCUPATION 
  1.00000  1.00000  1.00000  1.00000  1.00000  0.00000  0.00000  0.00000
  0.00000  0.00000  0.00000  0.00000  0.00000  0.00000  0.00000  0.00000
 NKP=  105  NGP=       293  K=(  0.31970  0.31970  0.50239)  WKP= 0.0060
                              EIGEN VALUE 
 -0.22639 -0.15918 -0.15018 -0.14312 -0.10502 -0.07481  0.15650  0.65935
  0.67085  0.72958  0.98852  0.98970  1.12250  1.31374  1.57216  1.63188
                               OCCUPATION 
  1.00000  1.00000  1.00000  1.00000  1.00000  1.00000  0.00000  0.00000
  0.00000  0.00000  0.00000  0.00000  0.00000  0.00000  0.00000  0.00000
 NKP=  106  NGP=       297  K=(  0.22836  0.41105  0.59374)  WKP= 0.0120
                              EIGEN VALUE 
 -0.21012 -0.16825 -0.15236 -0.14336 -0.10727 -0.01898  0.13222  0.52064
  0.56554  0.80370  0.94565  1.15077  1.23732  1.31554  1.47474  1.59122
                               OCCUPATION 
  1.00000  1.00000  1.00000  1.00000  1.00000  0.00000  0.00000  0.00000
  0.00000  0.00000  0.00000  0.00000  0.00000  0.00000  0.00000  0.00000
 NKP=  107  NGP=       293  K=(  0.13702  0.50239  0.68508)  WKP= 0.0120
                              EIGEN VALUE 
 -0.19183 -0.18166 -0.16145 -0.13272 -0.10765  0.06096  0.12661  0.36936
  0.48186  0.80487  1.02249  1.22399  1.28775  1.32672  1.48883  1.60932
                               OCCUPATION 
  1.00000  1.00000  1.00000  1.00000  1.00000  0.00000  0.00000  0.00000
  0.00000  0.00000  0.00000  0.00000  0.00000  0.00000  0.00000  0.00000
 NKP=  108  NGP=       298  K=(  0.31970  0.31970  0.68508)  WKP= 0.0060
                              EIGEN VALUE 
 -0.20477 -0.17322 -0.15268 -0.14073 -0.10574  0.01624  0.10941  0.45606
  0.60512  0.69893  1.09036  1.11379  1.23903  1.34999  1.49054  1.56223
                               OCCUPATION 
  1.00000  1.00000  1.00000  1.00000  1.00000  0.00000  0.00000  0.00000
  0.00000  0.00000  0.00000  0.00000  0.00000  0.00000  0.00000  0.00000
 NKP=  109  NGP=       290  K=(  0.41105  0.41105  0.41105)  WKP= 0.0020
                              EIGEN VALUE 
 -0.22973 -0.15525 -0.15525 -0.10584 -0.10584 -0.09536  0.11382  0.75141
  0.76395  0.76395  0.87415  0.87415  1.05687  1.52052  1.52052  1.61000
                               OCCUPATION 
  1.00000  1.00000  1.00000  1.00000  1.00000  1.00000  0.00000  0.00000
  0.00000  0.00000  0.00000  0.00000  0.00000  0.00000  0.00000  0.00000
 NKP=  110  NGP=       290  K=(  0.31970  0.50239  0.50239)  WKP= 0.0060
                              EIGEN VALUE 
 -0.22101 -0.15990 -0.15175 -0.13151 -0.10616 -0.04208  0.09606  0.61387
  0.70523  0.74021  0.94443  0.98263  1.14222  1.48156  1.49321  1.55506
                               OCCUPATION 
  1.00000  1.00000  1.00000  1.00000  1.00000 -0.00805  0.00000  0.00000
  0.00000  0.00000  0.00000  0.00000  0.00000  0.00000  0.00000  0.00000
 
 QMDQMDQMDQMDQMDQMDQMDQMDQMDQMDQMDQMDQMDQMDQMDQMDQMDQMDQMDQMDQMDQMDQMDQM

 MD ITERATION NR.      1:013          TOTAL CPU TIME =      6.72 SECONDS

                       CONVERGED ENERGY AND FORCES 
   NIT     TotalEnergy     f_max     f_rms      edel      vdel      fdel
     1    -59.76563746  0.000000  0.000000  0.40D-11  0.18D-07  0.40D-11

    ATOM              COORDINATES                        FORCES
MD:    1
MD:    1 Cu   0.000000   0.000000   0.000000  -0.00000  0.00000  0.00000
 
CHGPRO:     0.0000      0.2966727734     -0.4891439395      0.1563187412
CHGPRO:     0.1520      0.2913781255     -0.4896914987      0.1512860377
CHGPRO:     0.3040      0.2760828013     -0.4913081796      0.1364263539
CHGPRO:     0.4560      0.2524432016     -0.4941023894      0.1124841871
CHGPRO:     0.6080      0.2229175608     -0.4980234543      0.0809146068
CHGPRO:     0.7600      0.1904276642     -0.5026746579      0.0441088995
CHGPRO:     0.9120      0.1579532453     -0.5073704530      0.0055199418
CHGPRO:     1.0640      0.1280799002     -0.5108483517     -0.0306375787
CHGPRO:     1.2160      0.1026054122     -0.5115457556     -0.0604956056
CHGPRO:     1.3680      0.0823212692     -0.5075330636     -0.0812520528
CHGPRO:     1.5200      0.0670633475     -0.4970699245     -0.0911234351
CHGPRO:     1.6720      0.0560465961     -0.4797807271     -0.0898615759
CHGPRO:     1.8240      0.0483152961     -0.4572694819     -0.0796030688
CHGPRO:     1.9760      0.0430548775     -0.4342045638     -0.0648202366
CHGPRO:     2.1280      0.0396756083     -0.4153264316     -0.0507784580
CHGPRO:     2.2800      0.0377881448     -0.4022019902     -0.0413076803
CHGPRO:     2.4320      0.0371802414     -0.3971031847     -0.0380394111
CHGPRO:     2.5839      0.0377881448     -0.4022019902     -0.0413076803
CHGPRO:     2.7359      0.0396756083     -0.4153264316     -0.0507784580
CHGPRO:     2.8879      0.0430548775     -0.4342045638     -0.0648202366
CHGPRO:     3.0399      0.0483152961     -0.4572694819     -0.0796030688
CHGPRO:     3.1919      0.0560465961     -0.4797807271     -0.0898615759
CHGPRO:     3.3439      0.0670633475     -0.4970699245     -0.0911234351
CHGPRO:     3.4959      0.0823212692     -0.5075330636     -0.0812520528
CHGPRO:     3.6479      0.1026054122     -0.5115457556     -0.0604956056
CHGPRO:     3.7999      0.1280799002     -0.5108483517     -0.0306375787
CHGPRO:     3.9519      0.1579532453     -0.5073704530      0.0055199418
CHGPRO:     4.1039      0.1904276642     -0.5026746579      0.0441088995
CHGPRO:     4.2559      0.2229175608     -0.4980234543      0.0809146068
CHGPRO:     4.4079      0.2524432016     -0.4941023894      0.1124841871
CHGPRO:     4.5599      0.2760828013     -0.4913081796      0.1364263539
CHGPRO:     4.7119      0.2913781255     -0.4896914987      0.1512860377

 *I* wavefunction data written in zaj.data

 *I* writing eko_l

 *I* writing fsr_l, fsi_l

 *I* potential data written in potential.data

           <<<  Atomic Charge >>>
  ia is   rd d_rd  Charge(1)  Charge(2)  Charge(3)
   1  1 2.30 0.10   9.836920  10.065906  10.302364

 ***********************************************************************
 *                                                                     *
 *                               TIMING                                *
 *                                                                     *
 ***********************************************************************
      SUBROUTINE        CALLS        TOTAL CPU TIME           <CPU TIME>
             SCF            1                5.9905               5.9905
          WF_Dav           14                5.5276               0.3948
     diagonalize         2310                3.5823               0.0016
        dav_hphi         2310                1.0764               0.0005
         fftw3c3        10670                0.9609               0.0001
           kbint            1                0.7390               0.7390
         swffftx         4620                0.4671               0.0001
        swffftx2         4620                0.4234               0.0001
         dav_mgs         1540                0.2378               0.0002
       dav_mgs_2         1540                0.1907               0.0001
          Chgfft           13                0.1593               0.0123
             Dos            2                0.1436               0.0718
          swffft         1430                0.1370               0.0001
         dav_hij         2310                0.1218               0.0001
         Writing            1                0.1213               0.1213
      dav_nonloc         2310                0.1188               0.0001
  dav_residual_1         1540                0.0755               0.0000
 dav_band2g_hphi         2310                0.0745               0.0000
    dav_residual         1540                0.0658               0.0000
      xc_gga_chg           26                0.0565               0.0022
     fdchgq0_fft           13                0.0549               0.0042
    dav_nonloc_2        14658                0.0499               0.0000
      dav_sumset         1540                0.0470               0.0000
    dav_nonloc_3        14658                0.0435               0.0000
           Force            1                0.0382               0.0382
           fd_vq           13                0.0373               0.0029
      dav_precon         1540                0.0367               0.0000
   fdchgq0_fft_1           13                0.0363               0.0028
           pspot            1                0.0344               0.0344
        fdforce0            1                0.0308               0.0308
  dav_band2g_phi          825                0.0291               0.0000
    dav_sumset_1         1540                0.0255               0.0000
    dav_copy_fsr          770                0.0254               0.0000
       dav_mgs_3         1540                0.0231               0.0000
       dav_mgs_1         1540                0.0206               0.0000
    dav_sumset_2         1540                0.0195               0.0000
 dav_refresh_phi          770                0.0191               0.0000
           Fermi           13                0.0163               0.0013
         FFT_SET            1                0.0151               0.0151
    dav_nonloc_1         2310                0.0134               0.0000
      dav_grmsmd            1                0.0118               0.0118
    xc_1_gr_ch12           78                0.0086               0.0001
 dav_refresh_fsr          770                0.0081               0.0000
       dav_mgs_t           55                0.0073               0.0001
        swffftx1         4620                0.0071               0.0000
            symm            1                0.0069               0.0069
 ***********************************************************************

 =======================================================================
 TASK                   CALLS        TOTAL CPU TIME           <CPU TIME>
 FFT SingleProc         10670                0.9659               0.0001
 FFT MPI                  321                0.0344               0.0001
 FFTW MPI1                 27                0.0028               0.0001
  
 ALLREDUCE               8477                0.0335               0.0000
 ALLREDUCE_G               45                0.0031               0.0001
 ALLREDUCE_BG              14                0.0001               0.0000
 ALLREDUCE_K            11607                0.0831               0.0000
 ALLGATHERV                68                0.0030               0.0000
 ALLGATHERV_KG           2365                0.0237               0.0000
 ALLGATHERV_K            1540                0.0179               0.0000
 GATHERV                    2                0.0001               0.0000
 ALLTOALLV                180                0.0089               0.0000
 ALLTOALLV_KG            6435                0.1253               0.0000
 TOTAL TIME FOR COMMUNICATION                0.2988
 =======================================================================

 TOTAL CPU TIME:  00 HOURS 00 MINUTES  7.04 SECONDS

 PROGRAM STATE ENDED AT: Jul  1 11:49:16 2025
  
 HHHHHHHHHHHHHHHHHHHHHHHHHHHHHHHHHHHHHHHHHHHHHHHHHHHHHHHHHHHHHHHHH
 HHHHHHHHHHHHHHHHHHHHHHHHHHHHHHHHHHHHHHHHHHHHHHHHHHHHHHHHHHHHHHHHH
                           _______________________
     __________   _______/______v______v______v___]
    D          | |                                 |
    D   A A    | | Congratulations!                |  C( > < )D
  --  =(^.^)=  | |  The calculation has converged. |    = o =
 |     @@@@@   | |                                 |    (    )~
 /--=O=-+-=O=---+--=O=--+--==O==--+--==O==--+--=O=-+--=O=---=O=-/
  
 HHHHHHHHHHHHHHHHHHHHHHHHHHHHHHHHHHHHHHHHHHHHHHHHHHHHHHHHHHHHHHHHH
 HHHHHHHHHHHHHHHHHHHHHHHHHHHHHHHHHHHHHHHHHHHHHHHHHHHHHHHHHHHHHHHHH
