[0] MPI startup(): I_MPI_TCP_NETMASK variable has been removed from the product, its value is ignored

 
 ***********************************************************************
 *                                                                     *
 *                                                                     *
 *                                                                     *
 *              ******  ********    **    ******** ********            *
 *             ******** ********   ****   ******** ********            *
 *             **          **     **  **     **    **                  *
 *              ***        **    ********    **    ******              *
 *                ***      **   **********   **    ******              *
 *                  **     **  **        **  **    **                  *
 *             ********    ** **          ** **    ********            *
 *              ******     ** VERSION 5.6.17 **    ********            *
 *                               RICS-AIST                             *
 *                           OSAKA UNIVERSITY                          *
 *                                                                     *
 ***********************************************************************
 
 PROGRAM STATE STARTED AT: Jul  1 11:48:55 2025

 THIS JOB RUNS ON         : xs01                            
 THE CURRENT DIRECTORY IS : /home/ikutaro/work/STATE/examples/Cu/fcc/k-p
 THE PROCESS ID IS        : 86169
 THE JOB WAS SUBMITTED BY : ikutaro             
 THE NUMBER OF PROCESSORS : 16
 THE NUMBER OF THREADS    : 1
 
 ELECTRONIC WAVEFUNCTIONS INITIALIZED 
 ELECTRONIC CHARGE INITIALIZED 
 IONIC POSITIONS READ FROM STANDARD INPUT 
 IONIC VELOCITIES INITIALIZED 
 MAXIMUM SCF ITERATIONS : 200
 MAXIMUM MD STEPS : 200
 MAXIMUM ELAPSED CPU TIME :  86400.00 SEC
 TIME INCREMENT IN MOLECULAR DYNAMICS :     50.00 A.U.
 ENERGY CRITERION FOR SCF ITERATIONS :  0.100000E-09 HA/ATOM

 EXCHANGE-CORRELATION FUNCTIONAL : ggapbe
 SPIN POLARIZATION NOT ALLOWED 
 NUMBER OF BANDS CONSIDERED : 16
 METHFESSEL-PAXTON SMEARING 
 SMEARING WIDTH : 0.002000
 DAVIDSON METHOD WITH G-SPACE TECHNIQUE 
 BLUGEL MIXING PARAMETERS 
   MIXING OBJECT : CHARGE 
   MIXING INFORMATION RESET AFTER 30 STEPS
   MIXING PARAMETER : 0.300

 ********************************** TYPE *******************************
 TYPE  NAME  INITIAL CHARGE   MASS(AMU)     PP TYPE  ILOC   INITIAL SPIN
    1    Cu          0.1500     63.5460   UltraSoft     3         0.0000
 ***********************************************************************

 ********************************* ATOMS *******************************
   ATOM    X(BOHR)    Y(BOHR)    Z(BOHR)     TAUX    TAUY    TAUZ IW  IR
   1  1    0.00000    0.00000    0.00000   0.0000  0.0000  0.0000  1   0
 ***********************************************************************

 ******************************** K-POINTS *****************************
 BRAVIAS LATTICE         :        FACE CENTER         
 SPACE GROUP             :        F m -3 m  
 INVERSION SYMMETRY      :        NO 
 CONV. LAT. VECTOR(BOHR) :        6.878600       0.000000       0.000000
 CONV. LAT. VECTOR(BOHR) :        0.000000       6.878600       0.000000
 CONV. LAT. VECTOR(BOHR) :        0.000000       0.000000       6.878600
 PRIM. LAT. VECTOR(BOHR) :        0.000000       3.439300       3.439300
 PRIM. LAT. VECTOR(BOHR) :        3.439300       0.000000       3.439300
 PRIM. LAT. VECTOR(BOHR) :        3.439300       3.439300       0.000000
 PRIM. CELL VOLUME       :    0.813655E+02
 PRIM. REC. VECTOR(1/BOHR) :     -0.913440       0.913440       0.913440
 PRIM. REC. VECTOR(1/BOHR) :      0.913440      -0.913440       0.913440
 PRIM. REC. VECTOR(1/BOHR) :      0.913440       0.913440      -0.913440
 REC. PRIM. CELL VOLUME    :  0.304859E+01
 ENERGY CUTOFF FOR SOFT MODE(RY) :  36.000
 ENERGY CUTOFF FOR HARD MODE(RY) : 400.000
 NUMBER OF K-POINT MESH  :               8              8              8
 K-POINT SHIFT           :              ON             ON             ON
 NUMBER OF K-POINTS      :              60
        NKP            WKP              KX             KY             KZ
          1       0.003906        0.057090       0.057090       0.057090
          2       0.011719       -0.057090       0.171270       0.171270
          3       0.011719       -0.171270       0.285450       0.285450
          4       0.011719       -0.285450       0.399630       0.399630
          5       0.011719       -0.399630       0.513810       0.513810
          6       0.011719       -0.513810       0.627990       0.627990
          7       0.011719       -0.627990       0.742170       0.742170
          8       0.011719       -0.742170       0.856350       0.856350
          9       0.011719        0.057090       0.057090       0.285450
         10       0.023438       -0.057090       0.171270       0.399630
         11       0.023438       -0.171270       0.285450       0.513810
         12       0.023438       -0.285450       0.399630       0.627990
         13       0.023438       -0.399630       0.513810       0.742170
         14       0.023438       -0.513810       0.627990       0.856350
         15       0.023438       -0.627990       0.742170       0.970530
         16       0.011719        0.057090       0.057090       0.513810
         17       0.023438       -0.057090       0.171270       0.627990
         18       0.023438       -0.171270       0.285450       0.742170
         19       0.023438       -0.285450       0.399630       0.856350
         20       0.023438       -0.399630       0.513810       0.970530
         21       0.023438       -0.513810       0.627990       1.084709
         22       0.011719        0.057090       0.057090       0.742170
         23       0.023438       -0.057090       0.171270       0.856350
         24       0.023438       -0.171270       0.285450       0.970530
         25       0.023438       -0.285450       0.399630       1.084709
         26       0.023438       -0.399630       0.513810       1.198889
         27       0.011719        0.057090       0.057090       0.970530
         28       0.023438       -0.057090       0.171270       1.084709
         29       0.023438       -0.171270       0.285450       1.198889
         30       0.011719        0.057090       0.057090       1.198889
         31       0.023438       -0.057090       0.171270       1.313069
         32       0.011719        0.057090       0.057090       1.427249
         33       0.003906        0.171270       0.171270       0.171270
         34       0.011719        0.057090       0.285450       0.285450
         35       0.011719       -0.057090       0.399630       0.399630
         36       0.011719       -0.171270       0.513810       0.513810
         37       0.011719       -0.285450       0.627990       0.627990
         38       0.011719       -0.399630       0.742170       0.742170
         39       0.011719        0.171270       0.171270       0.399630
         40       0.023438        0.057090       0.285450       0.513810
         41       0.023438       -0.057090       0.399630       0.627990
         42       0.023438       -0.171270       0.513810       0.742170
         43       0.023438       -0.285450       0.627990       0.856350
         44       0.011719        0.171270       0.171270       0.627990
         45       0.023438        0.057090       0.285450       0.742170
         46       0.023438       -0.057090       0.399630       0.856350
         47       0.023438       -0.171270       0.513810       0.970530
         48       0.011719        0.171270       0.171270       0.856350
         49       0.023438        0.057090       0.285450       0.970530
         50       0.011719        0.171270       0.171270       1.084709
         51       0.003906        0.285450       0.285450       0.285450
         52       0.011719        0.171270       0.399630       0.399630
         53       0.011719        0.057090       0.513810       0.513810
         54       0.011719       -0.057090       0.627990       0.627990
         55       0.011719        0.285450       0.285450       0.513810
         56       0.023438        0.171270       0.399630       0.627990
         57       0.023438        0.057090       0.513810       0.742170
         58       0.011719        0.285450       0.285450       0.742170
         59       0.003906        0.399630       0.399630       0.399630
         60       0.011719        0.285450       0.513810       0.513810
 ***********************************************************************
 *I* TOTAL NUMBER OF DEGREES OF FREEDOM :     0
     
 NEIBRD =       1331
 KID  KNX  KNY  KNZ  KNL  KNM  KNN  =   21   10   10   10   20   20   20
 KIDP KNXP KNYP KNZP KNLP KNMP KNNP =   33   16   16   16   32   32   32
 NUMBER OF GENERATED VECTORS KNG,KNGP =      2421     10969
 KFFT KFFTP =      16800     67584
 IOPT IOPTP =          1         1

 ************************* SYMMETRY OPERATION **************************
                   Rc              tc               Rp             tp
         1.0000  0.0000  0.0000  0.0000   1.0000  0.0000  0.0000  0.0000
 nr.  1  0.0000  1.0000  0.0000  0.0000   0.0000  1.0000  0.0000  0.0000
         0.0000  0.0000  1.0000  0.0000   0.0000  0.0000  1.0000  0.0000

        -1.0000  0.0000  0.0000  0.0000  -1.0000  0.0000  0.0000  0.0000
 nr.  2  0.0000 -1.0000  0.0000  0.0000   0.0000 -1.0000  0.0000  0.0000
         0.0000  0.0000 -1.0000  0.0000   0.0000  0.0000 -1.0000  0.0000

         1.0000  0.0000  0.0000  0.0000   0.0000 -1.0000  1.0000  0.0000
 nr.  3  0.0000  0.0000 -1.0000  0.0000   0.0000  0.0000  1.0000  0.0000
         0.0000  1.0000  0.0000  0.0000  -1.0000  0.0000  1.0000  0.0000

         0.0000  0.0000  1.0000  0.0000   0.0000  0.0000  1.0000  0.0000
 nr.  4  1.0000  0.0000  0.0000  0.0000   1.0000  0.0000  0.0000  0.0000
         0.0000  1.0000  0.0000  0.0000   0.0000  1.0000  0.0000  0.0000

        -1.0000  0.0000  0.0000  0.0000   0.0000  1.0000 -1.0000  0.0000
 nr.  5  0.0000  0.0000  1.0000  0.0000   0.0000  0.0000 -1.0000  0.0000
         0.0000 -1.0000  0.0000  0.0000   1.0000  0.0000 -1.0000  0.0000

         0.0000  0.0000 -1.0000  0.0000   0.0000  0.0000 -1.0000  0.0000
 nr.  6 -1.0000  0.0000  0.0000  0.0000  -1.0000  0.0000  0.0000  0.0000
         0.0000 -1.0000  0.0000  0.0000   0.0000 -1.0000  0.0000  0.0000

         1.0000  0.0000  0.0000  0.0000  -1.0000  0.0000  0.0000  0.0000
 nr.  7  0.0000 -1.0000  0.0000  0.0000  -1.0000  0.0000  1.0000  0.0000
         0.0000  0.0000 -1.0000  0.0000  -1.0000  1.0000  0.0000  0.0000

         0.0000  0.0000  1.0000  0.0000  -1.0000  1.0000  0.0000  0.0000
 nr.  8  0.0000 -1.0000  0.0000  0.0000   0.0000  1.0000  0.0000  0.0000
         1.0000  0.0000  0.0000  0.0000   0.0000  1.0000 -1.0000  0.0000

         0.0000  1.0000  0.0000  0.0000  -1.0000  0.0000  1.0000  0.0000
 nr.  9  1.0000  0.0000  0.0000  0.0000   0.0000 -1.0000  1.0000  0.0000
         0.0000  0.0000 -1.0000  0.0000   0.0000  0.0000  1.0000  0.0000

         0.0000  1.0000  0.0000  0.0000   0.0000  1.0000  0.0000  0.0000
 nr. 10  0.0000  0.0000  1.0000  0.0000   0.0000  0.0000  1.0000  0.0000
         1.0000  0.0000  0.0000  0.0000   1.0000  0.0000  0.0000  0.0000

        -1.0000  0.0000  0.0000  0.0000   1.0000  0.0000  0.0000  0.0000
 nr. 11  0.0000  1.0000  0.0000  0.0000   1.0000  0.0000 -1.0000  0.0000
         0.0000  0.0000  1.0000  0.0000   1.0000 -1.0000  0.0000  0.0000

         0.0000  0.0000 -1.0000  0.0000   1.0000 -1.0000  0.0000  0.0000
 nr. 12  0.0000  1.0000  0.0000  0.0000   0.0000 -1.0000  0.0000  0.0000
        -1.0000  0.0000  0.0000  0.0000   0.0000 -1.0000  1.0000  0.0000

         0.0000 -1.0000  0.0000  0.0000   1.0000  0.0000 -1.0000  0.0000
 nr. 13 -1.0000  0.0000  0.0000  0.0000   0.0000  1.0000 -1.0000  0.0000
         0.0000  0.0000  1.0000  0.0000   0.0000  0.0000 -1.0000  0.0000

         0.0000 -1.0000  0.0000  0.0000   0.0000 -1.0000  0.0000  0.0000
 nr. 14  0.0000  0.0000 -1.0000  0.0000   0.0000  0.0000 -1.0000  0.0000
        -1.0000  0.0000  0.0000  0.0000  -1.0000  0.0000  0.0000  0.0000

         1.0000  0.0000  0.0000  0.0000   0.0000  1.0000 -1.0000  0.0000
 nr. 15  0.0000  0.0000  1.0000  0.0000  -1.0000  1.0000  0.0000  0.0000
         0.0000 -1.0000  0.0000  0.0000   0.0000  1.0000  0.0000  0.0000

         0.0000  0.0000  1.0000  0.0000   0.0000  0.0000 -1.0000  0.0000
 nr. 16 -1.0000  0.0000  0.0000  0.0000   0.0000  1.0000 -1.0000  0.0000
         0.0000 -1.0000  0.0000  0.0000   1.0000  0.0000 -1.0000  0.0000

         0.0000  1.0000  0.0000  0.0000   1.0000  0.0000 -1.0000  0.0000
 nr. 17 -1.0000  0.0000  0.0000  0.0000   1.0000  0.0000  0.0000  0.0000
         0.0000  0.0000  1.0000  0.0000   1.0000 -1.0000  0.0000  0.0000

         0.0000  0.0000 -1.0000  0.0000  -1.0000  1.0000  0.0000  0.0000
 nr. 18  1.0000  0.0000  0.0000  0.0000  -1.0000  0.0000  0.0000  0.0000
         0.0000 -1.0000  0.0000  0.0000  -1.0000  0.0000  1.0000  0.0000

         0.0000  0.0000 -1.0000  0.0000   0.0000  0.0000  1.0000  0.0000
 nr. 19  0.0000  1.0000  0.0000  0.0000  -1.0000  0.0000  1.0000  0.0000
         1.0000  0.0000  0.0000  0.0000   0.0000 -1.0000  1.0000  0.0000

        -1.0000  0.0000  0.0000  0.0000   0.0000 -1.0000  1.0000  0.0000
 nr. 20  0.0000  0.0000 -1.0000  0.0000   1.0000 -1.0000  0.0000  0.0000
         0.0000  1.0000  0.0000  0.0000   0.0000 -1.0000  0.0000  0.0000

         0.0000  0.0000 -1.0000  0.0000   0.0000  0.0000  1.0000  0.0000
 nr. 21  1.0000  0.0000  0.0000  0.0000   0.0000 -1.0000  1.0000  0.0000
         0.0000  1.0000  0.0000  0.0000  -1.0000  0.0000  1.0000  0.0000

         0.0000 -1.0000  0.0000  0.0000  -1.0000  0.0000  1.0000  0.0000
 nr. 22  1.0000  0.0000  0.0000  0.0000  -1.0000  0.0000  0.0000  0.0000
         0.0000  0.0000 -1.0000  0.0000  -1.0000  1.0000  0.0000  0.0000

         0.0000  0.0000  1.0000  0.0000   1.0000 -1.0000  0.0000  0.0000
 nr. 23 -1.0000  0.0000  0.0000  0.0000   1.0000  0.0000  0.0000  0.0000
         0.0000  1.0000  0.0000  0.0000   1.0000  0.0000 -1.0000  0.0000

         0.0000  0.0000  1.0000  0.0000   0.0000  0.0000 -1.0000  0.0000
 nr. 24  0.0000 -1.0000  0.0000  0.0000   1.0000  0.0000 -1.0000  0.0000
        -1.0000  0.0000  0.0000  0.0000   0.0000  1.0000 -1.0000  0.0000

         0.0000  0.0000  1.0000  0.0000   1.0000 -1.0000  0.0000  0.0000
 nr. 25  0.0000  1.0000  0.0000  0.0000   1.0000  0.0000 -1.0000  0.0000
        -1.0000  0.0000  0.0000  0.0000   1.0000  0.0000  0.0000  0.0000

         0.0000  1.0000  0.0000  0.0000   0.0000 -1.0000  0.0000  0.0000
 nr. 26  0.0000  0.0000 -1.0000  0.0000   1.0000 -1.0000  0.0000  0.0000
        -1.0000  0.0000  0.0000  0.0000   0.0000 -1.0000  1.0000  0.0000

         0.0000  0.0000 -1.0000  0.0000   1.0000 -1.0000  0.0000  0.0000
 nr. 27 -1.0000  0.0000  0.0000  0.0000   0.0000 -1.0000  1.0000  0.0000
         0.0000  1.0000  0.0000  0.0000   0.0000 -1.0000  0.0000  0.0000

         0.0000 -1.0000  0.0000  0.0000   0.0000  1.0000  0.0000  0.0000
 nr. 28  1.0000  0.0000  0.0000  0.0000   0.0000  1.0000 -1.0000  0.0000
         0.0000  0.0000  1.0000  0.0000  -1.0000  1.0000  0.0000  0.0000

         0.0000 -1.0000  0.0000  0.0000   1.0000  0.0000 -1.0000  0.0000
 nr. 29  0.0000  0.0000  1.0000  0.0000   0.0000  0.0000 -1.0000  0.0000
        -1.0000  0.0000  0.0000  0.0000   0.0000  1.0000 -1.0000  0.0000

         0.0000 -1.0000  0.0000  0.0000  -1.0000  0.0000  1.0000  0.0000
 nr. 30  0.0000  0.0000 -1.0000  0.0000  -1.0000  1.0000  0.0000  0.0000
         1.0000  0.0000  0.0000  0.0000  -1.0000  0.0000  0.0000  0.0000

         0.0000  0.0000 -1.0000  0.0000  -1.0000  1.0000  0.0000  0.0000
 nr. 31  0.0000 -1.0000  0.0000  0.0000  -1.0000  0.0000  1.0000  0.0000
         1.0000  0.0000  0.0000  0.0000  -1.0000  0.0000  0.0000  0.0000

         0.0000 -1.0000  0.0000  0.0000   0.0000  1.0000  0.0000  0.0000
 nr. 32  0.0000  0.0000  1.0000  0.0000  -1.0000  1.0000  0.0000  0.0000
         1.0000  0.0000  0.0000  0.0000   0.0000  1.0000 -1.0000  0.0000

         0.0000  0.0000  1.0000  0.0000  -1.0000  1.0000  0.0000  0.0000
 nr. 33  1.0000  0.0000  0.0000  0.0000   0.0000  1.0000 -1.0000  0.0000
         0.0000 -1.0000  0.0000  0.0000   0.0000  1.0000  0.0000  0.0000

         0.0000  1.0000  0.0000  0.0000   0.0000 -1.0000  0.0000  0.0000
 nr. 34 -1.0000  0.0000  0.0000  0.0000   0.0000 -1.0000  1.0000  0.0000
         0.0000  0.0000 -1.0000  0.0000   1.0000 -1.0000  0.0000  0.0000

         0.0000  1.0000  0.0000  0.0000  -1.0000  0.0000  1.0000  0.0000
 nr. 35  0.0000  0.0000 -1.0000  0.0000   0.0000  0.0000  1.0000  0.0000
         1.0000  0.0000  0.0000  0.0000   0.0000 -1.0000  1.0000  0.0000

         0.0000  1.0000  0.0000  0.0000   1.0000  0.0000 -1.0000  0.0000
 nr. 36  0.0000  0.0000  1.0000  0.0000   1.0000 -1.0000  0.0000  0.0000
        -1.0000  0.0000  0.0000  0.0000   1.0000  0.0000  0.0000  0.0000

         0.0000  0.0000 -1.0000  0.0000   0.0000  0.0000 -1.0000  0.0000
 nr. 37  0.0000 -1.0000  0.0000  0.0000   0.0000 -1.0000  0.0000  0.0000
        -1.0000  0.0000  0.0000  0.0000  -1.0000  0.0000  0.0000  0.0000

         0.0000 -1.0000  0.0000  0.0000   0.0000 -1.0000  0.0000  0.0000
 nr. 38 -1.0000  0.0000  0.0000  0.0000  -1.0000  0.0000  0.0000  0.0000
         0.0000  0.0000 -1.0000  0.0000   0.0000  0.0000 -1.0000  0.0000

        -1.0000  0.0000  0.0000  0.0000   1.0000  0.0000  0.0000  0.0000
 nr. 39  0.0000  0.0000  1.0000  0.0000   1.0000 -1.0000  0.0000  0.0000
         0.0000  1.0000  0.0000  0.0000   1.0000  0.0000 -1.0000  0.0000

        -1.0000  0.0000  0.0000  0.0000   0.0000 -1.0000  1.0000  0.0000
 nr. 40  0.0000  1.0000  0.0000  0.0000   0.0000 -1.0000  0.0000  0.0000
         0.0000  0.0000 -1.0000  0.0000   1.0000 -1.0000  0.0000  0.0000

        -1.0000  0.0000  0.0000  0.0000   0.0000  1.0000 -1.0000  0.0000
 nr. 41  0.0000 -1.0000  0.0000  0.0000   1.0000  0.0000 -1.0000  0.0000
         0.0000  0.0000  1.0000  0.0000   0.0000  0.0000 -1.0000  0.0000

         0.0000  0.0000  1.0000  0.0000   0.0000  0.0000  1.0000  0.0000
 nr. 42  0.0000  1.0000  0.0000  0.0000   0.0000  1.0000  0.0000  0.0000
         1.0000  0.0000  0.0000  0.0000   1.0000  0.0000  0.0000  0.0000

         0.0000  1.0000  0.0000  0.0000   0.0000  1.0000  0.0000  0.0000
 nr. 43  1.0000  0.0000  0.0000  0.0000   1.0000  0.0000  0.0000  0.0000
         0.0000  0.0000  1.0000  0.0000   0.0000  0.0000  1.0000  0.0000

         1.0000  0.0000  0.0000  0.0000  -1.0000  0.0000  0.0000  0.0000
 nr. 44  0.0000  0.0000 -1.0000  0.0000  -1.0000  1.0000  0.0000  0.0000
         0.0000 -1.0000  0.0000  0.0000  -1.0000  0.0000  1.0000  0.0000

         1.0000  0.0000  0.0000  0.0000   0.0000  1.0000 -1.0000  0.0000
 nr. 45  0.0000 -1.0000  0.0000  0.0000   0.0000  1.0000  0.0000  0.0000
         0.0000  0.0000  1.0000  0.0000  -1.0000  1.0000  0.0000  0.0000

         1.0000  0.0000  0.0000  0.0000   0.0000 -1.0000  1.0000  0.0000
 nr. 46  0.0000  1.0000  0.0000  0.0000  -1.0000  0.0000  1.0000  0.0000
         0.0000  0.0000 -1.0000  0.0000   0.0000  0.0000  1.0000  0.0000

        -1.0000  0.0000  0.0000  0.0000  -1.0000  0.0000  0.0000  0.0000
 nr. 47  0.0000  0.0000 -1.0000  0.0000   0.0000  0.0000 -1.0000  0.0000
         0.0000 -1.0000  0.0000  0.0000   0.0000 -1.0000  0.0000  0.0000

         1.0000  0.0000  0.0000  0.0000   1.0000  0.0000  0.0000  0.0000
 nr. 48  0.0000  0.0000  1.0000  0.0000   0.0000  0.0000  1.0000  0.0000
         0.0000  1.0000  0.0000  0.0000   0.0000  1.0000  0.0000  0.0000
 ***********************************************************************
  
           ===================================================
           ===       MPI PARALLELIZATION INFORMATION       ===
           ===================================================
           === TOTAL NUMBER OF K-POINTS          :      60 ===
           === K-POINT DIVISOR                   :       4 ===
           === TOTAL NUMBER OF BANDS             :      16 ===
           === BAND DIVISOR                      :       4 ===
           === TOTAL NUMBER OF G-VECTORS         :     307 ===
           === G-VECTOR DIVISOR                  :       1 ===
           ===================================================

 ***********************************************************************
                               ALLOCATION 
 ***********************************************************************
  NCPU  KNGP_FFT      KNGP       KNG     KNG1      KEG     KATM    KATM2
     0      1061       685       151       77        4        0        0
     1      1041       685       151       77        4        0        0
     2       965       685       151       77        4        0        0
     3       877       685       151       76        4        0        0
     4       745       685       151       77        4        0        0
     5       569       685       151       77        4        0        0
     6       369       685       151       77        4        0        0
     7       125       686       151       76        4        0        0
     8        30       686       151       77        4        0        0
     9       251       686       151       77        4        0        0
    10       471       686       151       77        4        0        0
    11       665       686       152       76        4        0        0
    12       817       686       152       77        4        0        0
    13       929       686       152       77        4        0        0
    14      1001       686       152       77        4        0        0
    15      1053       686       152       76        4        1        1
 -----------------------------------------------------------------------
  NCPU    KFFTPM     KFFTP    KFFTP2     KFFT    KMESH     KNMP     KNNP
     0      4224      4224      2112     1050       93        2        2
     1      4224      4224      2112     1050       93        2        2
     2      4224      4224      2112     1050       93        2        2
     3      4224      4224      2112     1050       94        2        2
     4      4224      4224      2112     1050       94        2        2
     5      4224      4224      2112     1050       94        2        2
     6      4224      4224      2112     1050       94        2        2
     7      4224      4224      2112     1050       94        2        2
     8      4224      4224      2112     1050       94        2        2
     9      4224      4224      2112     1050       94        2        2
    10      4224      4224      2112     1050       94        2        2
    11      4224      4224      2112     1050       94        2        2
    12      4224      4224      2112     1050       94        2        2
    13      4224      4224      2112     1050       94        2        2
    14      4224      4224      2112     1050       94        2        2
    15      4224      4224      2112     1050       94        2        2
 ***********************************************************************
                            END OF ALLOCATION 
 ***********************************************************************

 ********   <<  Reading Potential >>  ******** 
 F_POT(01) = pot.Cu_pbe1
 29.0000 11.0000  6      1          : NATOMN IVAL ILOC ITPCC
 ggapbe                             : XCTYPE
  7.5900  3.0200  2.6959 -1.6959    : ALP CC
 1501    96.0000 60.0000            : NMESH XH RMAX
 VALL is read from unit 37
    1   2   1                       : IL ITAU(IL1) IVAN(IL1)
    2   2   1                       : IL ITAU(IL1) IVAN(IL1)
    3   2   1                       : IL ITAU(IL1) IVAN(IL1)
    1   1   1   1   1   1  1135   8 : MM L1 T1 L2 T2 L3 NRC MORD
    2   1   1   1   2   1  1135   8 : MM L1 T1 L2 T2 L3 NRC MORD
    3   1   1   2   1   2  1135   8 : MM L1 T1 L2 T2 L3 NRC MORD
    4   1   1   2   2   2  1135   8 : MM L1 T1 L2 T2 L3 NRC MORD
    5   1   1   3   1   3  1135   8 : MM L1 T1 L2 T2 L3 NRC MORD
    6   1   1   3   2   3  1135   8 : MM L1 T1 L2 T2 L3 NRC MORD
    7   1   2   1   2   1  1135   8 : MM L1 T1 L2 T2 L3 NRC MORD
    8   1   2   2   1   2  1135   8 : MM L1 T1 L2 T2 L3 NRC MORD
    9   1   2   2   2   2  1135   8 : MM L1 T1 L2 T2 L3 NRC MORD
   10   1   2   3   1   3  1135   8 : MM L1 T1 L2 T2 L3 NRC MORD
   11   1   2   3   2   3  1135   8 : MM L1 T1 L2 T2 L3 NRC MORD
   12   2   1   2   1   1  1135   8 : MM L1 T1 L2 T2 L3 NRC MORD
   13   2   1   2   1   3  1135   8 : MM L1 T1 L2 T2 L3 NRC MORD
   14   2   1   2   2   1  1135   8 : MM L1 T1 L2 T2 L3 NRC MORD
   15   2   1   2   2   3  1135   8 : MM L1 T1 L2 T2 L3 NRC MORD
   16   2   1   3   1   2  1135   8 : MM L1 T1 L2 T2 L3 NRC MORD
   17   2   1   3   1   4  1135   8 : MM L1 T1 L2 T2 L3 NRC MORD
   18   2   1   3   2   2  1135   8 : MM L1 T1 L2 T2 L3 NRC MORD
   19   2   1   3   2   4  1135   8 : MM L1 T1 L2 T2 L3 NRC MORD
   20   2   2   2   2   1  1135   8 : MM L1 T1 L2 T2 L3 NRC MORD
   21   2   2   2   2   3  1135   8 : MM L1 T1 L2 T2 L3 NRC MORD
   22   2   2   3   1   2  1135   8 : MM L1 T1 L2 T2 L3 NRC MORD
   23   2   2   3   1   4  1135   8 : MM L1 T1 L2 T2 L3 NRC MORD
   24   2   2   3   2   2  1135   8 : MM L1 T1 L2 T2 L3 NRC MORD
   25   2   2   3   2   4  1135   8 : MM L1 T1 L2 T2 L3 NRC MORD
   26   3   1   3   1   1  1135   8 : MM L1 T1 L2 T2 L3 NRC MORD
   27   3   1   3   1   3  1127   8 : MM L1 T1 L2 T2 L3 NRC MORD
   28   3   1   3   1   5  1135   8 : MM L1 T1 L2 T2 L3 NRC MORD
   29   3   1   3   2   1  1135   8 : MM L1 T1 L2 T2 L3 NRC MORD
   30   3   1   3   2   3  1135   8 : MM L1 T1 L2 T2 L3 NRC MORD
   31   3   1   3   2   5  1135   8 : MM L1 T1 L2 T2 L3 NRC MORD
   32   3   2   3   2   1  1135   8 : MM L1 T1 L2 T2 L3 NRC MORD
   33   3   2   3   2   3  1135   8 : MM L1 T1 L2 T2 L3 NRC MORD
   34   3   2   3   2   5  1135   8 : MM L1 T1 L2 T2 L3 NRC MORD
 CHGPC  =   8.48851088
 TOTAL ENERGY CORRECTION FROM PS     =     0.4923571502D+00
 TOTAL PARTIAL CHARGE         SCHGPC =         8.4885108817
 TOTAL LOCALIZED CHARGE (QLCTOT)     =         0.0000000000
 KQITG =    34
 NUMBER OF BANDS SHOULD BE GREATER THAN 6
 KLMT  =    18
 KLMTT =    18
 KLMTA =    18
 TOTCH =      11.000000000000
 NX NY NZ  =   4   4   4
 NNEIB     =     729
 ALF       =    2.647574
 NEWLDG    =     137

 ***********************************************************************
 *                                                                     *
 *                              START SCF                              *
 *                                                                     *
 ***********************************************************************

  NSCF NADR            ETOTAL          EDEL          CDEL CONV      TCPU
     1    0      -59.13595140   0.59136E+02   0.13992E-01    0      0.28
     2    0      -59.53269151   0.39674E+00   0.51675E-01    0      0.15
     3    1      -59.76331543   0.23062E+00   0.84227E-02    0      0.15
     4    2      -59.76558983   0.22744E-02   0.33480E-02    1      0.15
     5    3      -59.76557484   0.14989E-04   0.47366E-03    2      0.14
     6    4      -59.76559458   0.19733E-04   0.78689E-04    3      0.14
     7    5      -59.76559432   0.25859E-06   0.63019E-04    3      0.14
     8    6      -59.76559452   0.20103E-06   0.40553E-04    3      0.15
     9    7      -59.76559466   0.14056E-06   0.27436E-05    3      0.15
    10    8      -59.76559466   0.26680E-09   0.20143E-05    3      0.14
    11    9      -59.76559466   0.32778E-09   0.18938E-06    3      0.14
    12   10      -59.76559466   0.16200E-11   0.33218E-07    4      0.14
    13   11      -59.76559466   0.12868E-10   0.24500E-07    5      0.14
    14   12      -59.76559466   0.21728E-10   0.77871E-08    6      0.15
 
                                   TOTAL CHARGE DENSITY =     10.9999997

                     TOTAL ENERGY AND ITS COMPONENTS 
                  TOTAL ENERGY     =         -59.76559466 A.U.
                KINETIC ENERGY     =           6.33273442 A.U.
                HARTREE ENERGY     =          16.07310497 A.U.
                     XC ENERGY     =         -19.86449054 A.U.
                  LOCAL ENERGY     =         -17.32308988 A.U.
               NONLOCAL ENERGY     =          -4.65818029 A.U.
                  EWALD ENERGY     =         -40.32567026 A.U.
                     PC ENERGY     =           0.00000000 A.U.
               ENTROPIC ENERGY     =          -0.00000307 A.U.

                                         FERMI ENERGY =      -0.04651170
 NKP=    1  NGP=       301  K=(  0.05709  0.05709  0.05709)  WKP= 0.0039
                              EIGEN VALUE 
 -0.37815 -0.15616 -0.15413 -0.15413 -0.12641 -0.12641  0.76401  0.83784
  0.86461  0.86461  0.99234  0.99234  1.02957  1.13279  1.23294  1.23294
                               OCCUPATION 
  1.00000  1.00000  1.00000  1.00000  1.00000  1.00000  0.00000  0.00000
  0.00000  0.00000  0.00000  0.00000  0.00000  0.00000  0.00000  0.00000
 NKP=    2  NGP=       304  K=( -0.05709  0.17127  0.17127)  WKP= 0.0117
                              EIGEN VALUE 
 -0.35122 -0.16141 -0.14995 -0.14991 -0.13012 -0.12428  0.60745  0.70660
  0.86600  0.89679  0.99343  1.01179  1.06200  1.17031  1.18960  1.30424
                               OCCUPATION 
  1.00000  1.00000  1.00000  1.00000  1.00000  1.00000  0.00000  0.00000
  0.00000  0.00000  0.00000  0.00000  0.00000  0.00000  0.00000  0.00000
 NKP=    3  NGP=       299  K=( -0.17127  0.28545  0.28545)  WKP= 0.0117
                              EIGEN VALUE 
 -0.29061 -0.16528 -0.15048 -0.14857 -0.12554 -0.11503  0.37517  0.66668
  0.82676  0.85356  0.92547  0.97820  1.12757  1.17293  1.27695  1.44627
                               OCCUPATION 
  1.00000  1.00000  1.00000  1.00000  1.00000  1.00000  0.00000  0.00000
  0.00000  0.00000  0.00000  0.00000  0.00000  0.00000  0.00000  0.00000
 NKP=    4  NGP=       295  K=( -0.28545  0.39963  0.39963)  WKP= 0.0117
                              EIGEN VALUE 
 -0.23524 -0.15580 -0.15331 -0.13863 -0.11232 -0.09439  0.17870  0.66099
  0.77264  0.78288  0.88714  0.95223  1.09789  1.36884  1.43847  1.60237
                               OCCUPATION 
  1.00000  1.00000  1.00000  1.00000  1.00000  1.00000  0.00000  0.00000
  0.00000  0.00000  0.00000  0.00000  0.00000  0.00000  0.00000  0.00000
 NKP=    5  NGP=       293  K=( -0.39963  0.51381  0.51381)  WKP= 0.0117
                              EIGEN VALUE 
 -0.22576 -0.15807 -0.15465 -0.12155 -0.10553 -0.06261  0.09504  0.69152
  0.72252  0.74563  0.91537  0.92973  1.08904  1.47917  1.57946  1.61859
                               OCCUPATION 
  1.00000  1.00000  1.00000  1.00000  1.00000  1.00000  0.00000  0.00000
  0.00000  0.00000  0.00000  0.00000  0.00000  0.00000  0.00000  0.00000
 NKP=    6  NGP=       296  K=( -0.51381  0.62799  0.62799)  WKP= 0.0117
                              EIGEN VALUE 
 -0.24838 -0.15493 -0.15333 -0.15131 -0.11033 -0.10889  0.23854  0.70236
  0.73140  0.77837  0.93267  0.98455  1.07956  1.27617  1.43029  1.52872
                               OCCUPATION 
  1.00000  1.00000  1.00000  1.00000  1.00000  1.00000  0.00000  0.00000
  0.00000  0.00000  0.00000  0.00000  0.00000  0.00000  0.00000  0.00000
 NKP=    7  NGP=       298  K=( -0.62799  0.74217  0.74217)  WKP= 0.0117
                              EIGEN VALUE 
 -0.31338 -0.16577 -0.14900 -0.14784 -0.12728 -0.12060  0.44957  0.72212
  0.75699  0.88144  0.94143  1.05585  1.08923  1.14924  1.25352  1.38346
                               OCCUPATION 
  1.00000  1.00000  1.00000  1.00000  1.00000  1.00000  0.00000  0.00000
  0.00000  0.00000  0.00000  0.00000  0.00000  0.00000  0.00000  0.00000
 NKP=    8  NGP=       303  K=( -0.74217  0.85635  0.85635)  WKP= 0.0117
                              EIGEN VALUE 
 -0.36454 -0.15965 -0.15133 -0.15123 -0.12967 -0.12475  0.68900  0.77798
  0.79180  0.87801  0.99835  1.05569  1.09090  1.12035  1.22669  1.25189
                               OCCUPATION 
  1.00000  1.00000  1.00000  1.00000  1.00000  1.00000  0.00000  0.00000
  0.00000  0.00000  0.00000  0.00000  0.00000  0.00000  0.00000  0.00000
 NKP=    9  NGP=       299  K=(  0.05709  0.05709  0.28545)  WKP= 0.0117
                              EIGEN VALUE 
 -0.33809 -0.16648 -0.14609 -0.14556 -0.13447 -0.12168  0.61696  0.69346
  0.73771  0.81701  0.90678  1.10903  1.19209  1.20164  1.29627  1.32712
                               OCCUPATION 
  1.00000  1.00000  1.00000  1.00000  1.00000  1.00000  0.00000  0.00000
  0.00000  0.00000  0.00000  0.00000  0.00000  0.00000  0.00000  0.00000
 NKP=   10  NGP=       300  K=( -0.05709  0.17127  0.39963)  WKP= 0.0234
                              EIGEN VALUE 
 -0.28947 -0.17425 -0.15036 -0.13863 -0.12871 -0.11307  0.47020  0.56719
  0.72011  0.78068  0.89414  1.11047  1.17439  1.30624  1.35446  1.50655
                               OCCUPATION 
  1.00000  1.00000  1.00000  1.00000  1.00000  1.00000  0.00000  0.00000
  0.00000  0.00000  0.00000  0.00000  0.00000  0.00000  0.00000  0.00000
 NKP=   11  NGP=       296  K=( -0.17127  0.28545  0.51381)  WKP= 0.0234
                              EIGEN VALUE 
 -0.23011 -0.17202 -0.15922 -0.14179 -0.11118 -0.08228  0.25921  0.55039
  0.61297  0.76378  1.01000  1.08238  1.15736  1.28686  1.49639  1.66752
                               OCCUPATION 
  1.00000  1.00000  1.00000  1.00000  1.00000  1.00000  0.00000  0.00000
  0.00000  0.00000  0.00000  0.00000  0.00000  0.00000  0.00000  0.00000
 NKP=   12  NGP=       295  K=( -0.28545  0.39963  0.62799)  WKP= 0.0234
                              EIGEN VALUE 
 -0.21110 -0.16844 -0.14892 -0.14548 -0.10651 -0.00697  0.10526  0.53306
  0.57868  0.77048  0.96946  1.12627  1.23760  1.33157  1.46553  1.63334
                               OCCUPATION 
  1.00000  1.00000  1.00000  1.00000  1.00000  0.00000  0.00000  0.00000
  0.00000  0.00000  0.00000  0.00000  0.00000  0.00000  0.00000  0.00000
 NKP=   13  NGP=       294  K=( -0.39963  0.51381  0.74217)  WKP= 0.0234
                              EIGEN VALUE 
 -0.21809 -0.16492 -0.15947 -0.14428 -0.11428 -0.05709  0.19831  0.49544
  0.64454  0.81040  0.94768  1.09886  1.21975  1.30439  1.44924  1.57045
                               OCCUPATION 
  1.00000  1.00000  1.00000  1.00000  1.00000  1.00000  0.00000  0.00000
  0.00000  0.00000  0.00000  0.00000  0.00000  0.00000  0.00000  0.00000
 NKP=   14  NGP=       299  K=( -0.51381  0.62799  0.85635)  WKP= 0.0234
                              EIGEN VALUE 
 -0.26791 -0.17274 -0.15461 -0.13953 -0.13032 -0.10120  0.39664  0.49821
  0.74632  0.87479  0.94167  1.02480  1.11426  1.26852  1.37676  1.57145
                               OCCUPATION 
  1.00000  1.00000  1.00000  1.00000  1.00000  1.00000  0.00000  0.00000
  0.00000  0.00000  0.00000  0.00000  0.00000  0.00000  0.00000  0.00000
 NKP=   15  NGP=       301  K=( -0.62799  0.74217  0.97053)  WKP= 0.0234
                              EIGEN VALUE 
 -0.32541 -0.16664 -0.14828 -0.14533 -0.13256 -0.11986  0.53413  0.63290
  0.81898  0.87912  0.93562  1.03522  1.08183  1.22243  1.26571  1.39442
                               OCCUPATION 
  1.00000  1.00000  1.00000  1.00000  1.00000  1.00000  0.00000  0.00000
  0.00000  0.00000  0.00000  0.00000  0.00000  0.00000  0.00000  0.00000
 NKP=   16  NGP=       302  K=(  0.05709  0.05709  0.51381)  WKP= 0.0117
                              EIGEN VALUE 
 -0.25973 -0.18476 -0.14407 -0.12807 -0.12028 -0.11318  0.49481  0.55199
  0.56644  0.66479  0.76612  1.33128  1.33601  1.41540  1.48600  1.55032
                               OCCUPATION 
  1.00000  1.00000  1.00000  1.00000  1.00000  1.00000  0.00000  0.00000
  0.00000  0.00000  0.00000  0.00000  0.00000  0.00000  0.00000  0.00000
 NKP=   17  NGP=       301  K=( -0.05709  0.17127  0.62799)  WKP= 0.0234
                              EIGEN VALUE 
 -0.22196 -0.19042 -0.14646 -0.12126 -0.11001 -0.07481  0.37259  0.44420
  0.46738  0.70638  0.82548  1.24234  1.40843  1.50693  1.58995  1.68770
                               OCCUPATION 
  1.00000  1.00000  1.00000  1.00000  1.00000  1.00000  0.00000  0.00000
  0.00000  0.00000  0.00000  0.00000  0.00000  0.00000  0.00000  0.00000
 NKP=   18  NGP=       293  K=( -0.17127  0.28545  0.74217)  WKP= 0.0234
                              EIGEN VALUE 
 -0.20025 -0.18738 -0.15393 -0.12752 -0.10520  0.02717  0.18832  0.35649
  0.48052  0.72019  1.02015  1.16519  1.34487  1.47505  1.53694  1.67697
                               OCCUPATION 
  1.00000  1.00000  1.00000  1.00000  1.00000  0.00000  0.00000  0.00000
  0.00000  0.00000  0.00000  0.00000  0.00000  0.00000  0.00000  0.00000
 NKP=   19  NGP=       289  K=( -0.28545  0.39963  0.85635)  WKP= 0.0234
                              EIGEN VALUE 
 -0.19050 -0.18121 -0.16517 -0.13203 -0.11318  0.03547  0.18332  0.30786
  0.53954  0.75795  1.09326  1.22839  1.27234  1.30502  1.45930  1.59183
                               OCCUPATION 
  1.00000  1.00000  1.00000  1.00000  1.00000  0.00000  0.00000  0.00000
  0.00000  0.00000  0.00000  0.00000  0.00000  0.00000  0.00000  0.00000
 NKP=   20  NGP=       296  K=( -0.39963  0.51381  0.97053)  WKP= 0.0234
                              EIGEN VALUE 
 -0.21364 -0.17294 -0.16635 -0.13668 -0.12222 -0.05641  0.28007  0.38808
  0.63406  0.82427  0.98984  1.11979  1.18679  1.34601  1.47549  1.56346
                               OCCUPATION 
  1.00000  1.00000  1.00000  1.00000  1.00000  1.00000  0.00000  0.00000
  0.00000  0.00000  0.00000  0.00000  0.00000  0.00000  0.00000  0.00000
 NKP=   21  NGP=       298  K=( -0.51381  0.62799  1.08471)  WKP= 0.0234
                              EIGEN VALUE 
 -0.26051 -0.16694 -0.15434 -0.14677 -0.12017 -0.10430  0.31172  0.60396
  0.74931  0.80465  0.96509  1.01566  1.13091  1.21917  1.36635  1.55647
                               OCCUPATION 
  1.00000  1.00000  1.00000  1.00000  1.00000  1.00000  0.00000  0.00000
  0.00000  0.00000  0.00000  0.00000  0.00000  0.00000  0.00000  0.00000
 NKP=   22  NGP=       299  K=(  0.05709  0.05709  0.74217)  WKP= 0.0117
                              EIGEN VALUE 
 -0.22044 -0.19979 -0.11385 -0.11131 -0.10455 -0.04902  0.31536  0.41536
  0.46225  0.62367  0.72219  1.46744  1.51062  1.64727  1.70169  1.73540
                               OCCUPATION 
  1.00000  1.00000  1.00000  1.00000  1.00000  1.03532  0.00000  0.00000
  0.00000  0.00000  0.00000  0.00000  0.00000  0.00000  0.00000  0.00000
 NKP=   23  NGP=       294  K=( -0.05709  0.17127  0.85635)  WKP= 0.0234
                              EIGEN VALUE 
 -0.21340 -0.19951 -0.12408 -0.11205 -0.10167  0.03725  0.23418  0.32569
  0.41675  0.67858  0.79894  1.37779  1.54749  1.57286  1.72008  1.79032
                               OCCUPATION 
  1.00000  1.00000  1.00000  1.00000  1.00000  0.00000  0.00000  0.00000
  0.00000  0.00000  0.00000  0.00000  0.00000  0.00000  0.00000  0.00000
 NKP=   24  NGP=       294  K=( -0.17127  0.28545  0.97053)  WKP= 0.0234
                              EIGEN VALUE 
 -0.19919 -0.19054 -0.14907 -0.12268 -0.10583  0.09921  0.17089  0.25920
  0.46539  0.71224  1.01437  1.22565  1.38943  1.41801  1.58739  1.71499
                               OCCUPATION 
  1.00000  1.00000  1.00000  1.00000  1.00000  0.00000  0.00000  0.00000
  0.00000  0.00000  0.00000  0.00000  0.00000  0.00000  0.00000  0.00000
 NKP=   25  NGP=       298  K=( -0.28545  0.39963  1.08471)  WKP= 0.0234
                              EIGEN VALUE 
 -0.19965 -0.17640 -0.15759 -0.13850 -0.10910  0.03150  0.11787  0.41250
  0.55241  0.76245  1.02893  1.20760  1.28267  1.33899  1.41806  1.55738
                               OCCUPATION 
  1.00000  1.00000  1.00000  1.00000  1.00000  0.00000  0.00000  0.00000
  0.00000  0.00000  0.00000  0.00000  0.00000  0.00000  0.00000  0.00000
 NKP=   26  NGP=       296  K=( -0.39963  0.51381  1.19889)  WKP= 0.0234
                              EIGEN VALUE 
 -0.22291 -0.16068 -0.15109 -0.14021 -0.10776 -0.05915  0.13307  0.61256
  0.66586  0.77824  0.92580  1.02338  1.14988  1.35711  1.54713  1.58142
                               OCCUPATION 
  1.00000  1.00000  1.00000  1.00000  1.00000  1.00000  0.00000  0.00000
  0.00000  0.00000  0.00000  0.00000  0.00000  0.00000  0.00000  0.00000
 NKP=   27  NGP=       300  K=(  0.05709  0.05709  0.97053)  WKP= 0.0117
                              EIGEN VALUE 
 -0.21942 -0.20325 -0.10797 -0.10668 -0.10136  0.00874  0.22746  0.39763
  0.44284  0.61610  0.71490  1.52460  1.58885  1.68894  1.72509  1.76919
                               OCCUPATION 
  1.00000  1.00000  1.00000  1.00000  1.00000  0.00000  0.00000  0.00000
  0.00000  0.00000  0.00000  0.00000  0.00000  0.00000  0.00000  0.00000
 NKP=   28  NGP=       298  K=( -0.05709  0.17127  1.08471)  WKP= 0.0234
                              EIGEN VALUE 
 -0.21378 -0.19634 -0.13308 -0.11433 -0.10496 -0.02262  0.32461  0.34245
  0.43375  0.68763  0.80747  1.31245  1.50010  1.63110  1.65036  1.69916
                               OCCUPATION 
  1.00000  1.00000  1.00000  1.00000  1.00000  0.00000  0.00000  0.00000
  0.00000  0.00000  0.00000  0.00000  0.00000  0.00000  0.00000  0.00000
 NKP=   29  NGP=       296  K=( -0.17127  0.28545  1.19889)  WKP= 0.0234
                              EIGEN VALUE 
 -0.20883 -0.18023 -0.15908 -0.13474 -0.10634 -0.03785  0.21782  0.47710
  0.51076  0.73689  1.02615  1.10977  1.25668  1.38786  1.59225  1.64225
                               OCCUPATION 
  1.00000  1.00000  1.00000  1.00000  1.00000 -0.00000  0.00000  0.00000
  0.00000  0.00000  0.00000  0.00000  0.00000  0.00000  0.00000  0.00000
 NKP=   30  NGP=       307  K=(  0.05709  0.05709  1.19889)  WKP= 0.0117
                              EIGEN VALUE 
 -0.22994 -0.19333 -0.12961 -0.11857 -0.10876 -0.09820  0.43306  0.44990
  0.49944  0.63938  0.73826  1.40055  1.42341  1.56077  1.57342  1.63755
                               OCCUPATION 
  1.00000  1.00000  1.00000  1.00000  1.00000  1.00000  0.00000  0.00000
  0.00000  0.00000  0.00000  0.00000  0.00000  0.00000  0.00000  0.00000
 NKP=   31  NGP=       301  K=( -0.05709  0.17127  1.31307)  WKP= 0.0234
                              EIGEN VALUE 
 -0.24993 -0.18264 -0.15301 -0.13029 -0.11843 -0.10197  0.41606  0.51056
  0.58031  0.73616  0.85425  1.17673  1.29430  1.39489  1.46859  1.59992
                               OCCUPATION 
  1.00000  1.00000  1.00000  1.00000  1.00000  1.00000  0.00000  0.00000
  0.00000  0.00000  0.00000  0.00000  0.00000  0.00000  0.00000  0.00000
 NKP=   32  NGP=       301  K=(  0.05709  0.05709  1.42725)  WKP= 0.0117
                              EIGEN VALUE 
 -0.30102 -0.17533 -0.14488 -0.13757 -0.13220 -0.11765  0.55177  0.61739
  0.68464  0.71748  0.81284  1.22311  1.27195  1.29961  1.38082  1.43950
                               OCCUPATION 
  1.00000  1.00000  1.00000  1.00000  1.00000  1.00000  0.00000  0.00000
  0.00000  0.00000  0.00000  0.00000  0.00000  0.00000  0.00000  0.00000
 NKP=   33  NGP=       304  K=(  0.17127  0.17127  0.17127)  WKP= 0.0039
                              EIGEN VALUE 
 -0.33829 -0.16226 -0.14960 -0.14960 -0.12642 -0.12642  0.52377  0.80681
  0.80681  0.81375  1.04819  1.06118  1.06118  1.13392  1.13392  1.32000
                               OCCUPATION 
  1.00000  1.00000  1.00000  1.00000  1.00000  1.00000  0.00000  0.00000
  0.00000  0.00000  0.00000  0.00000  0.00000  0.00000  0.00000  0.00000
 NKP=   34  NGP=       300  K=(  0.05709  0.28545  0.28545)  WKP= 0.0117
                              EIGEN VALUE 
 -0.30107 -0.16847 -0.15026 -0.14336 -0.13365 -0.11261  0.46031  0.56102
  0.87486  0.90069  0.94684  0.95804  1.06047  1.20118  1.32015  1.49153
                               OCCUPATION 
  1.00000  1.00000  1.00000  1.00000  1.00000  1.00000  0.00000  0.00000
  0.00000  0.00000  0.00000  0.00000  0.00000  0.00000  0.00000  0.00000
 NKP=   35  NGP=       300  K=( -0.05709  0.39963  0.39963)  WKP= 0.0117
                              EIGEN VALUE 
 -0.24024 -0.17196 -0.15880 -0.14047 -0.12873 -0.08398  0.33316  0.43755
  0.76452  0.79291  1.01971  1.03459  1.13601  1.25713  1.41977  1.61802
                               OCCUPATION 
  1.00000  1.00000  1.00000  1.00000  1.00000  1.00000  0.00000  0.00000
  0.00000  0.00000  0.00000  0.00000  0.00000  0.00000  0.00000  0.00000
 NKP=   36  NGP=       297  K=( -0.17127  0.51381  0.51381)  WKP= 0.0117
                              EIGEN VALUE 
 -0.20827 -0.16863 -0.15541 -0.14361 -0.11289 -0.01927  0.15013  0.44827
  0.65975  0.72656  1.04635  1.07650  1.32321  1.34775  1.40042  1.47335
                               OCCUPATION 
  1.00000  1.00000  1.00000  1.00000  1.00000  0.00000  0.00000  0.00000
  0.00000  0.00000  0.00000  0.00000  0.00000  0.00000  0.00000  0.00000
 NKP=   37  NGP=       293  K=( -0.28545  0.62799  0.62799)  WKP= 0.0117
                              EIGEN VALUE 
 -0.21001 -0.17293 -0.15453 -0.14197 -0.10475 -0.02305  0.14933  0.50009
  0.59751  0.69536  1.09423  1.10475  1.17653  1.32090  1.58752  1.63910
                               OCCUPATION 
  1.00000  1.00000  1.00000  1.00000  1.00000  0.00000  0.00000  0.00000
  0.00000  0.00000  0.00000  0.00000  0.00000  0.00000  0.00000  0.00000
 NKP=   38  NGP=       297  K=( -0.39963  0.74217  0.74217)  WKP= 0.0117
                              EIGEN VALUE 
 -0.24230 -0.17934 -0.15563 -0.13773 -0.10867 -0.09920  0.33231  0.58368
  0.58787  0.69404  0.95334  1.16995  1.17703  1.31236  1.52681  1.60915
                               OCCUPATION 
  1.00000  1.00000  1.00000  1.00000  1.00000  1.00000  0.00000  0.00000
  0.00000  0.00000  0.00000  0.00000  0.00000  0.00000  0.00000  0.00000
 NKP=   39  NGP=       298  K=(  0.17127  0.17127  0.39963)  WKP= 0.0117
                              EIGEN VALUE 
 -0.27913 -0.17185 -0.15201 -0.14387 -0.11945 -0.11425  0.38572  0.64716
  0.70206  0.75657  0.98369  1.06923  1.12751  1.21951  1.38527  1.48385
                               OCCUPATION 
  1.00000  1.00000  1.00000  1.00000  1.00000  1.00000  0.00000  0.00000
  0.00000  0.00000  0.00000  0.00000  0.00000  0.00000  0.00000  0.00000
 NKP=   40  NGP=       299  K=(  0.05709  0.28545  0.51381)  WKP= 0.0234
                              EIGEN VALUE 
 -0.23272 -0.17852 -0.16096 -0.13286 -0.12155 -0.08232  0.34334  0.44593
  0.60249  0.84213  0.93831  1.05406  1.23547  1.38170  1.45049  1.63072
                               OCCUPATION 
  1.00000  1.00000  1.00000  1.00000  1.00000  1.00000  0.00000  0.00000
  0.00000  0.00000  0.00000  0.00000  0.00000  0.00000  0.00000  0.00000
 NKP=   41  NGP=       294  K=( -0.05709  0.39963  0.62799)  WKP= 0.0234
                              EIGEN VALUE 
 -0.19554 -0.17769 -0.17134 -0.13049 -0.11398 -0.00998  0.23773  0.35061
  0.50006  0.87297  0.96338  1.10885  1.32762  1.42456  1.48413  1.55918
                               OCCUPATION 
  1.00000  1.00000  1.00000  1.00000  1.00000  0.00000  0.00000  0.00000
  0.00000  0.00000  0.00000  0.00000  0.00000  0.00000  0.00000  0.00000
 NKP=   42  NGP=       294  K=( -0.17127  0.51381  0.74217)  WKP= 0.0234
                              EIGEN VALUE 
 -0.19210 -0.18343 -0.16284 -0.13186 -0.10692  0.06173  0.13367  0.38857
  0.43257  0.83039  1.00352  1.16933  1.32434  1.36361  1.49486  1.69526
                               OCCUPATION 
  1.00000  1.00000  1.00000  1.00000  1.00000  0.00000  0.00000  0.00000
  0.00000  0.00000  0.00000  0.00000  0.00000  0.00000  0.00000  0.00000
 NKP=   43  NGP=       298  K=( -0.28545  0.62799  0.85635)  WKP= 0.0234
                              EIGEN VALUE 
 -0.20858 -0.18461 -0.16170 -0.12508 -0.11283 -0.04558  0.30097  0.40497
  0.46786  0.81371  0.92780  1.09646  1.37630  1.48828  1.55543  1.59486
                               OCCUPATION 
  1.00000  1.00000  1.00000  1.00000  1.00000  0.14901  0.00000  0.00000
  0.00000  0.00000  0.00000  0.00000  0.00000  0.00000  0.00000  0.00000
 NKP=   44  NGP=       299  K=(  0.17127  0.17127  0.62799)  WKP= 0.0117
                              EIGEN VALUE 
 -0.21649 -0.18707 -0.15176 -0.13011 -0.10488 -0.06169  0.28984  0.45593
  0.53348  0.66880  0.92497  1.23711  1.26234  1.43974  1.67562  1.72644
                               OCCUPATION 
  1.00000  1.00000  1.00000  1.00000  1.00000  1.00000  0.00000  0.00000
  0.00000  0.00000  0.00000  0.00000  0.00000  0.00000  0.00000  0.00000
 NKP=   45  NGP=       295  K=(  0.05709  0.28545  0.74217)  WKP= 0.0234
                              EIGEN VALUE 
 -0.20263 -0.18949 -0.15337 -0.12027 -0.10607  0.01369  0.27080  0.34527
  0.37772  0.79429  0.91743  1.15482  1.46996  1.50524  1.60398  1.69995
                               OCCUPATION 
  1.00000  1.00000  1.00000  1.00000  1.00000  0.00000  0.00000  0.00000
  0.00000  0.00000  0.00000  0.00000  0.00000  0.00000  0.00000  0.00000
 NKP=   46  NGP=       292  K=( -0.05709  0.39963  0.85635)  WKP= 0.0234
                              EIGEN VALUE 
 -0.19474 -0.18080 -0.16497 -0.12627 -0.10182  0.13181  0.19067  0.27462
  0.31368  0.90769  1.01550  1.07755  1.24170  1.61647  1.70487  1.79183
                               OCCUPATION 
  1.00000  1.00000  1.00000  1.00000  1.00000  0.00000  0.00000  0.00000
  0.00000  0.00000  0.00000  0.00000  0.00000  0.00000  0.00000  0.00000
 NKP=   47  NGP=       294  K=( -0.17127  0.51381  0.97053)  WKP= 0.0234
                              EIGEN VALUE 
 -0.19168 -0.18072 -0.16931 -0.12689 -0.10655  0.05644  0.20736  0.32535
  0.37750  0.90631  0.97060  1.09179  1.31746  1.48484  1.59659  1.67853
                               OCCUPATION 
  1.00000  1.00000  1.00000  1.00000  1.00000  0.00000  0.00000  0.00000
  0.00000  0.00000  0.00000  0.00000  0.00000  0.00000  0.00000  0.00000
 NKP=   48  NGP=       292  K=(  0.17127  0.17127  0.85635)  WKP= 0.0117
                              EIGEN VALUE 
 -0.20809 -0.19639 -0.13333 -0.11655 -0.10412  0.06084  0.23564  0.24974
  0.48044  0.64754  0.89688  1.37253  1.41292  1.53241  1.59144  1.77817
                               OCCUPATION 
  1.00000  1.00000  1.00000  1.00000  1.00000  0.00000  0.00000  0.00000
  0.00000  0.00000  0.00000  0.00000  0.00000  0.00000  0.00000  0.00000
 NKP=   49  NGP=       294  K=(  0.05709  0.28545  0.97053)  WKP= 0.0234
                              EIGEN VALUE 
 -0.20350 -0.19200 -0.14562 -0.11946 -0.10179  0.08057  0.24629  0.25797
  0.36279  0.78457  0.91169  1.21436  1.38383  1.59222  1.72897  1.78317
                               OCCUPATION 
  1.00000  1.00000  1.00000  1.00000  1.00000  0.00000  0.00000  0.00000
  0.00000  0.00000  0.00000  0.00000  0.00000  0.00000  0.00000  0.00000
 NKP=   50  NGP=       301  K=(  0.17127  0.17127  1.08471)  WKP= 0.0117
                              EIGEN VALUE 
 -0.20851 -0.19324 -0.14096 -0.12233 -0.10350 -0.00344  0.25947  0.33566
  0.49848  0.65430  0.90611  1.30576  1.34412  1.59246  1.62050  1.68169
                               OCCUPATION 
  1.00000  1.00000  1.00000  1.00000  1.00000  0.00000  0.00000  0.00000
  0.00000  0.00000  0.00000  0.00000  0.00000  0.00000  0.00000  0.00000
 NKP=   51  NGP=       302  K=(  0.28545  0.28545  0.28545)  WKP= 0.0039
                              EIGEN VALUE 
 -0.27161 -0.15892 -0.15150 -0.15150 -0.11723 -0.11723  0.30094  0.77343
  0.77343  0.77944  0.94782  0.94782  1.05057  1.29656  1.29656  1.44545
                               OCCUPATION 
  1.00000  1.00000  1.00000  1.00000  1.00000  1.00000  0.00000  0.00000
  0.00000  0.00000  0.00000  0.00000  0.00000  0.00000  0.00000  0.00000
 NKP=   52  NGP=       297  K=(  0.17127  0.39963  0.39963)  WKP= 0.0117
                              EIGEN VALUE 
 -0.23822 -0.16137 -0.15736 -0.14783 -0.12009 -0.08729  0.24925  0.54500
  0.77330  0.78586  0.94965  0.99450  1.21502  1.24675  1.36174  1.65077
                               OCCUPATION 
  1.00000  1.00000  1.00000  1.00000  1.00000  1.00000  0.00000  0.00000
  0.00000  0.00000  0.00000  0.00000  0.00000  0.00000  0.00000  0.00000
 NKP=   53  NGP=       295  K=(  0.05709  0.51381  0.51381)  WKP= 0.0117
                              EIGEN VALUE 
 -0.19929 -0.17252 -0.16771 -0.13666 -0.11911 -0.01884  0.22660  0.34174
  0.64663  0.72347  1.12605  1.12707  1.24345  1.32724  1.42591  1.52957
                               OCCUPATION 
  1.00000  1.00000  1.00000  1.00000  1.00000  0.00000  0.00000  0.00000
  0.00000  0.00000  0.00000  0.00000  0.00000  0.00000  0.00000  0.00000
 NKP=   54  NGP=       290  K=( -0.05709  0.62799  0.62799)  WKP= 0.0117
                              EIGEN VALUE 
 -0.19358 -0.18648 -0.15620 -0.12788 -0.11033  0.09230  0.13972  0.27775
  0.55044  0.67667  1.13424  1.23844  1.26009  1.37751  1.45936  1.64758
                               OCCUPATION 
  1.00000  1.00000  1.00000  1.00000  1.00000  0.00000  0.00000  0.00000
  0.00000  0.00000  0.00000  0.00000  0.00000  0.00000  0.00000  0.00000
 NKP=   55  NGP=       295  K=(  0.28545  0.28545  0.51381)  WKP= 0.0117
                              EIGEN VALUE 
 -0.22668 -0.16270 -0.15313 -0.14797 -0.10594 -0.07695  0.18795  0.63003
  0.64325  0.71821  1.03241  1.03360  1.13265  1.26191  1.57102  1.63638
                               OCCUPATION 
  1.00000  1.00000  1.00000  1.00000  1.00000  1.00000  0.00000  0.00000
  0.00000  0.00000  0.00000  0.00000  0.00000  0.00000  0.00000  0.00000
 NKP=   56  NGP=       296  K=(  0.17127  0.39963  0.62799)  WKP= 0.0234
                              EIGEN VALUE 
 -0.20279 -0.17493 -0.16074 -0.13806 -0.10903 -0.00595  0.15907  0.45719
  0.51209  0.82844  0.95802  1.18772  1.24567  1.37093  1.44716  1.59451
                               OCCUPATION 
  1.00000  1.00000  1.00000  1.00000  1.00000  0.00000  0.00000  0.00000
  0.00000  0.00000  0.00000  0.00000  0.00000  0.00000  0.00000  0.00000
 NKP=   57  NGP=       292  K=(  0.05709  0.51381  0.74217)  WKP= 0.0234
                              EIGEN VALUE 
 -0.18982 -0.18437 -0.16460 -0.12799 -0.10651  0.10555  0.15269  0.28599
  0.41926  0.82795  1.06602  1.13929  1.25378  1.44848  1.60350  1.67258
                               OCCUPATION 
  1.00000  1.00000  1.00000  1.00000  1.00000  0.00000  0.00000  0.00000
  0.00000  0.00000  0.00000  0.00000  0.00000  0.00000  0.00000  0.00000
 NKP=   58  NGP=       294  K=(  0.28545  0.28545  0.74217)  WKP= 0.0117
                              EIGEN VALUE 
 -0.19891 -0.18175 -0.15570 -0.13445 -0.10675  0.04523  0.12490  0.37865
  0.56629  0.68254  1.13240  1.16510  1.21322  1.45233  1.47391  1.55721
                               OCCUPATION 
  1.00000  1.00000  1.00000  1.00000  1.00000  0.00000  0.00000  0.00000
  0.00000  0.00000  0.00000  0.00000  0.00000  0.00000  0.00000  0.00000
 NKP=   59  NGP=       290  K=(  0.39963  0.39963  0.39963)  WKP= 0.0039
                              EIGEN VALUE 
 -0.23136 -0.15571 -0.15571 -0.10716 -0.10716 -0.10277  0.12556  0.75277
  0.76396  0.76396  0.87751  0.87751  1.05637  1.49949  1.49949  1.59694
                               OCCUPATION 
  1.00000  1.00000  1.00000  1.00000  1.00000  1.00000  0.00000  0.00000
  0.00000  0.00000  0.00000  0.00000  0.00000  0.00000  0.00000  0.00000
 NKP=   60  NGP=       290  K=(  0.28545  0.51381  0.51381)  WKP= 0.0117
                              EIGEN VALUE 
 -0.21793 -0.16286 -0.15034 -0.13896 -0.10763 -0.02982  0.09995  0.56839
  0.68558  0.73339  0.97399  1.01285  1.18632  1.44550  1.46672  1.53702
                               OCCUPATION 
  1.00000  1.00000  1.00000  1.00000  1.00000  0.00000  0.00000  0.00000
  0.00000  0.00000  0.00000  0.00000  0.00000  0.00000  0.00000  0.00000
 
 QMDQMDQMDQMDQMDQMDQMDQMDQMDQMDQMDQMDQMDQMDQMDQMDQMDQMDQMDQMDQMDQMDQMDQM

 MD ITERATION NR.      1:014          TOTAL CPU TIME =      2.67 SECONDS

                       CONVERGED ENERGY AND FORCES 
   NIT     TotalEnergy     f_max     f_rms      edel      vdel      fdel
     1    -59.76559466  0.000000  0.000000  0.22D-10  0.78D-08  0.22D-10

    ATOM              COORDINATES                        FORCES
MD:    1
MD:    1 Cu   0.000000   0.000000   0.000000   0.00000 -0.00000  0.00000
 
CHGPRO:     0.0000      0.2966341618     -0.4893798145      0.1561004110
CHGPRO:     0.1520      0.2913400363     -0.4899229885      0.1510739108
CHGPRO:     0.3040      0.2760466913     -0.4915274099      0.1362316051
CHGPRO:     0.4560      0.2524112868     -0.4943032517      0.1123150171
CHGPRO:     0.6080      0.2228922195     -0.4982015778      0.0807760679
CHGPRO:     0.7600      0.1904103835     -0.5028269083      0.0440039177
CHGPRO:     0.9120      0.1579440547     -0.5074945418      0.0054504692
CHGPRO:     1.0640      0.1280777541     -0.5109435184     -0.0306700555
CHGPRO:     1.2160      0.1026091148     -0.5116128766     -0.0604902209
CHGPRO:     1.3680      0.0823301581     -0.5075740771     -0.0812089492
CHGPRO:     1.5200      0.0670773226     -0.4970875912     -0.0910440274
CHGPRO:     1.6720      0.0560656899     -0.4797786047     -0.0897486215
CHGPRO:     1.8240      0.0483392538     -0.4572530846     -0.0794606183
CHGPRO:     1.9760      0.0430830206     -0.4341821300     -0.0646535087
CHGPRO:     2.1280      0.0397069314     -0.4153070197     -0.0505936461
CHGPRO:     2.2800      0.0378214495     -0.4021907432     -0.0411117107
CHGPRO:     2.4320      0.0372142199     -0.3970964261     -0.0378396699
CHGPRO:     2.5839      0.0378214495     -0.4021907432     -0.0411117107
CHGPRO:     2.7359      0.0397069314     -0.4153070197     -0.0505936461
CHGPRO:     2.8879      0.0430830206     -0.4341821300     -0.0646535087
CHGPRO:     3.0399      0.0483392538     -0.4572530846     -0.0794606183
CHGPRO:     3.1919      0.0560656899     -0.4797786047     -0.0897486215
CHGPRO:     3.3439      0.0670773226     -0.4970875912     -0.0910440274
CHGPRO:     3.4959      0.0823301581     -0.5075740771     -0.0812089492
CHGPRO:     3.6479      0.1026091148     -0.5116128766     -0.0604902209
CHGPRO:     3.7999      0.1280777541     -0.5109435184     -0.0306700555
CHGPRO:     3.9519      0.1579440547     -0.5074945418      0.0054504692
CHGPRO:     4.1039      0.1904103835     -0.5028269083      0.0440039177
CHGPRO:     4.2559      0.2228922195     -0.4982015778      0.0807760679
CHGPRO:     4.4079      0.2524112868     -0.4943032517      0.1123150171
CHGPRO:     4.5599      0.2760466913     -0.4915274099      0.1362316051
CHGPRO:     4.7119      0.2913400363     -0.4899229885      0.1510739108

 *I* wavefunction data written in zaj.data

 *I* writing eko_l

 *I* writing fsr_l, fsi_l

 *I* potential data written in potential.data

           <<<  Atomic Charge >>>
  ia is   rd d_rd  Charge(1)  Charge(2)  Charge(3)
   1  1 2.30 0.10   9.835241  10.064451  10.301187

 ***********************************************************************
 *                                                                     *
 *                               TIMING                                *
 *                                                                     *
 ***********************************************************************
      SUBROUTINE        CALLS        TOTAL CPU TIME           <CPU TIME>
             SCF            1                2.2667               2.2667
          WF_Dav           15                1.8906               0.1260
     diagonalize          675                0.9710               0.0014
        dav_hphi          675                0.6050               0.0009
         fftw3c3         6240                0.5636               0.0001
           kbint            1                0.3902               0.3902
         swffftx         2700                0.2710               0.0001
        swffftx2         2700                0.2460               0.0001
             Dos            2                0.1036               0.0518
          Chgfft           14                0.0964               0.0069
         dav_mgs          450                0.0861               0.0002
          swffft          840                0.0815               0.0001
       dav_mgs_2          450                0.0711               0.0002
         Writing            1                0.0669               0.0669
      xc_gga_chg           28                0.0631               0.0023
     fdchgq0_fft           14                0.0594               0.0042
         dav_hij          675                0.0509               0.0001
      dav_nonloc          675                0.0499               0.0001
   fdchgq0_fft_1           14                0.0396               0.0028
           fd_vq           14                0.0391               0.0028
           pspot            1                0.0346               0.0346
           Force            1                0.0340               0.0340
    dav_residual          450                0.0325               0.0001
        fdforce0            1                0.0303               0.0303
  dav_residual_1          450                0.0257               0.0001
    dav_nonloc_3         4230                0.0256               0.0000
 dav_band2g_hphi          675                0.0211               0.0000
      dav_sumset          450                0.0205               0.0000
    dav_nonloc_2         4230                0.0161               0.0000
         FFT_SET            1                0.0155               0.0155
      dav_precon          450                0.0145               0.0000
    dav_sumset_1          450                0.0108               0.0000
           Fermi           14                0.0100               0.0007
    xc_1_gr_ch12           84                0.0095               0.0001
    dav_sumset_2          450                0.0091               0.0000
 dav_refresh_phi          225                0.0087               0.0000
  dav_band2g_phi          240                0.0085               0.0000
       dav_mgs_1          450                0.0077               0.0000
            symm            1                0.0068               0.0068
    dav_copy_fsr          225                0.0064               0.0000
       dav_mgs_3          450                0.0063               0.0000
    dav_nonloc_1          675                0.0046               0.0000
           psloc            1                0.0045               0.0045
        swffftx1         2700                0.0044               0.0000
           gstep            1                0.0042               0.0042
          ptfft1           15                0.0038               0.0003
      dav_grmsmd            1                0.0037               0.0037
    xc_1_gr_ch11           84                0.0037               0.0000
       ptfft1p00            9                0.0026               0.0003
 dav_refresh_fsr          225                0.0026               0.0000
   blugel_ishida           13                0.0024               0.0002
       dav_mgs_t           15                0.0023               0.0002
 ***********************************************************************

 =======================================================================
 TASK                   CALLS        TOTAL CPU TIME           <CPU TIME>
 FFT SingleProc          6240                0.5666               0.0001
 FFT MPI                  344                0.0393               0.0001
 FFTW MPI1                 29                0.0032               0.0001
  
 ALLREDUCE               8480                0.0307               0.0000
 ALLREDUCE_G               48                0.0027               0.0001
 ALLREDUCE_BG              15                0.0001               0.0000
 ALLREDUCE_K             3390                0.0297               0.0000
 ALLGATHERV                69                0.0033               0.0000
 ALLGATHERV_KG            690                0.0063               0.0000
 ALLGATHERV_K             450                0.0045               0.0000
 GATHERV                    2                0.0001               0.0000
 ALLTOALLV                193                0.0092               0.0000
 ALLTOALLV_KG            1875                0.0304               0.0000
 TOTAL TIME FOR COMMUNICATION                0.1172
 =======================================================================

 TOTAL CPU TIME:  00 HOURS 00 MINUTES  2.88 SECONDS

 PROGRAM STATE ENDED AT: Jul  1 11:48:58 2025
  
 HHHHHHHHHHHHHHHHHHHHHHHHHHHHHHHHHHHHHHHHHHHHHHHHHHHHHHHHHHHHHHHHH
 HHHHHHHHHHHHHHHHHHHHHHHHHHHHHHHHHHHHHHHHHHHHHHHHHHHHHHHHHHHHHHHHH
                           _______________________
     __________   _______/______v______v______v___]
    D          | |                                 |
    D   A A    | | Congratulations!                |  C( > < )D
  --  =(^.^)=  | |  The calculation has converged. |    = o =
 |     @@@@@   | |                                 |    (    )~
 /--=O=-+-=O=---+--=O=--+--==O==--+--==O==--+--=O=-+--=O=---=O=-/
  
 HHHHHHHHHHHHHHHHHHHHHHHHHHHHHHHHHHHHHHHHHHHHHHHHHHHHHHHHHHHHHHHHH
 HHHHHHHHHHHHHHHHHHHHHHHHHHHHHHHHHHHHHHHHHHHHHHHHHHHHHHHHHHHHHHHHH
