[0] MPI startup(): I_MPI_TCP_NETMASK variable has been removed from the product, its value is ignored

 
 ***********************************************************************
 *                                                                     *
 *                                                                     *
 *                                                                     *
 *              ******  ********    **    ******** ********            *
 *             ******** ********   ****   ******** ********            *
 *             **          **     **  **     **    **                  *
 *              ***        **    ********    **    ******              *
 *                ***      **   **********   **    ******              *
 *                  **     **  **        **  **    **                  *
 *             ********    ** **          ** **    ********            *
 *              ******     ** VERSION 5.6.17 **    ********            *
 *                               RICS-AIST                             *
 *                           OSAKA UNIVERSITY                          *
 *                                                                     *
 ***********************************************************************
 
 PROGRAM STATE STARTED AT: Jul  1 11:48:52 2025

 THIS JOB RUNS ON         : xs01                            
 THE CURRENT DIRECTORY IS : /home/ikutaro/work/STATE/examples/Cu/fcc/k-p
 THE PROCESS ID IS        : 86143
 THE JOB WAS SUBMITTED BY : ikutaro             
 THE NUMBER OF PROCESSORS : 16
 THE NUMBER OF THREADS    : 1
 
 ELECTRONIC WAVEFUNCTIONS INITIALIZED 
 ELECTRONIC CHARGE INITIALIZED 
 IONIC POSITIONS READ FROM STANDARD INPUT 
 IONIC VELOCITIES INITIALIZED 
 MAXIMUM SCF ITERATIONS : 200
 MAXIMUM MD STEPS : 200
 MAXIMUM ELAPSED CPU TIME :  86400.00 SEC
 TIME INCREMENT IN MOLECULAR DYNAMICS :     50.00 A.U.
 ENERGY CRITERION FOR SCF ITERATIONS :  0.100000E-09 HA/ATOM

 EXCHANGE-CORRELATION FUNCTIONAL : ggapbe
 SPIN POLARIZATION NOT ALLOWED 
 NUMBER OF BANDS CONSIDERED : 16
 METHFESSEL-PAXTON SMEARING 
 SMEARING WIDTH : 0.002000
 DAVIDSON METHOD WITH G-SPACE TECHNIQUE 
 BLUGEL MIXING PARAMETERS 
   MIXING OBJECT : CHARGE 
   MIXING INFORMATION RESET AFTER 30 STEPS
   MIXING PARAMETER : 0.300

 ********************************** TYPE *******************************
 TYPE  NAME  INITIAL CHARGE   MASS(AMU)     PP TYPE  ILOC   INITIAL SPIN
    1    Cu          0.1500     63.5460   UltraSoft     3         0.0000
 ***********************************************************************

 ********************************* ATOMS *******************************
   ATOM    X(BOHR)    Y(BOHR)    Z(BOHR)     TAUX    TAUY    TAUZ IW  IR
   1  1    0.00000    0.00000    0.00000   0.0000  0.0000  0.0000  1   0
 ***********************************************************************

 ******************************** K-POINTS *****************************
 BRAVIAS LATTICE         :        FACE CENTER         
 SPACE GROUP             :        F m -3 m  
 INVERSION SYMMETRY      :        NO 
 CONV. LAT. VECTOR(BOHR) :        6.878600       0.000000       0.000000
 CONV. LAT. VECTOR(BOHR) :        0.000000       6.878600       0.000000
 CONV. LAT. VECTOR(BOHR) :        0.000000       0.000000       6.878600
 PRIM. LAT. VECTOR(BOHR) :        0.000000       3.439300       3.439300
 PRIM. LAT. VECTOR(BOHR) :        3.439300       0.000000       3.439300
 PRIM. LAT. VECTOR(BOHR) :        3.439300       3.439300       0.000000
 PRIM. CELL VOLUME       :    0.813655E+02
 PRIM. REC. VECTOR(1/BOHR) :     -0.913440       0.913440       0.913440
 PRIM. REC. VECTOR(1/BOHR) :      0.913440      -0.913440       0.913440
 PRIM. REC. VECTOR(1/BOHR) :      0.913440       0.913440      -0.913440
 REC. PRIM. CELL VOLUME    :  0.304859E+01
 ENERGY CUTOFF FOR SOFT MODE(RY) :  36.000
 ENERGY CUTOFF FOR HARD MODE(RY) : 400.000
 NUMBER OF K-POINT MESH  :               7              7              7
 K-POINT SHIFT           :              ON             ON             ON
 NUMBER OF K-POINTS      :              44
        NKP            WKP              KX             KY             KZ
          1       0.005831        0.065246       0.065246       0.065246
          2       0.017493       -0.065246       0.195737       0.195737
          3       0.017493       -0.195737       0.326228       0.326228
          4       0.017493       -0.326228       0.456720       0.456720
          5       0.017493       -0.456720       0.587211       0.587211
          6       0.017493       -0.587211       0.717703       0.717703
          7       0.017493       -0.717703       0.848194       0.848194
          8       0.017493        0.065246       0.065246       0.326228
          9       0.034985       -0.065246       0.195737       0.456720
         10       0.034985       -0.195737       0.326228       0.587211
         11       0.034985       -0.326228       0.456720       0.717703
         12       0.034985       -0.456720       0.587211       0.848194
         13       0.034985       -0.587211       0.717703       0.978685
         14       0.017493        0.065246       0.065246       0.587211
         15       0.034985       -0.065246       0.195737       0.717703
         16       0.034985       -0.195737       0.326228       0.848194
         17       0.034985       -0.326228       0.456720       0.978685
         18       0.034985       -0.456720       0.587211       1.109177
         19       0.017493        0.065246       0.065246       0.848194
         20       0.034985       -0.065246       0.195737       0.978685
         21       0.034985       -0.195737       0.326228       1.109177
         22       0.017493       -0.326228       0.456720       1.239668
         23       0.017493        0.065246       0.065246       1.109177
         24       0.034985       -0.065246       0.195737       1.239668
         25       0.017493        0.065246       0.065246       1.370159
         26       0.005831        0.195737       0.195737       0.195737
         27       0.017493        0.065246       0.326228       0.326228
         28       0.017493       -0.065246       0.456720       0.456720
         29       0.017493       -0.195737       0.587211       0.587211
         30       0.017493       -0.326228       0.717703       0.717703
         31       0.017493        0.195737       0.195737       0.456720
         32       0.034985        0.065246       0.326228       0.587211
         33       0.034985       -0.065246       0.456720       0.717703
         34       0.034985       -0.195737       0.587211       0.848194
         35       0.017493        0.195737       0.195737       0.717703
         36       0.034985        0.065246       0.326228       0.848194
         37       0.017493       -0.065246       0.456720       0.978685
         38       0.017493        0.195737       0.195737       0.978685
         39       0.005831        0.326228       0.326228       0.326228
         40       0.017493        0.195737       0.456720       0.456720
         41       0.017493        0.065246       0.587211       0.587211
         42       0.017493        0.326228       0.326228       0.587211
         43       0.017493        0.195737       0.456720       0.717703
         44       0.002915        0.456720       0.456720       0.456720
 ***********************************************************************
 *I* TOTAL NUMBER OF DEGREES OF FREEDOM :     0
     
 NEIBRD =       1331
 KID  KNX  KNY  KNZ  KNL  KNM  KNN  =   21   10   10   10   20   20   20
 KIDP KNXP KNYP KNZP KNLP KNMP KNNP =   33   16   16   16   32   32   32
 NUMBER OF GENERATED VECTORS KNG,KNGP =      2421     10969
 KFFT KFFTP =      16800     67584
 IOPT IOPTP =          1         1

 ************************* SYMMETRY OPERATION **************************
                   Rc              tc               Rp             tp
         1.0000  0.0000  0.0000  0.0000   1.0000  0.0000  0.0000  0.0000
 nr.  1  0.0000  1.0000  0.0000  0.0000   0.0000  1.0000  0.0000  0.0000
         0.0000  0.0000  1.0000  0.0000   0.0000  0.0000  1.0000  0.0000

        -1.0000  0.0000  0.0000  0.0000  -1.0000  0.0000  0.0000  0.0000
 nr.  2  0.0000 -1.0000  0.0000  0.0000   0.0000 -1.0000  0.0000  0.0000
         0.0000  0.0000 -1.0000  0.0000   0.0000  0.0000 -1.0000  0.0000

         1.0000  0.0000  0.0000  0.0000   0.0000 -1.0000  1.0000  0.0000
 nr.  3  0.0000  0.0000 -1.0000  0.0000   0.0000  0.0000  1.0000  0.0000
         0.0000  1.0000  0.0000  0.0000  -1.0000  0.0000  1.0000  0.0000

         0.0000  0.0000  1.0000  0.0000   0.0000  0.0000  1.0000  0.0000
 nr.  4  1.0000  0.0000  0.0000  0.0000   1.0000  0.0000  0.0000  0.0000
         0.0000  1.0000  0.0000  0.0000   0.0000  1.0000  0.0000  0.0000

        -1.0000  0.0000  0.0000  0.0000   0.0000  1.0000 -1.0000  0.0000
 nr.  5  0.0000  0.0000  1.0000  0.0000   0.0000  0.0000 -1.0000  0.0000
         0.0000 -1.0000  0.0000  0.0000   1.0000  0.0000 -1.0000  0.0000

         0.0000  0.0000 -1.0000  0.0000   0.0000  0.0000 -1.0000  0.0000
 nr.  6 -1.0000  0.0000  0.0000  0.0000  -1.0000  0.0000  0.0000  0.0000
         0.0000 -1.0000  0.0000  0.0000   0.0000 -1.0000  0.0000  0.0000

         1.0000  0.0000  0.0000  0.0000  -1.0000  0.0000  0.0000  0.0000
 nr.  7  0.0000 -1.0000  0.0000  0.0000  -1.0000  0.0000  1.0000  0.0000
         0.0000  0.0000 -1.0000  0.0000  -1.0000  1.0000  0.0000  0.0000

         0.0000  0.0000  1.0000  0.0000  -1.0000  1.0000  0.0000  0.0000
 nr.  8  0.0000 -1.0000  0.0000  0.0000   0.0000  1.0000  0.0000  0.0000
         1.0000  0.0000  0.0000  0.0000   0.0000  1.0000 -1.0000  0.0000

         0.0000  1.0000  0.0000  0.0000  -1.0000  0.0000  1.0000  0.0000
 nr.  9  1.0000  0.0000  0.0000  0.0000   0.0000 -1.0000  1.0000  0.0000
         0.0000  0.0000 -1.0000  0.0000   0.0000  0.0000  1.0000  0.0000

         0.0000  1.0000  0.0000  0.0000   0.0000  1.0000  0.0000  0.0000
 nr. 10  0.0000  0.0000  1.0000  0.0000   0.0000  0.0000  1.0000  0.0000
         1.0000  0.0000  0.0000  0.0000   1.0000  0.0000  0.0000  0.0000

        -1.0000  0.0000  0.0000  0.0000   1.0000  0.0000  0.0000  0.0000
 nr. 11  0.0000  1.0000  0.0000  0.0000   1.0000  0.0000 -1.0000  0.0000
         0.0000  0.0000  1.0000  0.0000   1.0000 -1.0000  0.0000  0.0000

         0.0000  0.0000 -1.0000  0.0000   1.0000 -1.0000  0.0000  0.0000
 nr. 12  0.0000  1.0000  0.0000  0.0000   0.0000 -1.0000  0.0000  0.0000
        -1.0000  0.0000  0.0000  0.0000   0.0000 -1.0000  1.0000  0.0000

         0.0000 -1.0000  0.0000  0.0000   1.0000  0.0000 -1.0000  0.0000
 nr. 13 -1.0000  0.0000  0.0000  0.0000   0.0000  1.0000 -1.0000  0.0000
         0.0000  0.0000  1.0000  0.0000   0.0000  0.0000 -1.0000  0.0000

         0.0000 -1.0000  0.0000  0.0000   0.0000 -1.0000  0.0000  0.0000
 nr. 14  0.0000  0.0000 -1.0000  0.0000   0.0000  0.0000 -1.0000  0.0000
        -1.0000  0.0000  0.0000  0.0000  -1.0000  0.0000  0.0000  0.0000

         1.0000  0.0000  0.0000  0.0000   0.0000  1.0000 -1.0000  0.0000
 nr. 15  0.0000  0.0000  1.0000  0.0000  -1.0000  1.0000  0.0000  0.0000
         0.0000 -1.0000  0.0000  0.0000   0.0000  1.0000  0.0000  0.0000

         0.0000  0.0000  1.0000  0.0000   0.0000  0.0000 -1.0000  0.0000
 nr. 16 -1.0000  0.0000  0.0000  0.0000   0.0000  1.0000 -1.0000  0.0000
         0.0000 -1.0000  0.0000  0.0000   1.0000  0.0000 -1.0000  0.0000

         0.0000  1.0000  0.0000  0.0000   1.0000  0.0000 -1.0000  0.0000
 nr. 17 -1.0000  0.0000  0.0000  0.0000   1.0000  0.0000  0.0000  0.0000
         0.0000  0.0000  1.0000  0.0000   1.0000 -1.0000  0.0000  0.0000

         0.0000  0.0000 -1.0000  0.0000  -1.0000  1.0000  0.0000  0.0000
 nr. 18  1.0000  0.0000  0.0000  0.0000  -1.0000  0.0000  0.0000  0.0000
         0.0000 -1.0000  0.0000  0.0000  -1.0000  0.0000  1.0000  0.0000

         0.0000  0.0000 -1.0000  0.0000   0.0000  0.0000  1.0000  0.0000
 nr. 19  0.0000  1.0000  0.0000  0.0000  -1.0000  0.0000  1.0000  0.0000
         1.0000  0.0000  0.0000  0.0000   0.0000 -1.0000  1.0000  0.0000

        -1.0000  0.0000  0.0000  0.0000   0.0000 -1.0000  1.0000  0.0000
 nr. 20  0.0000  0.0000 -1.0000  0.0000   1.0000 -1.0000  0.0000  0.0000
         0.0000  1.0000  0.0000  0.0000   0.0000 -1.0000  0.0000  0.0000

         0.0000  0.0000 -1.0000  0.0000   0.0000  0.0000  1.0000  0.0000
 nr. 21  1.0000  0.0000  0.0000  0.0000   0.0000 -1.0000  1.0000  0.0000
         0.0000  1.0000  0.0000  0.0000  -1.0000  0.0000  1.0000  0.0000

         0.0000 -1.0000  0.0000  0.0000  -1.0000  0.0000  1.0000  0.0000
 nr. 22  1.0000  0.0000  0.0000  0.0000  -1.0000  0.0000  0.0000  0.0000
         0.0000  0.0000 -1.0000  0.0000  -1.0000  1.0000  0.0000  0.0000

         0.0000  0.0000  1.0000  0.0000   1.0000 -1.0000  0.0000  0.0000
 nr. 23 -1.0000  0.0000  0.0000  0.0000   1.0000  0.0000  0.0000  0.0000
         0.0000  1.0000  0.0000  0.0000   1.0000  0.0000 -1.0000  0.0000

         0.0000  0.0000  1.0000  0.0000   0.0000  0.0000 -1.0000  0.0000
 nr. 24  0.0000 -1.0000  0.0000  0.0000   1.0000  0.0000 -1.0000  0.0000
        -1.0000  0.0000  0.0000  0.0000   0.0000  1.0000 -1.0000  0.0000

         0.0000  0.0000  1.0000  0.0000   1.0000 -1.0000  0.0000  0.0000
 nr. 25  0.0000  1.0000  0.0000  0.0000   1.0000  0.0000 -1.0000  0.0000
        -1.0000  0.0000  0.0000  0.0000   1.0000  0.0000  0.0000  0.0000

         0.0000  1.0000  0.0000  0.0000   0.0000 -1.0000  0.0000  0.0000
 nr. 26  0.0000  0.0000 -1.0000  0.0000   1.0000 -1.0000  0.0000  0.0000
        -1.0000  0.0000  0.0000  0.0000   0.0000 -1.0000  1.0000  0.0000

         0.0000  0.0000 -1.0000  0.0000   1.0000 -1.0000  0.0000  0.0000
 nr. 27 -1.0000  0.0000  0.0000  0.0000   0.0000 -1.0000  1.0000  0.0000
         0.0000  1.0000  0.0000  0.0000   0.0000 -1.0000  0.0000  0.0000

         0.0000 -1.0000  0.0000  0.0000   0.0000  1.0000  0.0000  0.0000
 nr. 28  1.0000  0.0000  0.0000  0.0000   0.0000  1.0000 -1.0000  0.0000
         0.0000  0.0000  1.0000  0.0000  -1.0000  1.0000  0.0000  0.0000

         0.0000 -1.0000  0.0000  0.0000   1.0000  0.0000 -1.0000  0.0000
 nr. 29  0.0000  0.0000  1.0000  0.0000   0.0000  0.0000 -1.0000  0.0000
        -1.0000  0.0000  0.0000  0.0000   0.0000  1.0000 -1.0000  0.0000

         0.0000 -1.0000  0.0000  0.0000  -1.0000  0.0000  1.0000  0.0000
 nr. 30  0.0000  0.0000 -1.0000  0.0000  -1.0000  1.0000  0.0000  0.0000
         1.0000  0.0000  0.0000  0.0000  -1.0000  0.0000  0.0000  0.0000

         0.0000  0.0000 -1.0000  0.0000  -1.0000  1.0000  0.0000  0.0000
 nr. 31  0.0000 -1.0000  0.0000  0.0000  -1.0000  0.0000  1.0000  0.0000
         1.0000  0.0000  0.0000  0.0000  -1.0000  0.0000  0.0000  0.0000

         0.0000 -1.0000  0.0000  0.0000   0.0000  1.0000  0.0000  0.0000
 nr. 32  0.0000  0.0000  1.0000  0.0000  -1.0000  1.0000  0.0000  0.0000
         1.0000  0.0000  0.0000  0.0000   0.0000  1.0000 -1.0000  0.0000

         0.0000  0.0000  1.0000  0.0000  -1.0000  1.0000  0.0000  0.0000
 nr. 33  1.0000  0.0000  0.0000  0.0000   0.0000  1.0000 -1.0000  0.0000
         0.0000 -1.0000  0.0000  0.0000   0.0000  1.0000  0.0000  0.0000

         0.0000  1.0000  0.0000  0.0000   0.0000 -1.0000  0.0000  0.0000
 nr. 34 -1.0000  0.0000  0.0000  0.0000   0.0000 -1.0000  1.0000  0.0000
         0.0000  0.0000 -1.0000  0.0000   1.0000 -1.0000  0.0000  0.0000

         0.0000  1.0000  0.0000  0.0000  -1.0000  0.0000  1.0000  0.0000
 nr. 35  0.0000  0.0000 -1.0000  0.0000   0.0000  0.0000  1.0000  0.0000
         1.0000  0.0000  0.0000  0.0000   0.0000 -1.0000  1.0000  0.0000

         0.0000  1.0000  0.0000  0.0000   1.0000  0.0000 -1.0000  0.0000
 nr. 36  0.0000  0.0000  1.0000  0.0000   1.0000 -1.0000  0.0000  0.0000
        -1.0000  0.0000  0.0000  0.0000   1.0000  0.0000  0.0000  0.0000

         0.0000  0.0000 -1.0000  0.0000   0.0000  0.0000 -1.0000  0.0000
 nr. 37  0.0000 -1.0000  0.0000  0.0000   0.0000 -1.0000  0.0000  0.0000
        -1.0000  0.0000  0.0000  0.0000  -1.0000  0.0000  0.0000  0.0000

         0.0000 -1.0000  0.0000  0.0000   0.0000 -1.0000  0.0000  0.0000
 nr. 38 -1.0000  0.0000  0.0000  0.0000  -1.0000  0.0000  0.0000  0.0000
         0.0000  0.0000 -1.0000  0.0000   0.0000  0.0000 -1.0000  0.0000

        -1.0000  0.0000  0.0000  0.0000   1.0000  0.0000  0.0000  0.0000
 nr. 39  0.0000  0.0000  1.0000  0.0000   1.0000 -1.0000  0.0000  0.0000
         0.0000  1.0000  0.0000  0.0000   1.0000  0.0000 -1.0000  0.0000

        -1.0000  0.0000  0.0000  0.0000   0.0000 -1.0000  1.0000  0.0000
 nr. 40  0.0000  1.0000  0.0000  0.0000   0.0000 -1.0000  0.0000  0.0000
         0.0000  0.0000 -1.0000  0.0000   1.0000 -1.0000  0.0000  0.0000

        -1.0000  0.0000  0.0000  0.0000   0.0000  1.0000 -1.0000  0.0000
 nr. 41  0.0000 -1.0000  0.0000  0.0000   1.0000  0.0000 -1.0000  0.0000
         0.0000  0.0000  1.0000  0.0000   0.0000  0.0000 -1.0000  0.0000

         0.0000  0.0000  1.0000  0.0000   0.0000  0.0000  1.0000  0.0000
 nr. 42  0.0000  1.0000  0.0000  0.0000   0.0000  1.0000  0.0000  0.0000
         1.0000  0.0000  0.0000  0.0000   1.0000  0.0000  0.0000  0.0000

         0.0000  1.0000  0.0000  0.0000   0.0000  1.0000  0.0000  0.0000
 nr. 43  1.0000  0.0000  0.0000  0.0000   1.0000  0.0000  0.0000  0.0000
         0.0000  0.0000  1.0000  0.0000   0.0000  0.0000  1.0000  0.0000

         1.0000  0.0000  0.0000  0.0000  -1.0000  0.0000  0.0000  0.0000
 nr. 44  0.0000  0.0000 -1.0000  0.0000  -1.0000  1.0000  0.0000  0.0000
         0.0000 -1.0000  0.0000  0.0000  -1.0000  0.0000  1.0000  0.0000

         1.0000  0.0000  0.0000  0.0000   0.0000  1.0000 -1.0000  0.0000
 nr. 45  0.0000 -1.0000  0.0000  0.0000   0.0000  1.0000  0.0000  0.0000
         0.0000  0.0000  1.0000  0.0000  -1.0000  1.0000  0.0000  0.0000

         1.0000  0.0000  0.0000  0.0000   0.0000 -1.0000  1.0000  0.0000
 nr. 46  0.0000  1.0000  0.0000  0.0000  -1.0000  0.0000  1.0000  0.0000
         0.0000  0.0000 -1.0000  0.0000   0.0000  0.0000  1.0000  0.0000

        -1.0000  0.0000  0.0000  0.0000  -1.0000  0.0000  0.0000  0.0000
 nr. 47  0.0000  0.0000 -1.0000  0.0000   0.0000  0.0000 -1.0000  0.0000
         0.0000 -1.0000  0.0000  0.0000   0.0000 -1.0000  0.0000  0.0000

         1.0000  0.0000  0.0000  0.0000   1.0000  0.0000  0.0000  0.0000
 nr. 48  0.0000  0.0000  1.0000  0.0000   0.0000  0.0000  1.0000  0.0000
         0.0000  1.0000  0.0000  0.0000   0.0000  1.0000  0.0000  0.0000
 ***********************************************************************
  
           ===================================================
           ===       MPI PARALLELIZATION INFORMATION       ===
           ===================================================
           === TOTAL NUMBER OF K-POINTS          :      44 ===
           === K-POINT DIVISOR                   :       4 ===
           === TOTAL NUMBER OF BANDS             :      16 ===
           === BAND DIVISOR                      :       4 ===
           === TOTAL NUMBER OF G-VECTORS         :     305 ===
           === G-VECTOR DIVISOR                  :       1 ===
           ===================================================

 ***********************************************************************
                               ALLOCATION 
 ***********************************************************************
  NCPU  KNGP_FFT      KNGP       KNG     KNG1      KEG     KATM    KATM2
     0      1061       685       151       77        4        0        0
     1      1041       685       151       76        4        0        0
     2       965       685       151       76        4        0        0
     3       877       685       151       76        4        0        0
     4       745       685       151       77        4        0        0
     5       569       685       151       76        4        0        0
     6       369       685       151       76        4        0        0
     7       125       686       151       76        4        0        0
     8        30       686       151       77        4        0        0
     9       251       686       151       76        4        0        0
    10       471       686       151       76        4        0        0
    11       665       686       152       76        4        0        0
    12       817       686       152       77        4        0        0
    13       929       686       152       76        4        0        0
    14      1001       686       152       76        4        0        0
    15      1053       686       152       76        4        1        1
 -----------------------------------------------------------------------
  NCPU    KFFTPM     KFFTP    KFFTP2     KFFT    KMESH     KNMP     KNNP
     0      4224      4224      2112     1050       93        2        2
     1      4224      4224      2112     1050       93        2        2
     2      4224      4224      2112     1050       93        2        2
     3      4224      4224      2112     1050       94        2        2
     4      4224      4224      2112     1050       94        2        2
     5      4224      4224      2112     1050       94        2        2
     6      4224      4224      2112     1050       94        2        2
     7      4224      4224      2112     1050       94        2        2
     8      4224      4224      2112     1050       94        2        2
     9      4224      4224      2112     1050       94        2        2
    10      4224      4224      2112     1050       94        2        2
    11      4224      4224      2112     1050       94        2        2
    12      4224      4224      2112     1050       94        2        2
    13      4224      4224      2112     1050       94        2        2
    14      4224      4224      2112     1050       94        2        2
    15      4224      4224      2112     1050       94        2        2
 ***********************************************************************
                            END OF ALLOCATION 
 ***********************************************************************

 ********   <<  Reading Potential >>  ******** 
 F_POT(01) = pot.Cu_pbe1
 29.0000 11.0000  6      1          : NATOMN IVAL ILOC ITPCC
 ggapbe                             : XCTYPE
  7.5900  3.0200  2.6959 -1.6959    : ALP CC
 1501    96.0000 60.0000            : NMESH XH RMAX
 VALL is read from unit 37
    1   2   1                       : IL ITAU(IL1) IVAN(IL1)
    2   2   1                       : IL ITAU(IL1) IVAN(IL1)
    3   2   1                       : IL ITAU(IL1) IVAN(IL1)
    1   1   1   1   1   1  1135   8 : MM L1 T1 L2 T2 L3 NRC MORD
    2   1   1   1   2   1  1135   8 : MM L1 T1 L2 T2 L3 NRC MORD
    3   1   1   2   1   2  1135   8 : MM L1 T1 L2 T2 L3 NRC MORD
    4   1   1   2   2   2  1135   8 : MM L1 T1 L2 T2 L3 NRC MORD
    5   1   1   3   1   3  1135   8 : MM L1 T1 L2 T2 L3 NRC MORD
    6   1   1   3   2   3  1135   8 : MM L1 T1 L2 T2 L3 NRC MORD
    7   1   2   1   2   1  1135   8 : MM L1 T1 L2 T2 L3 NRC MORD
    8   1   2   2   1   2  1135   8 : MM L1 T1 L2 T2 L3 NRC MORD
    9   1   2   2   2   2  1135   8 : MM L1 T1 L2 T2 L3 NRC MORD
   10   1   2   3   1   3  1135   8 : MM L1 T1 L2 T2 L3 NRC MORD
   11   1   2   3   2   3  1135   8 : MM L1 T1 L2 T2 L3 NRC MORD
   12   2   1   2   1   1  1135   8 : MM L1 T1 L2 T2 L3 NRC MORD
   13   2   1   2   1   3  1135   8 : MM L1 T1 L2 T2 L3 NRC MORD
   14   2   1   2   2   1  1135   8 : MM L1 T1 L2 T2 L3 NRC MORD
   15   2   1   2   2   3  1135   8 : MM L1 T1 L2 T2 L3 NRC MORD
   16   2   1   3   1   2  1135   8 : MM L1 T1 L2 T2 L3 NRC MORD
   17   2   1   3   1   4  1135   8 : MM L1 T1 L2 T2 L3 NRC MORD
   18   2   1   3   2   2  1135   8 : MM L1 T1 L2 T2 L3 NRC MORD
   19   2   1   3   2   4  1135   8 : MM L1 T1 L2 T2 L3 NRC MORD
   20   2   2   2   2   1  1135   8 : MM L1 T1 L2 T2 L3 NRC MORD
   21   2   2   2   2   3  1135   8 : MM L1 T1 L2 T2 L3 NRC MORD
   22   2   2   3   1   2  1135   8 : MM L1 T1 L2 T2 L3 NRC MORD
   23   2   2   3   1   4  1135   8 : MM L1 T1 L2 T2 L3 NRC MORD
   24   2   2   3   2   2  1135   8 : MM L1 T1 L2 T2 L3 NRC MORD
   25   2   2   3   2   4  1135   8 : MM L1 T1 L2 T2 L3 NRC MORD
   26   3   1   3   1   1  1135   8 : MM L1 T1 L2 T2 L3 NRC MORD
   27   3   1   3   1   3  1127   8 : MM L1 T1 L2 T2 L3 NRC MORD
   28   3   1   3   1   5  1135   8 : MM L1 T1 L2 T2 L3 NRC MORD
   29   3   1   3   2   1  1135   8 : MM L1 T1 L2 T2 L3 NRC MORD
   30   3   1   3   2   3  1135   8 : MM L1 T1 L2 T2 L3 NRC MORD
   31   3   1   3   2   5  1135   8 : MM L1 T1 L2 T2 L3 NRC MORD
   32   3   2   3   2   1  1135   8 : MM L1 T1 L2 T2 L3 NRC MORD
   33   3   2   3   2   3  1135   8 : MM L1 T1 L2 T2 L3 NRC MORD
   34   3   2   3   2   5  1135   8 : MM L1 T1 L2 T2 L3 NRC MORD
 CHGPC  =   8.48851088
 TOTAL ENERGY CORRECTION FROM PS     =     0.4923571502D+00
 TOTAL PARTIAL CHARGE         SCHGPC =         8.4885108817
 TOTAL LOCALIZED CHARGE (QLCTOT)     =         0.0000000000
 KQITG =    34
 NUMBER OF BANDS SHOULD BE GREATER THAN 6
 KLMT  =    18
 KLMTT =    18
 KLMTA =    18
 TOTCH =      11.000000000000
 NX NY NZ  =   4   4   4
 NNEIB     =     729
 ALF       =    2.647574
 NEWLDG    =     137

 ***********************************************************************
 *                                                                     *
 *                              START SCF                              *
 *                                                                     *
 ***********************************************************************

  NSCF NADR            ETOTAL          EDEL          CDEL CONV      TCPU
     1    0      -59.10101811   0.59101E+02   0.13281E-01    0      0.21
     2    0      -59.53889449   0.43788E+00   0.50814E-01    0      0.11
     3    1      -59.76327222   0.22438E+00   0.82938E-02    0      0.11
     4    2      -59.76543489   0.21627E-02   0.33585E-02    1      0.11
     5    3      -59.76536796   0.66922E-04   0.90635E-03    2      0.11
     6    4      -59.76538026   0.12298E-04   0.82534E-03    2      0.11
     7    5      -59.76543911   0.58848E-04   0.52459E-04    3      0.11
     8    6      -59.76543930   0.18692E-06   0.23235E-04    3      0.11
     9    7      -59.76543934   0.44455E-07   0.47812E-05    3      0.11
    10    8      -59.76543934   0.18552E-08   0.86990E-06    3      0.11
    11    9      -59.76543934   0.49134E-10   0.14575E-06    4      0.11
    12   10      -59.76543934   0.29054E-10   0.19383E-07    5      0.11
    13   11      -59.76543934   0.58265E-11   0.13431E-07    6      0.11
 
                                   TOTAL CHARGE DENSITY =     10.9999997

                     TOTAL ENERGY AND ITS COMPONENTS 
                  TOTAL ENERGY     =         -59.76543934 A.U.
                KINETIC ENERGY     =           6.33484853 A.U.
                HARTREE ENERGY     =          16.07886489 A.U.
                     XC ENERGY     =         -19.86566081 A.U.
                  LOCAL ENERGY     =         -17.32787626 A.U.
               NONLOCAL ENERGY     =          -4.65993436 A.U.
                  EWALD ENERGY     =         -40.32567026 A.U.
                     PC ENERGY     =           0.00000000 A.U.
               ENTROPIC ENERGY     =          -0.00001108 A.U.

                                         FERMI ENERGY =      -0.04571735
 NKP=    1  NGP=       298  K=(  0.06525  0.06525  0.06525)  WKP= 0.0058
                              EIGEN VALUE 
 -0.37652 -0.15589 -0.15327 -0.15327 -0.12589 -0.12589  0.74851  0.83519
  0.86027  0.86027  0.99942  0.99942  1.03620  1.14441  1.22120  1.22120
                               OCCUPATION 
  1.00000  1.00000  1.00000  1.00000  1.00000  1.00000  0.00000  0.00000
  0.00000  0.00000  0.00000  0.00000  0.00000  0.00000  0.00000  0.00000
 NKP=    2  NGP=       302  K=( -0.06525  0.19574  0.19574)  WKP= 0.0175
                              EIGEN VALUE 
 -0.34165 -0.16237 -0.14872 -0.14803 -0.13031 -0.12237  0.56833  0.68101
  0.87043  0.90105  0.98100  1.01539  1.03891  1.17748  1.21061  1.33892
                               OCCUPATION 
  1.00000  1.00000  1.00000  1.00000  1.00000  1.00000  0.00000  0.00000
  0.00000  0.00000  0.00000  0.00000  0.00000  0.00000  0.00000  0.00000
 NKP=    3  NGP=       295  K=( -0.19574  0.32623  0.32623)  WKP= 0.0175
                              EIGEN VALUE 
 -0.26808 -0.16246 -0.15172 -0.14900 -0.12148 -0.10820  0.31077  0.64462
  0.81123  0.83913  0.90167  0.97200  1.12986  1.22168  1.32065  1.50882
                               OCCUPATION 
  1.00000  1.00000  1.00000  1.00000  1.00000  1.00000  0.00000  0.00000
  0.00000  0.00000  0.00000  0.00000  0.00000  0.00000  0.00000  0.00000
 NKP=    4  NGP=       293  K=( -0.32623  0.45672  0.45672)  WKP= 0.0175
                              EIGEN VALUE 
 -0.22588 -0.15741 -0.15354 -0.12576 -0.10748 -0.06785  0.11444  0.65494
  0.74471  0.75469  0.90329  0.95012  1.10427  1.46004  1.52077  1.58356
                               OCCUPATION 
  1.00000  1.00000  1.00000  1.00000  1.00000  1.00000  0.00000  0.00000
  0.00000  0.00000  0.00000  0.00000  0.00000  0.00000  0.00000  0.00000
 NKP=    5  NGP=       294  K=( -0.45672  0.58721  0.58721)  WKP= 0.0175
                              EIGEN VALUE 
 -0.23214 -0.15664 -0.15198 -0.13902 -0.10624 -0.09095  0.16796  0.69675
  0.70849  0.74681  0.94268  0.96225  1.09200  1.33872  1.52162  1.59870
                               OCCUPATION 
  1.00000  1.00000  1.00000  1.00000  1.00000  1.00000  0.00000  0.00000
  0.00000  0.00000  0.00000  0.00000  0.00000  0.00000  0.00000  0.00000
 NKP=    6  NGP=       298  K=( -0.58721  0.71770  0.71770)  WKP= 0.0175
                              EIGEN VALUE 
 -0.29430 -0.16611 -0.14968 -0.14721 -0.12310 -0.11701  0.39201  0.70386
  0.74355  0.84210  0.95268  1.06015  1.06984  1.17162  1.30609  1.42486
                               OCCUPATION 
  1.00000  1.00000  1.00000  1.00000  1.00000  1.00000  0.00000  0.00000
  0.00000  0.00000  0.00000  0.00000  0.00000  0.00000  0.00000  0.00000
 NKP=    7  NGP=       303  K=( -0.71770  0.84819  0.84819)  WKP= 0.0175
                              EIGEN VALUE 
 -0.35883 -0.16036 -0.14971 -0.14960 -0.12997 -0.12366  0.66111  0.76055
  0.78135  0.87824  0.99183  1.04656  1.11359  1.13209  1.24692  1.25318
                               OCCUPATION 
  1.00000  1.00000  1.00000  1.00000  1.00000  1.00000  0.00000  0.00000
  0.00000  0.00000  0.00000  0.00000  0.00000  0.00000  0.00000  0.00000
 NKP=    8  NGP=       299  K=(  0.06525  0.06525  0.32623)  WKP= 0.0175
                              EIGEN VALUE 
 -0.32486 -0.16889 -0.14447 -0.14251 -0.13404 -0.11963  0.58078  0.66645
  0.72156  0.79399  0.87004  1.13820  1.21948  1.23270  1.31440  1.37215
                               OCCUPATION 
  1.00000  1.00000  1.00000  1.00000  1.00000  1.00000  0.00000  0.00000
  0.00000  0.00000  0.00000  0.00000  0.00000  0.00000  0.00000  0.00000
 NKP=    9  NGP=       298  K=( -0.06525  0.19574  0.45672)  WKP= 0.0350
                              EIGEN VALUE 
 -0.26543 -0.17724 -0.15314 -0.13496 -0.12286 -0.10520  0.41928  0.53013
  0.65499  0.77305  0.89998  1.11283  1.21466  1.34177  1.40488  1.58050
                               OCCUPATION 
  1.00000  1.00000  1.00000  1.00000  1.00000  1.00000  0.00000  0.00000
  0.00000  0.00000  0.00000  0.00000  0.00000  0.00000  0.00000  0.00000
 NKP=   10  NGP=       294  K=( -0.19574  0.32623  0.58721)  WKP= 0.0350
                              EIGEN VALUE 
 -0.21245 -0.17218 -0.15874 -0.13979 -0.10690 -0.04496  0.19268  0.52464
  0.54309  0.76596  1.00721  1.13393  1.19025  1.32160  1.57885  1.59559
                               OCCUPATION 
  1.00000  1.00000  1.00000  1.00000  1.00000  0.20490  0.00000  0.00000
  0.00000  0.00000  0.00000  0.00000  0.00000  0.00000  0.00000  0.00000
 NKP=   11  NGP=       295  K=( -0.32623  0.45672  0.71770)  WKP= 0.0350
                              EIGEN VALUE 
 -0.20673 -0.16992 -0.15439 -0.14218 -0.10923 -0.00821  0.13370  0.47051
  0.58184  0.79430  0.96703  1.15611  1.28054  1.33661  1.42226  1.54318
                               OCCUPATION 
  1.00000  1.00000  1.00000  1.00000  1.00000  0.00000  0.00000  0.00000
  0.00000  0.00000  0.00000  0.00000  0.00000  0.00000  0.00000  0.00000
 NKP=   12  NGP=       299  K=( -0.45672  0.58721  0.84819)  WKP= 0.0350
                              EIGEN VALUE 
 -0.24130 -0.17347 -0.15885 -0.13762 -0.12538 -0.08605  0.33879  0.45559
  0.68429  0.86654  0.94254  1.05868  1.15127  1.31093  1.41260  1.62722
                               OCCUPATION 
  1.00000  1.00000  1.00000  1.00000  1.00000  1.00000  0.00000  0.00000
  0.00000  0.00000  0.00000  0.00000  0.00000  0.00000  0.00000  0.00000
 NKP=   13  NGP=       301  K=( -0.58721  0.71770  0.97869)  WKP= 0.0350
                              EIGEN VALUE 
 -0.30886 -0.16855 -0.14858 -0.14274 -0.13129 -0.11575  0.48739  0.59986
  0.80565  0.84530  0.94283  1.03300  1.09583  1.23914  1.29808  1.44885
                               OCCUPATION 
  1.00000  1.00000  1.00000  1.00000  1.00000  1.00000  0.00000  0.00000
  0.00000  0.00000  0.00000  0.00000  0.00000  0.00000  0.00000  0.00000
 NKP=   14  NGP=       305  K=(  0.06525  0.06525  0.58721)  WKP= 0.0175
                              EIGEN VALUE 
 -0.23720 -0.18972 -0.13745 -0.12188 -0.10931 -0.10571  0.45247  0.48212
  0.51797  0.65096  0.75615  1.36513  1.37986  1.49934  1.55403  1.62030
                               OCCUPATION 
  1.00000  1.00000  1.00000  1.00000  1.00000  1.00000  0.00000  0.00000
  0.00000  0.00000  0.00000  0.00000  0.00000  0.00000  0.00000  0.00000
 NKP=   15  NGP=       298  K=( -0.06525  0.19574  0.71770)  WKP= 0.0350
                              EIGEN VALUE 
 -0.21165 -0.19351 -0.13993 -0.11640 -0.10528 -0.02760  0.32517  0.35378
  0.43426  0.70739  0.83914  1.26228  1.47095  1.60481  1.61981  1.68770
                               OCCUPATION 
  1.00000  1.00000  1.00000  1.00000  1.00000  0.00000  0.00000  0.00000
  0.00000  0.00000  0.00000  0.00000  0.00000  0.00000  0.00000  0.00000
 NKP=   16  NGP=       293  K=( -0.19574  0.32623  0.84819)  WKP= 0.0350
                              EIGEN VALUE 
 -0.19404 -0.18737 -0.15523 -0.12547 -0.10664  0.11075  0.13867  0.27646
  0.47402  0.73623  1.08168  1.17283  1.34157  1.38828  1.56391  1.66873
                               OCCUPATION 
  1.00000  1.00000  1.00000  1.00000  1.00000  0.00000  0.00000  0.00000
  0.00000  0.00000  0.00000  0.00000  0.00000  0.00000  0.00000  0.00000
 NKP=   17  NGP=       291  K=( -0.32623  0.45672  0.97869)  WKP= 0.0350
                              EIGEN VALUE 
 -0.19602 -0.17485 -0.16819 -0.13383 -0.11557 -0.00868  0.21799  0.34584
  0.56631  0.79692  1.03049  1.18085  1.24872  1.38547  1.43466  1.53544
                               OCCUPATION 
  1.00000  1.00000  1.00000  1.00000  1.00000  0.00000  0.00000  0.00000
  0.00000  0.00000  0.00000  0.00000  0.00000  0.00000  0.00000  0.00000
 NKP=   18  NGP=       297  K=( -0.45672  0.58721  1.10918)  WKP= 0.0350
                              EIGEN VALUE 
 -0.23743 -0.16254 -0.15698 -0.14639 -0.11399 -0.08937  0.24436  0.57915
  0.69546  0.79614  0.95367  1.04642  1.15554  1.24782  1.43169  1.63580
                               OCCUPATION 
  1.00000  1.00000  1.00000  1.00000  1.00000  1.00000  0.00000  0.00000
  0.00000  0.00000  0.00000  0.00000  0.00000  0.00000  0.00000  0.00000
 NKP=   19  NGP=       298  K=(  0.06525  0.06525  0.84819)  WKP= 0.0175
                              EIGEN VALUE 
 -0.21852 -0.20232 -0.10788 -0.10786 -0.10092  0.00816  0.23253  0.38857
  0.44515  0.62023  0.72374  1.51086  1.57128  1.68264  1.72189  1.77525
                               OCCUPATION 
  1.00000  1.00000  1.00000  1.00000  1.00000  0.00000  0.00000  0.00000
  0.00000  0.00000  0.00000  0.00000  0.00000  0.00000  0.00000  0.00000
 NKP=   20  NGP=       296  K=( -0.06525  0.19574  0.97869)  WKP= 0.0350
                              EIGEN VALUE 
 -0.21082 -0.19749 -0.12879 -0.11307 -0.10137  0.04319  0.24171  0.30492
  0.41278  0.69534  0.82786  1.33873  1.51667  1.55931  1.71811  1.79288
                               OCCUPATION 
  1.00000  1.00000  1.00000  1.00000  1.00000  0.00000  0.00000  0.00000
  0.00000  0.00000  0.00000  0.00000  0.00000  0.00000  0.00000  0.00000
 NKP=   21  NGP=       294  K=( -0.19574  0.32623  1.10918)  WKP= 0.0350
                              EIGEN VALUE 
 -0.19827 -0.18249 -0.15755 -0.13170 -0.10535  0.02728  0.15641  0.39557
  0.49267  0.74594  1.06203  1.13184  1.29986  1.43509  1.48025  1.66909
                               OCCUPATION 
  1.00000  1.00000  1.00000  1.00000  1.00000  0.00000  0.00000  0.00000
  0.00000  0.00000  0.00000  0.00000  0.00000  0.00000  0.00000  0.00000
 NKP=   22  NGP=       296  K=( -0.32623  0.45672  1.23967)  WKP= 0.0175
                              EIGEN VALUE 
 -0.21749 -0.16259 -0.14972 -0.13809 -0.10583 -0.02689  0.09455  0.60258
  0.62056  0.78036  0.92696  1.05203  1.17397  1.42950  1.46032  1.62038
                               OCCUPATION 
  1.00000  1.00000  1.00000  1.00000  1.00000  0.00000  0.00000  0.00000
  0.00000  0.00000  0.00000  0.00000  0.00000  0.00000  0.00000  0.00000
 NKP=   23  NGP=       301  K=(  0.06525  0.06525  1.10918)  WKP= 0.0175
                              EIGEN VALUE 
 -0.22041 -0.19786 -0.11782 -0.11263 -0.10449 -0.05887  0.34005  0.41126
  0.47028  0.63013  0.73374  1.44103  1.48002  1.64425  1.67806  1.71315
                               OCCUPATION 
  1.00000  1.00000  1.00000  1.00000  1.00000  1.00000  0.00000  0.00000
  0.00000  0.00000  0.00000  0.00000  0.00000  0.00000  0.00000  0.00000
 NKP=   24  NGP=       303  K=( -0.06525  0.19574  1.23967)  WKP= 0.0350
                              EIGEN VALUE 
 -0.22630 -0.18623 -0.15272 -0.12514 -0.11184 -0.08140  0.36466  0.47268
  0.49826  0.73254  0.86289  1.18476  1.35513  1.45144  1.54734  1.66546
                               OCCUPATION 
  1.00000  1.00000  1.00000  1.00000  1.00000  1.00000  0.00000  0.00000
  0.00000  0.00000  0.00000  0.00000  0.00000  0.00000  0.00000  0.00000
 NKP=   25  NGP=       302  K=(  0.06525  0.06525  1.37016)  WKP= 0.0175
                              EIGEN VALUE 
 -0.27924 -0.17940 -0.14577 -0.13274 -0.12539 -0.11457  0.51070  0.58453
  0.63355  0.68759  0.79583  1.26764  1.29443  1.34896  1.43441  1.50738
                               OCCUPATION 
  1.00000  1.00000  1.00000  1.00000  1.00000  1.00000  0.00000  0.00000
  0.00000  0.00000  0.00000  0.00000  0.00000  0.00000  0.00000  0.00000
 NKP=   26  NGP=       299  K=(  0.19574  0.19574  0.19574)  WKP= 0.0058
                              EIGEN VALUE 
 -0.32523 -0.16279 -0.14869 -0.14869 -0.12469 -0.12469  0.47353  0.79748
  0.79748  0.80724  1.03658  1.03658  1.04785  1.16258  1.16258  1.34572
                               OCCUPATION 
  1.00000  1.00000  1.00000  1.00000  1.00000  1.00000  0.00000  0.00000
  0.00000  0.00000  0.00000  0.00000  0.00000  0.00000  0.00000  0.00000
 NKP=   27  NGP=       301  K=(  0.06525  0.32623  0.32623)  WKP= 0.0175
                              EIGEN VALUE 
 -0.27897 -0.16968 -0.15194 -0.14168 -0.13189 -0.10435  0.40631  0.52139
  0.84592  0.85068  0.96690  0.97680  1.09140  1.21810  1.34801  1.56367
                               OCCUPATION 
  1.00000  1.00000  1.00000  1.00000  1.00000  1.00000  0.00000  0.00000
  0.00000  0.00000  0.00000  0.00000  0.00000  0.00000  0.00000  0.00000
 NKP=   28  NGP=       295  K=( -0.06525  0.45672  0.45672)  WKP= 0.0175
                              EIGEN VALUE 
 -0.21518 -0.16983 -0.16449 -0.13902 -0.12292 -0.05729  0.27161  0.39299
  0.70363  0.75540  1.06798  1.07279  1.19315  1.29561  1.45924  1.56050
                               OCCUPATION 
  1.00000  1.00000  1.00000  1.00000  1.00000  1.00000  0.00000  0.00000
  0.00000  0.00000  0.00000  0.00000  0.00000  0.00000  0.00000  0.00000
 NKP=   29  NGP=       294  K=( -0.19574  0.58721  0.58721)  WKP= 0.0175
                              EIGEN VALUE 
 -0.20202 -0.17495 -0.15422 -0.13927 -0.10715  0.03019  0.10729  0.42549
  0.60224  0.69818  1.10417  1.12736  1.25214  1.37881  1.45028  1.53261
                               OCCUPATION 
  1.00000  1.00000  1.00000  1.00000  1.00000  0.00000  0.00000  0.00000
  0.00000  0.00000  0.00000  0.00000  0.00000  0.00000  0.00000  0.00000
 NKP=   30  NGP=       298  K=( -0.32623  0.71770  0.71770)  WKP= 0.0175
                              EIGEN VALUE 
 -0.22003 -0.18129 -0.15584 -0.13492 -0.10482 -0.07004  0.27080  0.50982
  0.56097  0.68121  0.98140  1.18212  1.20000  1.36438  1.63100  1.69565
                               OCCUPATION 
  1.00000  1.00000  1.00000  1.00000  1.00000  1.00000  0.00000  0.00000
  0.00000  0.00000  0.00000  0.00000  0.00000  0.00000  0.00000  0.00000
 NKP=   31  NGP=       298  K=(  0.19574  0.19574  0.45672)  WKP= 0.0175
                              EIGEN VALUE 
 -0.25457 -0.17261 -0.15470 -0.14248 -0.10980 -0.10706  0.32437  0.62423
  0.65972  0.72011  1.01348  1.08723  1.11861  1.24396  1.46287  1.55258
                               OCCUPATION 
  1.00000  1.00000  1.00000  1.00000  1.00000  1.00000  0.00000  0.00000
  0.00000  0.00000  0.00000  0.00000  0.00000  0.00000  0.00000  0.00000
 NKP=   32  NGP=       300  K=(  0.06525  0.32623  0.58721)  WKP= 0.0350
                              EIGEN VALUE 
 -0.20930 -0.17924 -0.16537 -0.12949 -0.11525 -0.05019  0.28520  0.40440
  0.52554  0.85456  0.94917  1.06572  1.30222  1.44483  1.50770  1.57904
                               OCCUPATION 
  1.00000  1.00000  1.00000  1.00000  1.00000  1.00343  0.00000  0.00000
  0.00000  0.00000  0.00000  0.00000  0.00000  0.00000  0.00000  0.00000
 NKP=   33  NGP=       290  K=( -0.06525  0.45672  0.71770)  WKP= 0.0350
                              EIGEN VALUE 
 -0.18716 -0.18195 -0.16898 -0.12860 -0.10734  0.06473  0.17916  0.31469
  0.42297  0.87126  1.00253  1.14951  1.27371  1.42726  1.57410  1.64031
                               OCCUPATION 
  1.00000  1.00000  1.00000  1.00000  1.00000  0.00000  0.00000  0.00000
  0.00000  0.00000  0.00000  0.00000  0.00000  0.00000  0.00000  0.00000
 NKP=   34  NGP=       295  K=( -0.19574  0.58721  0.84819)  WKP= 0.0350
                              EIGEN VALUE 
 -0.19795 -0.18510 -0.16098 -0.12315 -0.10690  0.01420  0.24681  0.36806
  0.38245  0.83421  0.95971  1.09905  1.43587  1.46575  1.56542  1.66930
                               OCCUPATION 
  1.00000  1.00000  1.00000  1.00000  1.00000  0.00000  0.00000  0.00000
  0.00000  0.00000  0.00000  0.00000  0.00000  0.00000  0.00000  0.00000
 NKP=   35  NGP=       298  K=(  0.19574  0.19574  0.71770)  WKP= 0.0175
                              EIGEN VALUE 
 -0.20580 -0.18948 -0.14720 -0.12600 -0.10316 -0.00629  0.23237  0.36737
  0.51665  0.66191  0.95762  1.25849  1.29498  1.52973  1.61092  1.67038
                               OCCUPATION 
  1.00000  1.00000  1.00000  1.00000  1.00000  0.00000  0.00000  0.00000
  0.00000  0.00000  0.00000  0.00000  0.00000  0.00000  0.00000  0.00000
 NKP=   36  NGP=       293  K=(  0.06525  0.32623  0.84819)  WKP= 0.0350
                              EIGEN VALUE 
 -0.19913 -0.18785 -0.15279 -0.12177 -0.10154  0.09472  0.22537  0.26378
  0.35149  0.82263  0.96041  1.15701  1.33354  1.58400  1.71314  1.77295
                               OCCUPATION 
  1.00000  1.00000  1.00000  1.00000  1.00000  0.00000  0.00000  0.00000
  0.00000  0.00000  0.00000  0.00000  0.00000  0.00000  0.00000  0.00000
 NKP=   37  NGP=       294  K=( -0.06525  0.45672  0.97869)  WKP= 0.0175
                              EIGEN VALUE 
 -0.19247 -0.17522 -0.17098 -0.12685 -0.10158  0.14927  0.16293  0.29449
  0.30424  0.94867  0.99433  1.08483  1.21198  1.60344  1.68661  1.78846
                               OCCUPATION 
  1.00000  1.00000  1.00000  1.00000  1.00000  0.00000  0.00000  0.00000
  0.00000  0.00000  0.00000  0.00000  0.00000  0.00000  0.00000  0.00000
 NKP=   38  NGP=       292  K=(  0.19574  0.19574  0.97869)  WKP= 0.0175
                              EIGEN VALUE 
 -0.20433 -0.19373 -0.13881 -0.11863 -0.10443  0.07132  0.21003  0.25405
  0.49371  0.65319  0.94581  1.33788  1.37449  1.50274  1.56509  1.73687
                               OCCUPATION 
  1.00000  1.00000  1.00000  1.00000  1.00000  0.00000  0.00000  0.00000
  0.00000  0.00000  0.00000  0.00000  0.00000  0.00000  0.00000  0.00000
 NKP=   39  NGP=       293  K=(  0.32623  0.32623  0.32623)  WKP= 0.0058
                              EIGEN VALUE 
 -0.25045 -0.15266 -0.15266 -0.14631 -0.11233 -0.11233  0.23086  0.76766
  0.76792  0.76792  0.91626  0.91626  1.05306  1.36592  1.36592  1.49870
                               OCCUPATION 
  1.00000  1.00000  1.00000  1.00000  1.00000  1.00000  0.00000  0.00000
  0.00000  0.00000  0.00000  0.00000  0.00000  0.00000  0.00000  0.00000
 NKP=   40  NGP=       299  K=(  0.19574  0.45672  0.45672)  WKP= 0.0175
                              EIGEN VALUE 
 -0.22071 -0.16127 -0.15276 -0.14726 -0.11428 -0.05985  0.18053  0.51820
  0.71840  0.75503  0.97863  1.02026  1.23975  1.31902  1.41220  1.56919
                               OCCUPATION 
  1.00000  1.00000  1.00000  1.00000  1.00000  1.00000  0.00000  0.00000
  0.00000  0.00000  0.00000  0.00000  0.00000  0.00000  0.00000  0.00000
 NKP=   41  NGP=       291  K=(  0.06525  0.58721  0.58721)  WKP= 0.0175
                              EIGEN VALUE 
 -0.19187 -0.18140 -0.16072 -0.13127 -0.11233  0.04932  0.16340  0.30321
  0.58275  0.69128  1.19133  1.19586  1.23692  1.33291  1.42264  1.59183
                               OCCUPATION 
  1.00000  1.00000  1.00000  1.00000  1.00000  0.00000  0.00000  0.00000
  0.00000  0.00000  0.00000  0.00000  0.00000  0.00000  0.00000  0.00000
 NKP=   42  NGP=       293  K=(  0.32623  0.32623  0.58721)  WKP= 0.0175
                              EIGEN VALUE 
 -0.21602 -0.16498 -0.14715 -0.14632 -0.10446 -0.03443  0.12318  0.56737
  0.64065  0.71375  1.02566  1.04730  1.19017  1.30931  1.58251  1.62904
                               OCCUPATION 
  1.00000  1.00000  1.00000  1.00000  1.00000 -0.00000  0.00000  0.00000
  0.00000  0.00000  0.00000  0.00000  0.00000  0.00000  0.00000  0.00000
 NKP=   43  NGP=       294  K=(  0.19574  0.45672  0.71770)  WKP= 0.0175
                              EIGEN VALUE 
 -0.19415 -0.18002 -0.16068 -0.13472 -0.10688  0.05390  0.11561  0.43400
  0.44380  0.84647  0.96319  1.24466  1.29371  1.31366  1.44385  1.68263
                               OCCUPATION 
  1.00000  1.00000  1.00000  1.00000  1.00000  0.00000  0.00000  0.00000
  0.00000  0.00000  0.00000  0.00000  0.00000  0.00000  0.00000  0.00000
 NKP=   44  NGP=       302  K=(  0.45672  0.45672  0.45672)  WKP= 0.0029
                              EIGEN VALUE 
 -0.22784 -0.15580 -0.15580 -0.10500 -0.10500 -0.07925  0.08928  0.74899
  0.76380  0.76380  0.86774  0.86774  1.05744  1.57953  1.57953  1.63760
                               OCCUPATION 
  1.00000  1.00000  1.00000  1.00000  1.00000  1.00000  0.00000  0.00000
  0.00000  0.00000  0.00000  0.00000  0.00000  0.00000  0.00000  0.00000
 
 QMDQMDQMDQMDQMDQMDQMDQMDQMDQMDQMDQMDQMDQMDQMDQMDQMDQMDQMDQMDQMDQMDQMDQM

 MD ITERATION NR.      1:013          TOTAL CPU TIME =      1.91 SECONDS

                       CONVERGED ENERGY AND FORCES 
   NIT     TotalEnergy     f_max     f_rms      edel      vdel      fdel
     1    -59.76543934  0.000000  0.000000  0.58D-11  0.13D-07  0.58D-11

    ATOM              COORDINATES                        FORCES
MD:    1
MD:    1 Cu   0.000000   0.000000   0.000000   0.00000  0.00000 -0.00000
 
CHGPRO:     0.0000      0.2966712306     -0.4891787979      0.1563112437
CHGPRO:     0.1520      0.2913765753     -0.4897257098      0.1512790558
CHGPRO:     0.3040      0.2760813132     -0.4913407973      0.1364207204
CHGPRO:     0.4560      0.2524420047     -0.4941326591      0.1124802718
CHGPRO:     0.6080      0.2229169347     -0.4980507377      0.0809123348
CHGPRO:     0.7600      0.1904277409     -0.5026984680      0.0441079731
CHGPRO:     0.9120      0.1579539057     -0.5073899273      0.0055200629
CHGPRO:     1.0640      0.1280808524     -0.5108627332     -0.0306366178
CHGPRO:     1.2160      0.1026063687     -0.5115544867     -0.0604939504
CHGPRO:     1.3680      0.0823220732     -0.5075356923     -0.0812498426
CHGPRO:     1.5200      0.0670639772     -0.4970666605     -0.0911208249
CHGPRO:     1.6720      0.0560470887     -0.4797721653     -0.0898587238
CHGPRO:     1.8240      0.0483156811     -0.4572570602     -0.0796001145
CHGPRO:     1.9760      0.0430551635     -0.4341908021     -0.0648172824
CHGPRO:     2.1280      0.0396758055     -0.4153136257     -0.0507755564
CHGPRO:     2.2800      0.0377882802     -0.4021914248     -0.0413048339
CHGPRO:     2.4320      0.0371803550     -0.3970939206     -0.0380365874
CHGPRO:     2.5839      0.0377882802     -0.4021914248     -0.0413048339
CHGPRO:     2.7359      0.0396758055     -0.4153136257     -0.0507755564
CHGPRO:     2.8879      0.0430551635     -0.4341908021     -0.0648172824
CHGPRO:     3.0399      0.0483156811     -0.4572570602     -0.0796001145
CHGPRO:     3.1919      0.0560470887     -0.4797721653     -0.0898587238
CHGPRO:     3.3439      0.0670639772     -0.4970666605     -0.0911208249
CHGPRO:     3.4959      0.0823220732     -0.5075356923     -0.0812498426
CHGPRO:     3.6479      0.1026063687     -0.5115544867     -0.0604939504
CHGPRO:     3.7999      0.1280808524     -0.5108627332     -0.0306366178
CHGPRO:     3.9519      0.1579539057     -0.5073899273      0.0055200629
CHGPRO:     4.1039      0.1904277409     -0.5026984680      0.0441079731
CHGPRO:     4.2559      0.2229169347     -0.4980507377      0.0809123348
CHGPRO:     4.4079      0.2524420047     -0.4941326591      0.1124802718
CHGPRO:     4.5599      0.2760813132     -0.4913407973      0.1364207204
CHGPRO:     4.7119      0.2913765753     -0.4897257098      0.1512790558

 *I* wavefunction data written in zaj.data

 *I* writing eko_l

 *I* writing fsr_l, fsi_l

 *I* potential data written in potential.data

           <<<  Atomic Charge >>>
  ia is   rd d_rd  Charge(1)  Charge(2)  Charge(3)
   1  1 2.30 0.10   9.836832  10.065874  10.302391

 ***********************************************************************
 *                                                                     *
 *                               TIMING                                *
 *                                                                     *
 ***********************************************************************
      SUBROUTINE        CALLS        TOTAL CPU TIME           <CPU TIME>
             SCF            1                1.6205               1.6205
          WF_Dav           14                1.2996               0.0928
     diagonalize          462                0.6708               0.0015
        dav_hphi          462                0.4136               0.0009
         fftw3c3         4268                0.3848               0.0001
           kbint            1                0.2860               0.2860
         swffftx         1848                0.1852               0.0001
        swffftx2         1848                0.1683               0.0001
             Dos            2                0.0887               0.0444
          Chgfft           13                0.0690               0.0053
         dav_mgs          308                0.0592               0.0002
      xc_gga_chg           26                0.0586               0.0023
          swffft          572                0.0553               0.0001
     fdchgq0_fft           13                0.0545               0.0042
         Writing            1                0.0505               0.0505
       dav_mgs_2          308                0.0490               0.0002
   fdchgq0_fft_1           13                0.0367               0.0028
           fd_vq           13                0.0362               0.0028
           pspot            1                0.0350               0.0350
      dav_nonloc          462                0.0343               0.0001
         dav_hij          462                0.0340               0.0001
           Force            1                0.0334               0.0334
        fdforce0            1                0.0304               0.0304
    dav_residual          308                0.0217               0.0001
    dav_nonloc_3         2856                0.0177               0.0000
  dav_residual_1          308                0.0173               0.0001
      dav_sumset          308                0.0140               0.0000
 dav_band2g_hphi          462                0.0139               0.0000
    dav_nonloc_2         2856                0.0110               0.0000
      dav_precon          308                0.0098               0.0000
    xc_1_gr_ch12           78                0.0087               0.0001
    dav_sumset_1          308                0.0074               0.0000
           Fermi           13                0.0069               0.0005
            symm            1                0.0068               0.0068
    dav_sumset_2          308                0.0062               0.0000
 dav_refresh_phi          154                0.0060               0.0000
  dav_band2g_phi          165                0.0058               0.0000
       dav_mgs_1          308                0.0053               0.0000
    dav_copy_fsr          154                0.0047               0.0000
         FFT_SET            1                0.0046               0.0046
           gstep            1                0.0045               0.0045
           psloc            1                0.0045               0.0045
       dav_mgs_3          308                0.0043               0.0000
    xc_1_gr_ch11           78                0.0034               0.0000
          ptfft1           14                0.0034               0.0002
    dav_nonloc_1          462                0.0032               0.0000
      dav_grmsmd            1                0.0029               0.0029
        swffftx1         1848                0.0028               0.0000
       ptfft1p00            9                0.0023               0.0003
   blugel_ishida           12                0.0021               0.0002
         ptfft1p           13                0.0019               0.0001
 dav_refresh_fsr          154                0.0018               0.0000
       dav_mgs_t           11                0.0018               0.0002
 ***********************************************************************

 =======================================================================
 TASK                   CALLS        TOTAL CPU TIME           <CPU TIME>
 FFT SingleProc          4268                0.3869               0.0001
 FFT MPI                  321                0.0363               0.0001
 FFTW MPI1                 27                0.0029               0.0001
  
 ALLREDUCE               8411                0.0294               0.0000
 ALLREDUCE_G               45                0.0022               0.0000
 ALLREDUCE_BG              14                0.0001               0.0000
 ALLREDUCE_K             2321                0.0201               0.0000
 ALLGATHERV                68                0.0034               0.0000
 ALLGATHERV_KG            473                0.0044               0.0000
 ALLGATHERV_K             308                0.0030               0.0000
 GATHERV                    2                0.0001               0.0000
 ALLTOALLV                180                0.0083               0.0000
 ALLTOALLV_KG            1287                0.0211               0.0000
 TOTAL TIME FOR COMMUNICATION                0.0920
 =======================================================================

 TOTAL CPU TIME:  00 HOURS 00 MINUTES  2.09 SECONDS

 PROGRAM STATE ENDED AT: Jul  1 11:48:54 2025
  
 HHHHHHHHHHHHHHHHHHHHHHHHHHHHHHHHHHHHHHHHHHHHHHHHHHHHHHHHHHHHHHHHH
 HHHHHHHHHHHHHHHHHHHHHHHHHHHHHHHHHHHHHHHHHHHHHHHHHHHHHHHHHHHHHHHHH
                           _______________________
     __________   _______/______v______v______v___]
    D          | |                                 |
    D   A A    | | Congratulations!                |  C( > < )D
  --  =(^.^)=  | |  The calculation has converged. |    = o =
 |     @@@@@   | |                                 |    (    )~
 /--=O=-+-=O=---+--=O=--+--==O==--+--==O==--+--=O=-+--=O=---=O=-/
  
 HHHHHHHHHHHHHHHHHHHHHHHHHHHHHHHHHHHHHHHHHHHHHHHHHHHHHHHHHHHHHHHHH
 HHHHHHHHHHHHHHHHHHHHHHHHHHHHHHHHHHHHHHHHHHHHHHHHHHHHHHHHHHHHHHHHH
