[0] MPI startup(): I_MPI_TCP_NETMASK variable has been removed from the product, its value is ignored

 
 ***********************************************************************
 *                                                                     *
 *                                                                     *
 *                                                                     *
 *              ******  ********    **    ******** ********            *
 *             ******** ********   ****   ******** ********            *
 *             **          **     **  **     **    **                  *
 *              ***        **    ********    **    ******              *
 *                ***      **   **********   **    ******              *
 *                  **     **  **        **  **    **                  *
 *             ********    ** **          ** **    ********            *
 *              ******     ** VERSION 5.6.17 **    ********            *
 *                               RICS-AIST                             *
 *                           OSAKA UNIVERSITY                          *
 *                                                                     *
 ***********************************************************************
 
 PROGRAM STATE STARTED AT: Jul  1 11:48:58 2025

 THIS JOB RUNS ON         : xs01                            
 THE CURRENT DIRECTORY IS : /home/ikutaro/work/STATE/examples/Cu/fcc/k-p
 THE PROCESS ID IS        : 86195
 THE JOB WAS SUBMITTED BY : ikutaro             
 THE NUMBER OF PROCESSORS : 16
 THE NUMBER OF THREADS    : 1
 
 ELECTRONIC WAVEFUNCTIONS INITIALIZED 
 ELECTRONIC CHARGE INITIALIZED 
 IONIC POSITIONS READ FROM STANDARD INPUT 
 IONIC VELOCITIES INITIALIZED 
 MAXIMUM SCF ITERATIONS : 200
 MAXIMUM MD STEPS : 200
 MAXIMUM ELAPSED CPU TIME :  86400.00 SEC
 TIME INCREMENT IN MOLECULAR DYNAMICS :     50.00 A.U.
 ENERGY CRITERION FOR SCF ITERATIONS :  0.100000E-09 HA/ATOM

 EXCHANGE-CORRELATION FUNCTIONAL : ggapbe
 SPIN POLARIZATION NOT ALLOWED 
 NUMBER OF BANDS CONSIDERED : 16
 METHFESSEL-PAXTON SMEARING 
 SMEARING WIDTH : 0.002000
 DAVIDSON METHOD WITH G-SPACE TECHNIQUE 
 BLUGEL MIXING PARAMETERS 
   MIXING OBJECT : CHARGE 
   MIXING INFORMATION RESET AFTER 30 STEPS
   MIXING PARAMETER : 0.300

 ********************************** TYPE *******************************
 TYPE  NAME  INITIAL CHARGE   MASS(AMU)     PP TYPE  ILOC   INITIAL SPIN
    1    Cu          0.1500     63.5460   UltraSoft     3         0.0000
 ***********************************************************************

 ********************************* ATOMS *******************************
   ATOM    X(BOHR)    Y(BOHR)    Z(BOHR)     TAUX    TAUY    TAUZ IW  IR
   1  1    0.00000    0.00000    0.00000   0.0000  0.0000  0.0000  1   0
 ***********************************************************************

 ******************************** K-POINTS *****************************
 BRAVIAS LATTICE         :        FACE CENTER         
 SPACE GROUP             :        F m -3 m  
 INVERSION SYMMETRY      :        NO 
 CONV. LAT. VECTOR(BOHR) :        6.878600       0.000000       0.000000
 CONV. LAT. VECTOR(BOHR) :        0.000000       6.878600       0.000000
 CONV. LAT. VECTOR(BOHR) :        0.000000       0.000000       6.878600
 PRIM. LAT. VECTOR(BOHR) :        0.000000       3.439300       3.439300
 PRIM. LAT. VECTOR(BOHR) :        3.439300       0.000000       3.439300
 PRIM. LAT. VECTOR(BOHR) :        3.439300       3.439300       0.000000
 PRIM. CELL VOLUME       :    0.813655E+02
 PRIM. REC. VECTOR(1/BOHR) :     -0.913440       0.913440       0.913440
 PRIM. REC. VECTOR(1/BOHR) :      0.913440      -0.913440       0.913440
 PRIM. REC. VECTOR(1/BOHR) :      0.913440       0.913440      -0.913440
 REC. PRIM. CELL VOLUME    :  0.304859E+01
 ENERGY CUTOFF FOR SOFT MODE(RY) :  36.000
 ENERGY CUTOFF FOR HARD MODE(RY) : 400.000
 NUMBER OF K-POINT MESH  :               9              9              9
 K-POINT SHIFT           :              ON             ON             ON
 NUMBER OF K-POINTS      :              85
        NKP            WKP              KX             KY             KZ
          1       0.002743        0.050747       0.050747       0.050747
          2       0.008230       -0.050747       0.152240       0.152240
          3       0.008230       -0.152240       0.253733       0.253733
          4       0.008230       -0.253733       0.355226       0.355226
          5       0.008230       -0.355226       0.456720       0.456720
          6       0.008230       -0.456720       0.558213       0.558213
          7       0.008230       -0.558213       0.659706       0.659706
          8       0.008230       -0.659706       0.761200       0.761200
          9       0.008230       -0.761200       0.862693       0.862693
         10       0.008230        0.050747       0.050747       0.253733
         11       0.016461       -0.050747       0.152240       0.355226
         12       0.016461       -0.152240       0.253733       0.456720
         13       0.016461       -0.253733       0.355226       0.558213
         14       0.016461       -0.355226       0.456720       0.659706
         15       0.016461       -0.456720       0.558213       0.761200
         16       0.016461       -0.558213       0.659706       0.862693
         17       0.016461       -0.659706       0.761200       0.964186
         18       0.008230        0.050747       0.050747       0.456720
         19       0.016461       -0.050747       0.152240       0.558213
         20       0.016461       -0.152240       0.253733       0.659706
         21       0.016461       -0.253733       0.355226       0.761200
         22       0.016461       -0.355226       0.456720       0.862693
         23       0.016461       -0.456720       0.558213       0.964186
         24       0.016461       -0.558213       0.659706       1.065679
         25       0.008230        0.050747       0.050747       0.659706
         26       0.016461       -0.050747       0.152240       0.761200
         27       0.016461       -0.152240       0.253733       0.862693
         28       0.016461       -0.253733       0.355226       0.964186
         29       0.016461       -0.355226       0.456720       1.065679
         30       0.016461       -0.456720       0.558213       1.167173
         31       0.008230        0.050747       0.050747       0.862693
         32       0.016461       -0.050747       0.152240       0.964186
         33       0.016461       -0.152240       0.253733       1.065679
         34       0.016461       -0.253733       0.355226       1.167173
         35       0.008230       -0.355226       0.456720       1.268666
         36       0.008230        0.050747       0.050747       1.065679
         37       0.016461       -0.050747       0.152240       1.167173
         38       0.016461       -0.152240       0.253733       1.268666
         39       0.008230        0.050747       0.050747       1.268666
         40       0.016461       -0.050747       0.152240       1.370159
         41       0.008230        0.050747       0.050747       1.471653
         42       0.002743        0.152240       0.152240       0.152240
         43       0.008230        0.050747       0.253733       0.253733
         44       0.008230       -0.050747       0.355226       0.355226
         45       0.008230       -0.152240       0.456720       0.456720
         46       0.008230       -0.253733       0.558213       0.558213
         47       0.008230       -0.355226       0.659706       0.659706
         48       0.008230       -0.456720       0.761200       0.761200
         49       0.008230        0.152240       0.152240       0.355226
         50       0.016461        0.050747       0.253733       0.456720
         51       0.016461       -0.050747       0.355226       0.558213
         52       0.016461       -0.152240       0.456720       0.659706
         53       0.016461       -0.253733       0.558213       0.761200
         54       0.016461       -0.355226       0.659706       0.862693
         55       0.008230        0.152240       0.152240       0.558213
         56       0.016461        0.050747       0.253733       0.659706
         57       0.016461       -0.050747       0.355226       0.761200
         58       0.016461       -0.152240       0.456720       0.862693
         59       0.016461       -0.253733       0.558213       0.964186
         60       0.008230        0.152240       0.152240       0.761200
         61       0.016461        0.050747       0.253733       0.862693
         62       0.016461       -0.050747       0.355226       0.964186
         63       0.008230       -0.152240       0.456720       1.065679
         64       0.008230        0.152240       0.152240       0.964186
         65       0.016461        0.050747       0.253733       1.065679
         66       0.008230        0.152240       0.152240       1.167173
         67       0.002743        0.253733       0.253733       0.253733
         68       0.008230        0.152240       0.355226       0.355226
         69       0.008230        0.050747       0.456720       0.456720
         70       0.008230       -0.050747       0.558213       0.558213
         71       0.008230       -0.152240       0.659706       0.659706
         72       0.008230        0.253733       0.253733       0.456720
         73       0.016461        0.152240       0.355226       0.558213
         74       0.016461        0.050747       0.456720       0.659706
         75       0.016461       -0.050747       0.558213       0.761200
         76       0.008230        0.253733       0.253733       0.659706
         77       0.016461        0.152240       0.355226       0.761200
         78       0.008230        0.050747       0.456720       0.862693
         79       0.008230        0.253733       0.253733       0.862693
         80       0.002743        0.355226       0.355226       0.355226
         81       0.008230        0.253733       0.456720       0.456720
         82       0.008230        0.152240       0.558213       0.558213
         83       0.008230        0.355226       0.355226       0.558213
         84       0.008230        0.253733       0.456720       0.659706
         85       0.001372        0.456720       0.456720       0.456720
 ***********************************************************************
 *I* TOTAL NUMBER OF DEGREES OF FREEDOM :     0
     
 NEIBRD =       1331
 KID  KNX  KNY  KNZ  KNL  KNM  KNN  =   21   10   10   10   20   20   20
 KIDP KNXP KNYP KNZP KNLP KNMP KNNP =   33   16   16   16   32   32   32
 NUMBER OF GENERATED VECTORS KNG,KNGP =      2421     10969
 KFFT KFFTP =      16800     67584
 IOPT IOPTP =          1         1

 ************************* SYMMETRY OPERATION **************************
                   Rc              tc               Rp             tp
         1.0000  0.0000  0.0000  0.0000   1.0000  0.0000  0.0000  0.0000
 nr.  1  0.0000  1.0000  0.0000  0.0000   0.0000  1.0000  0.0000  0.0000
         0.0000  0.0000  1.0000  0.0000   0.0000  0.0000  1.0000  0.0000

        -1.0000  0.0000  0.0000  0.0000  -1.0000  0.0000  0.0000  0.0000
 nr.  2  0.0000 -1.0000  0.0000  0.0000   0.0000 -1.0000  0.0000  0.0000
         0.0000  0.0000 -1.0000  0.0000   0.0000  0.0000 -1.0000  0.0000

         1.0000  0.0000  0.0000  0.0000   0.0000 -1.0000  1.0000  0.0000
 nr.  3  0.0000  0.0000 -1.0000  0.0000   0.0000  0.0000  1.0000  0.0000
         0.0000  1.0000  0.0000  0.0000  -1.0000  0.0000  1.0000  0.0000

         0.0000  0.0000  1.0000  0.0000   0.0000  0.0000  1.0000  0.0000
 nr.  4  1.0000  0.0000  0.0000  0.0000   1.0000  0.0000  0.0000  0.0000
         0.0000  1.0000  0.0000  0.0000   0.0000  1.0000  0.0000  0.0000

        -1.0000  0.0000  0.0000  0.0000   0.0000  1.0000 -1.0000  0.0000
 nr.  5  0.0000  0.0000  1.0000  0.0000   0.0000  0.0000 -1.0000  0.0000
         0.0000 -1.0000  0.0000  0.0000   1.0000  0.0000 -1.0000  0.0000

         0.0000  0.0000 -1.0000  0.0000   0.0000  0.0000 -1.0000  0.0000
 nr.  6 -1.0000  0.0000  0.0000  0.0000  -1.0000  0.0000  0.0000  0.0000
         0.0000 -1.0000  0.0000  0.0000   0.0000 -1.0000  0.0000  0.0000

         1.0000  0.0000  0.0000  0.0000  -1.0000  0.0000  0.0000  0.0000
 nr.  7  0.0000 -1.0000  0.0000  0.0000  -1.0000  0.0000  1.0000  0.0000
         0.0000  0.0000 -1.0000  0.0000  -1.0000  1.0000  0.0000  0.0000

         0.0000  0.0000  1.0000  0.0000  -1.0000  1.0000  0.0000  0.0000
 nr.  8  0.0000 -1.0000  0.0000  0.0000   0.0000  1.0000  0.0000  0.0000
         1.0000  0.0000  0.0000  0.0000   0.0000  1.0000 -1.0000  0.0000

         0.0000  1.0000  0.0000  0.0000  -1.0000  0.0000  1.0000  0.0000
 nr.  9  1.0000  0.0000  0.0000  0.0000   0.0000 -1.0000  1.0000  0.0000
         0.0000  0.0000 -1.0000  0.0000   0.0000  0.0000  1.0000  0.0000

         0.0000  1.0000  0.0000  0.0000   0.0000  1.0000  0.0000  0.0000
 nr. 10  0.0000  0.0000  1.0000  0.0000   0.0000  0.0000  1.0000  0.0000
         1.0000  0.0000  0.0000  0.0000   1.0000  0.0000  0.0000  0.0000

        -1.0000  0.0000  0.0000  0.0000   1.0000  0.0000  0.0000  0.0000
 nr. 11  0.0000  1.0000  0.0000  0.0000   1.0000  0.0000 -1.0000  0.0000
         0.0000  0.0000  1.0000  0.0000   1.0000 -1.0000  0.0000  0.0000

         0.0000  0.0000 -1.0000  0.0000   1.0000 -1.0000  0.0000  0.0000
 nr. 12  0.0000  1.0000  0.0000  0.0000   0.0000 -1.0000  0.0000  0.0000
        -1.0000  0.0000  0.0000  0.0000   0.0000 -1.0000  1.0000  0.0000

         0.0000 -1.0000  0.0000  0.0000   1.0000  0.0000 -1.0000  0.0000
 nr. 13 -1.0000  0.0000  0.0000  0.0000   0.0000  1.0000 -1.0000  0.0000
         0.0000  0.0000  1.0000  0.0000   0.0000  0.0000 -1.0000  0.0000

         0.0000 -1.0000  0.0000  0.0000   0.0000 -1.0000  0.0000  0.0000
 nr. 14  0.0000  0.0000 -1.0000  0.0000   0.0000  0.0000 -1.0000  0.0000
        -1.0000  0.0000  0.0000  0.0000  -1.0000  0.0000  0.0000  0.0000

         1.0000  0.0000  0.0000  0.0000   0.0000  1.0000 -1.0000  0.0000
 nr. 15  0.0000  0.0000  1.0000  0.0000  -1.0000  1.0000  0.0000  0.0000
         0.0000 -1.0000  0.0000  0.0000   0.0000  1.0000  0.0000  0.0000

         0.0000  0.0000  1.0000  0.0000   0.0000  0.0000 -1.0000  0.0000
 nr. 16 -1.0000  0.0000  0.0000  0.0000   0.0000  1.0000 -1.0000  0.0000
         0.0000 -1.0000  0.0000  0.0000   1.0000  0.0000 -1.0000  0.0000

         0.0000  1.0000  0.0000  0.0000   1.0000  0.0000 -1.0000  0.0000
 nr. 17 -1.0000  0.0000  0.0000  0.0000   1.0000  0.0000  0.0000  0.0000
         0.0000  0.0000  1.0000  0.0000   1.0000 -1.0000  0.0000  0.0000

         0.0000  0.0000 -1.0000  0.0000  -1.0000  1.0000  0.0000  0.0000
 nr. 18  1.0000  0.0000  0.0000  0.0000  -1.0000  0.0000  0.0000  0.0000
         0.0000 -1.0000  0.0000  0.0000  -1.0000  0.0000  1.0000  0.0000

         0.0000  0.0000 -1.0000  0.0000   0.0000  0.0000  1.0000  0.0000
 nr. 19  0.0000  1.0000  0.0000  0.0000  -1.0000  0.0000  1.0000  0.0000
         1.0000  0.0000  0.0000  0.0000   0.0000 -1.0000  1.0000  0.0000

        -1.0000  0.0000  0.0000  0.0000   0.0000 -1.0000  1.0000  0.0000
 nr. 20  0.0000  0.0000 -1.0000  0.0000   1.0000 -1.0000  0.0000  0.0000
         0.0000  1.0000  0.0000  0.0000   0.0000 -1.0000  0.0000  0.0000

         0.0000  0.0000 -1.0000  0.0000   0.0000  0.0000  1.0000  0.0000
 nr. 21  1.0000  0.0000  0.0000  0.0000   0.0000 -1.0000  1.0000  0.0000
         0.0000  1.0000  0.0000  0.0000  -1.0000  0.0000  1.0000  0.0000

         0.0000 -1.0000  0.0000  0.0000  -1.0000  0.0000  1.0000  0.0000
 nr. 22  1.0000  0.0000  0.0000  0.0000  -1.0000  0.0000  0.0000  0.0000
         0.0000  0.0000 -1.0000  0.0000  -1.0000  1.0000  0.0000  0.0000

         0.0000  0.0000  1.0000  0.0000   1.0000 -1.0000  0.0000  0.0000
 nr. 23 -1.0000  0.0000  0.0000  0.0000   1.0000  0.0000  0.0000  0.0000
         0.0000  1.0000  0.0000  0.0000   1.0000  0.0000 -1.0000  0.0000

         0.0000  0.0000  1.0000  0.0000   0.0000  0.0000 -1.0000  0.0000
 nr. 24  0.0000 -1.0000  0.0000  0.0000   1.0000  0.0000 -1.0000  0.0000
        -1.0000  0.0000  0.0000  0.0000   0.0000  1.0000 -1.0000  0.0000

         0.0000  0.0000  1.0000  0.0000   1.0000 -1.0000  0.0000  0.0000
 nr. 25  0.0000  1.0000  0.0000  0.0000   1.0000  0.0000 -1.0000  0.0000
        -1.0000  0.0000  0.0000  0.0000   1.0000  0.0000  0.0000  0.0000

         0.0000  1.0000  0.0000  0.0000   0.0000 -1.0000  0.0000  0.0000
 nr. 26  0.0000  0.0000 -1.0000  0.0000   1.0000 -1.0000  0.0000  0.0000
        -1.0000  0.0000  0.0000  0.0000   0.0000 -1.0000  1.0000  0.0000

         0.0000  0.0000 -1.0000  0.0000   1.0000 -1.0000  0.0000  0.0000
 nr. 27 -1.0000  0.0000  0.0000  0.0000   0.0000 -1.0000  1.0000  0.0000
         0.0000  1.0000  0.0000  0.0000   0.0000 -1.0000  0.0000  0.0000

         0.0000 -1.0000  0.0000  0.0000   0.0000  1.0000  0.0000  0.0000
 nr. 28  1.0000  0.0000  0.0000  0.0000   0.0000  1.0000 -1.0000  0.0000
         0.0000  0.0000  1.0000  0.0000  -1.0000  1.0000  0.0000  0.0000

         0.0000 -1.0000  0.0000  0.0000   1.0000  0.0000 -1.0000  0.0000
 nr. 29  0.0000  0.0000  1.0000  0.0000   0.0000  0.0000 -1.0000  0.0000
        -1.0000  0.0000  0.0000  0.0000   0.0000  1.0000 -1.0000  0.0000

         0.0000 -1.0000  0.0000  0.0000  -1.0000  0.0000  1.0000  0.0000
 nr. 30  0.0000  0.0000 -1.0000  0.0000  -1.0000  1.0000  0.0000  0.0000
         1.0000  0.0000  0.0000  0.0000  -1.0000  0.0000  0.0000  0.0000

         0.0000  0.0000 -1.0000  0.0000  -1.0000  1.0000  0.0000  0.0000
 nr. 31  0.0000 -1.0000  0.0000  0.0000  -1.0000  0.0000  1.0000  0.0000
         1.0000  0.0000  0.0000  0.0000  -1.0000  0.0000  0.0000  0.0000

         0.0000 -1.0000  0.0000  0.0000   0.0000  1.0000  0.0000  0.0000
 nr. 32  0.0000  0.0000  1.0000  0.0000  -1.0000  1.0000  0.0000  0.0000
         1.0000  0.0000  0.0000  0.0000   0.0000  1.0000 -1.0000  0.0000

         0.0000  0.0000  1.0000  0.0000  -1.0000  1.0000  0.0000  0.0000
 nr. 33  1.0000  0.0000  0.0000  0.0000   0.0000  1.0000 -1.0000  0.0000
         0.0000 -1.0000  0.0000  0.0000   0.0000  1.0000  0.0000  0.0000

         0.0000  1.0000  0.0000  0.0000   0.0000 -1.0000  0.0000  0.0000
 nr. 34 -1.0000  0.0000  0.0000  0.0000   0.0000 -1.0000  1.0000  0.0000
         0.0000  0.0000 -1.0000  0.0000   1.0000 -1.0000  0.0000  0.0000

         0.0000  1.0000  0.0000  0.0000  -1.0000  0.0000  1.0000  0.0000
 nr. 35  0.0000  0.0000 -1.0000  0.0000   0.0000  0.0000  1.0000  0.0000
         1.0000  0.0000  0.0000  0.0000   0.0000 -1.0000  1.0000  0.0000

         0.0000  1.0000  0.0000  0.0000   1.0000  0.0000 -1.0000  0.0000
 nr. 36  0.0000  0.0000  1.0000  0.0000   1.0000 -1.0000  0.0000  0.0000
        -1.0000  0.0000  0.0000  0.0000   1.0000  0.0000  0.0000  0.0000

         0.0000  0.0000 -1.0000  0.0000   0.0000  0.0000 -1.0000  0.0000
 nr. 37  0.0000 -1.0000  0.0000  0.0000   0.0000 -1.0000  0.0000  0.0000
        -1.0000  0.0000  0.0000  0.0000  -1.0000  0.0000  0.0000  0.0000

         0.0000 -1.0000  0.0000  0.0000   0.0000 -1.0000  0.0000  0.0000
 nr. 38 -1.0000  0.0000  0.0000  0.0000  -1.0000  0.0000  0.0000  0.0000
         0.0000  0.0000 -1.0000  0.0000   0.0000  0.0000 -1.0000  0.0000

        -1.0000  0.0000  0.0000  0.0000   1.0000  0.0000  0.0000  0.0000
 nr. 39  0.0000  0.0000  1.0000  0.0000   1.0000 -1.0000  0.0000  0.0000
         0.0000  1.0000  0.0000  0.0000   1.0000  0.0000 -1.0000  0.0000

        -1.0000  0.0000  0.0000  0.0000   0.0000 -1.0000  1.0000  0.0000
 nr. 40  0.0000  1.0000  0.0000  0.0000   0.0000 -1.0000  0.0000  0.0000
         0.0000  0.0000 -1.0000  0.0000   1.0000 -1.0000  0.0000  0.0000

        -1.0000  0.0000  0.0000  0.0000   0.0000  1.0000 -1.0000  0.0000
 nr. 41  0.0000 -1.0000  0.0000  0.0000   1.0000  0.0000 -1.0000  0.0000
         0.0000  0.0000  1.0000  0.0000   0.0000  0.0000 -1.0000  0.0000

         0.0000  0.0000  1.0000  0.0000   0.0000  0.0000  1.0000  0.0000
 nr. 42  0.0000  1.0000  0.0000  0.0000   0.0000  1.0000  0.0000  0.0000
         1.0000  0.0000  0.0000  0.0000   1.0000  0.0000  0.0000  0.0000

         0.0000  1.0000  0.0000  0.0000   0.0000  1.0000  0.0000  0.0000
 nr. 43  1.0000  0.0000  0.0000  0.0000   1.0000  0.0000  0.0000  0.0000
         0.0000  0.0000  1.0000  0.0000   0.0000  0.0000  1.0000  0.0000

         1.0000  0.0000  0.0000  0.0000  -1.0000  0.0000  0.0000  0.0000
 nr. 44  0.0000  0.0000 -1.0000  0.0000  -1.0000  1.0000  0.0000  0.0000
         0.0000 -1.0000  0.0000  0.0000  -1.0000  0.0000  1.0000  0.0000

         1.0000  0.0000  0.0000  0.0000   0.0000  1.0000 -1.0000  0.0000
 nr. 45  0.0000 -1.0000  0.0000  0.0000   0.0000  1.0000  0.0000  0.0000
         0.0000  0.0000  1.0000  0.0000  -1.0000  1.0000  0.0000  0.0000

         1.0000  0.0000  0.0000  0.0000   0.0000 -1.0000  1.0000  0.0000
 nr. 46  0.0000  1.0000  0.0000  0.0000  -1.0000  0.0000  1.0000  0.0000
         0.0000  0.0000 -1.0000  0.0000   0.0000  0.0000  1.0000  0.0000

        -1.0000  0.0000  0.0000  0.0000  -1.0000  0.0000  0.0000  0.0000
 nr. 47  0.0000  0.0000 -1.0000  0.0000   0.0000  0.0000 -1.0000  0.0000
         0.0000 -1.0000  0.0000  0.0000   0.0000 -1.0000  0.0000  0.0000

         1.0000  0.0000  0.0000  0.0000   1.0000  0.0000  0.0000  0.0000
 nr. 48  0.0000  0.0000  1.0000  0.0000   0.0000  0.0000  1.0000  0.0000
         0.0000  1.0000  0.0000  0.0000   0.0000  1.0000  0.0000  0.0000
 ***********************************************************************
  
           ===================================================
           ===       MPI PARALLELIZATION INFORMATION       ===
           ===================================================
           === TOTAL NUMBER OF K-POINTS          :      85 ===
           === K-POINT DIVISOR                   :       1 ===
           === TOTAL NUMBER OF BANDS             :      16 ===
           === BAND DIVISOR                      :      16 ===
           === TOTAL NUMBER OF G-VECTORS         :     305 ===
           === G-VECTOR DIVISOR                  :       1 ===
           ===================================================

 ***********************************************************************
                               ALLOCATION 
 ***********************************************************************
  NCPU  KNGP_FFT      KNGP       KNG     KNG1      KEG     KATM    KATM2
     0      1061       685       151       20        1        0        0
     1      1041       685       151       19        1        0        0
     2       965       685       151       19        1        0        0
     3       877       685       151       19        1        0        0
     4       745       685       151       19        1        0        0
     5       569       685       151       19        1        0        0
     6       369       685       151       19        1        0        0
     7       125       686       151       19        1        0        0
     8        30       686       151       19        1        0        0
     9       251       686       151       19        1        0        0
    10       471       686       151       19        1        0        0
    11       665       686       152       19        1        0        0
    12       817       686       152       19        1        0        0
    13       929       686       152       19        1        0        0
    14      1001       686       152       19        1        0        0
    15      1053       686       152       19        1        1        1
 -----------------------------------------------------------------------
  NCPU    KFFTPM     KFFTP    KFFTP2     KFFT    KMESH     KNMP     KNNP
     0      4224      4224      2112     1050       93        2        2
     1      4224      4224      2112     1050       93        2        2
     2      4224      4224      2112     1050       93        2        2
     3      4224      4224      2112     1050       94        2        2
     4      4224      4224      2112     1050       94        2        2
     5      4224      4224      2112     1050       94        2        2
     6      4224      4224      2112     1050       94        2        2
     7      4224      4224      2112     1050       94        2        2
     8      4224      4224      2112     1050       94        2        2
     9      4224      4224      2112     1050       94        2        2
    10      4224      4224      2112     1050       94        2        2
    11      4224      4224      2112     1050       94        2        2
    12      4224      4224      2112     1050       94        2        2
    13      4224      4224      2112     1050       94        2        2
    14      4224      4224      2112     1050       94        2        2
    15      4224      4224      2112     1050       94        2        2
 ***********************************************************************
                            END OF ALLOCATION 
 ***********************************************************************

 ********   <<  Reading Potential >>  ******** 
 F_POT(01) = pot.Cu_pbe1
 29.0000 11.0000  6      1          : NATOMN IVAL ILOC ITPCC
 ggapbe                             : XCTYPE
  7.5900  3.0200  2.6959 -1.6959    : ALP CC
 1501    96.0000 60.0000            : NMESH XH RMAX
 VALL is read from unit 37
    1   2   1                       : IL ITAU(IL1) IVAN(IL1)
    2   2   1                       : IL ITAU(IL1) IVAN(IL1)
    3   2   1                       : IL ITAU(IL1) IVAN(IL1)
    1   1   1   1   1   1  1135   8 : MM L1 T1 L2 T2 L3 NRC MORD
    2   1   1   1   2   1  1135   8 : MM L1 T1 L2 T2 L3 NRC MORD
    3   1   1   2   1   2  1135   8 : MM L1 T1 L2 T2 L3 NRC MORD
    4   1   1   2   2   2  1135   8 : MM L1 T1 L2 T2 L3 NRC MORD
    5   1   1   3   1   3  1135   8 : MM L1 T1 L2 T2 L3 NRC MORD
    6   1   1   3   2   3  1135   8 : MM L1 T1 L2 T2 L3 NRC MORD
    7   1   2   1   2   1  1135   8 : MM L1 T1 L2 T2 L3 NRC MORD
    8   1   2   2   1   2  1135   8 : MM L1 T1 L2 T2 L3 NRC MORD
    9   1   2   2   2   2  1135   8 : MM L1 T1 L2 T2 L3 NRC MORD
   10   1   2   3   1   3  1135   8 : MM L1 T1 L2 T2 L3 NRC MORD
   11   1   2   3   2   3  1135   8 : MM L1 T1 L2 T2 L3 NRC MORD
   12   2   1   2   1   1  1135   8 : MM L1 T1 L2 T2 L3 NRC MORD
   13   2   1   2   1   3  1135   8 : MM L1 T1 L2 T2 L3 NRC MORD
   14   2   1   2   2   1  1135   8 : MM L1 T1 L2 T2 L3 NRC MORD
   15   2   1   2   2   3  1135   8 : MM L1 T1 L2 T2 L3 NRC MORD
   16   2   1   3   1   2  1135   8 : MM L1 T1 L2 T2 L3 NRC MORD
   17   2   1   3   1   4  1135   8 : MM L1 T1 L2 T2 L3 NRC MORD
   18   2   1   3   2   2  1135   8 : MM L1 T1 L2 T2 L3 NRC MORD
   19   2   1   3   2   4  1135   8 : MM L1 T1 L2 T2 L3 NRC MORD
   20   2   2   2   2   1  1135   8 : MM L1 T1 L2 T2 L3 NRC MORD
   21   2   2   2   2   3  1135   8 : MM L1 T1 L2 T2 L3 NRC MORD
   22   2   2   3   1   2  1135   8 : MM L1 T1 L2 T2 L3 NRC MORD
   23   2   2   3   1   4  1135   8 : MM L1 T1 L2 T2 L3 NRC MORD
   24   2   2   3   2   2  1135   8 : MM L1 T1 L2 T2 L3 NRC MORD
   25   2   2   3   2   4  1135   8 : MM L1 T1 L2 T2 L3 NRC MORD
   26   3   1   3   1   1  1135   8 : MM L1 T1 L2 T2 L3 NRC MORD
   27   3   1   3   1   3  1127   8 : MM L1 T1 L2 T2 L3 NRC MORD
   28   3   1   3   1   5  1135   8 : MM L1 T1 L2 T2 L3 NRC MORD
   29   3   1   3   2   1  1135   8 : MM L1 T1 L2 T2 L3 NRC MORD
   30   3   1   3   2   3  1135   8 : MM L1 T1 L2 T2 L3 NRC MORD
   31   3   1   3   2   5  1135   8 : MM L1 T1 L2 T2 L3 NRC MORD
   32   3   2   3   2   1  1135   8 : MM L1 T1 L2 T2 L3 NRC MORD
   33   3   2   3   2   3  1135   8 : MM L1 T1 L2 T2 L3 NRC MORD
   34   3   2   3   2   5  1135   8 : MM L1 T1 L2 T2 L3 NRC MORD
 CHGPC  =   8.48851088
 TOTAL ENERGY CORRECTION FROM PS     =     0.4923571502D+00
 TOTAL PARTIAL CHARGE         SCHGPC =         8.4885108817
 TOTAL LOCALIZED CHARGE (QLCTOT)     =         0.0000000000
 KQITG =    34
 NUMBER OF BANDS SHOULD BE GREATER THAN 6
 KLMT  =    18
 KLMTT =    18
 KLMTA =    18
 TOTCH =      11.000000000000
 NX NY NZ  =   4   4   4
 NNEIB     =     729
 ALF       =    2.647574
 NEWLDG    =     137

 ***********************************************************************
 *                                                                     *
 *                              START SCF                              *
 *                                                                     *
 ***********************************************************************

  NSCF NADR            ETOTAL          EDEL          CDEL CONV      TCPU
     1    0      -59.14054473   0.59141E+02   0.13473E-01    0      1.22
     2    0      -59.53745811   0.39691E+00   0.51126E-01    0      0.61
     3    1      -59.76301168   0.22555E+00   0.85786E-02    0      0.61
     4    2      -59.76552354   0.25119E-02   0.33931E-02    1      0.61
     5    3      -59.76545076   0.72776E-04   0.94754E-03    2      0.61
     6    4      -59.76547804   0.27280E-04   0.76447E-03    2      0.61
     7    5      -59.76552841   0.50365E-04   0.33710E-04    3      0.61
     8    6      -59.76552837   0.35380E-07   0.39563E-04    3      0.61
     9    7      -59.76552850   0.13260E-06   0.40370E-05    3      0.61
    10    8      -59.76552851   0.13765E-08   0.32157E-06    3      0.61
    11    9      -59.76552851   0.40359E-11   0.10725E-06    4      0.61
    12   10      -59.76552851   0.12363E-11   0.21543E-06    5      0.64
    13   11      -59.76552851   0.27597E-10   0.69683E-08    6      0.61
 
                                   TOTAL CHARGE DENSITY =     10.9999997

                     TOTAL ENERGY AND ITS COMPONENTS 
                  TOTAL ENERGY     =         -59.76552851 A.U.
                KINETIC ENERGY     =           6.33631107 A.U.
                HARTREE ENERGY     =          16.08203876 A.U.
                     XC ENERGY     =         -19.86641998 A.U.
                  LOCAL ENERGY     =         -17.33006775 A.U.
               NONLOCAL ENERGY     =          -4.66172111 A.U.
                  EWALD ENERGY     =         -40.32567026 A.U.
                     PC ENERGY     =           0.00000000 A.U.
               ENTROPIC ENERGY     =           0.00000076 A.U.

                                         FERMI ENERGY =      -0.04512351
 NKP=    1  NGP=       301  K=(  0.05075  0.05075  0.05075)  WKP= 0.0027
                              EIGEN VALUE 
 -0.37916 -0.15504 -0.15343 -0.15343 -0.12538 -0.12538  0.77532  0.84071
  0.86810  0.86810  0.98744  0.98744  1.02326  1.12530  1.24232  1.24232
                               OCCUPATION 
  1.00000  1.00000  1.00000  1.00000  1.00000  1.00000  0.00000  0.00000
  0.00000  0.00000  0.00000  0.00000  0.00000  0.00000  0.00000  0.00000
 NKP=    2  NGP=       304  K=( -0.05075  0.15224  0.15224)  WKP= 0.0082
                              EIGEN VALUE 
 -0.35776 -0.15937 -0.14997 -0.14974 -0.12850 -0.12401  0.63851  0.72732
  0.86241  0.89413  1.00212  1.00307  1.08834  1.15129  1.18560  1.27784
                               OCCUPATION 
  1.00000  1.00000  1.00000  1.00000  1.00000  1.00000  0.00000  0.00000
  0.00000  0.00000  0.00000  0.00000  0.00000  0.00000  0.00000  0.00000
 NKP=    3  NGP=       301  K=( -0.15224  0.25373  0.25373)  WKP= 0.0082
                              EIGEN VALUE 
 -0.30797 -0.16441 -0.14863 -0.14726 -0.12662 -0.11794  0.42805  0.68652
  0.83593  0.85649  0.95715  0.98680  1.12904  1.13817  1.24296  1.40286
                               OCCUPATION 
  1.00000  1.00000  1.00000  1.00000  1.00000  1.00000  0.00000  0.00000
  0.00000  0.00000  0.00000  0.00000  0.00000  0.00000  0.00000  0.00000
 NKP=    4  NGP=       293  K=( -0.25373  0.35523  0.35523)  WKP= 0.0082
                              EIGEN VALUE 
 -0.24970 -0.15295 -0.15191 -0.15114 -0.11546 -0.10457  0.24171  0.67181
  0.78847  0.81025  0.88816  0.96013  1.09402  1.30256  1.37715  1.53881
                               OCCUPATION 
  1.00000  1.00000  1.00000  1.00000  1.00000  1.00000  0.00000  0.00000
  0.00000  0.00000  0.00000  0.00000  0.00000  0.00000  0.00000  0.00000
 NKP=    5  NGP=       292  K=( -0.35523  0.45672  0.45672)  WKP= 0.0082
                              EIGEN VALUE 
 -0.22644 -0.15647 -0.15410 -0.11917 -0.10615 -0.07059  0.10491  0.68503
  0.75101  0.75478  0.89062  0.92909  1.08512  1.49252  1.54580  1.58850
                               OCCUPATION 
  1.00000  1.00000  1.00000  1.00000  1.00000  1.00000  0.00000  0.00000
  0.00000  0.00000  0.00000  0.00000  0.00000  0.00000  0.00000  0.00000
 NKP=    6  NGP=       290  K=( -0.45672  0.55821  0.55821)  WKP= 0.0082
                              EIGEN VALUE 
 -0.22995 -0.15602 -0.15313 -0.12775 -0.10539 -0.08768  0.14061  0.71572
  0.72105  0.75224  0.91738  0.93252  1.08016  1.39897  1.53767  1.60868
                               OCCUPATION 
  1.00000  1.00000  1.00000  1.00000  1.00000  1.00000  0.00000  0.00000
  0.00000  0.00000  0.00000  0.00000  0.00000  0.00000  0.00000  0.00000
 NKP=    7  NGP=       298  K=( -0.55821  0.65971  0.65971)  WKP= 0.0082
                              EIGEN VALUE 
 -0.26723 -0.16064 -0.15157 -0.14928 -0.11581 -0.11294  0.30023  0.71208
  0.74335  0.81339  0.92899  1.00635  1.07181  1.23185  1.36207  1.47402
                               OCCUPATION 
  1.00000  1.00000  1.00000  1.00000  1.00000  1.00000  0.00000  0.00000
  0.00000  0.00000  0.00000  0.00000  0.00000  0.00000  0.00000  0.00000
 NKP=    8  NGP=       301  K=( -0.65971  0.76120  0.76120)  WKP= 0.0082
                              EIGEN VALUE 
 -0.32711 -0.16365 -0.14783 -0.14732 -0.12792 -0.12155  0.49621  0.73835
  0.76819  0.90004  0.94485  1.05622  1.10427  1.13245  1.21683  1.35377
                               OCCUPATION 
  1.00000  1.00000  1.00000  1.00000  1.00000  1.00000  0.00000  0.00000
  0.00000  0.00000  0.00000  0.00000  0.00000  0.00000  0.00000  0.00000
 NKP=    9  NGP=       305  K=( -0.76120  0.86269  0.86269)  WKP= 0.0082
                              EIGEN VALUE 
 -0.36837 -0.15785 -0.15118 -0.15107 -0.12804 -0.12410  0.71078  0.79203
  0.80021  0.87805  0.99696  1.06264  1.07327  1.11654  1.20934  1.25706
                               OCCUPATION 
  1.00000  1.00000  1.00000  1.00000  1.00000  1.00000  0.00000  0.00000
  0.00000  0.00000  0.00000  0.00000  0.00000  0.00000  0.00000  0.00000
 NKP=   10  NGP=       299  K=(  0.05075  0.05075  0.25373)  WKP= 0.0082
                              EIGEN VALUE 
 -0.34725 -0.16345 -0.14664 -0.14646 -0.13247 -0.12168  0.64600  0.71561
  0.75080  0.82918  0.94305  1.08721  1.16582  1.17660  1.28943  1.29296
                               OCCUPATION 
  1.00000  1.00000  1.00000  1.00000  1.00000  1.00000  0.00000  0.00000
  0.00000  0.00000  0.00000  0.00000  0.00000  0.00000  0.00000  0.00000
 NKP=   11  NGP=       299  K=( -0.05075  0.15224  0.35523)  WKP= 0.0165
                              EIGEN VALUE 
 -0.30741 -0.17043 -0.14730 -0.14025 -0.13089 -0.11600  0.51224  0.59873
  0.76189  0.79731  0.89429  1.10359  1.14919  1.28114  1.31694  1.44730
                               OCCUPATION 
  1.00000  1.00000  1.00000  1.00000  1.00000  1.00000  0.00000  0.00000
  0.00000  0.00000  0.00000  0.00000  0.00000  0.00000  0.00000  0.00000
 NKP=   12  NGP=       296  K=( -0.15224  0.25373  0.45672)  WKP= 0.0165
                              EIGEN VALUE 
 -0.25071 -0.17167 -0.15549 -0.14177 -0.11519 -0.09895  0.31702  0.57473
  0.67239  0.76820  1.00885  1.05005  1.13755  1.26284  1.42736  1.60063
                               OCCUPATION 
  1.00000  1.00000  1.00000  1.00000  1.00000  1.00000  0.00000  0.00000
  0.00000  0.00000  0.00000  0.00000  0.00000  0.00000  0.00000  0.00000
 NKP=   13  NGP=       297  K=( -0.25373  0.35523  0.55821)  WKP= 0.0165
                              EIGEN VALUE 
 -0.21728 -0.16461 -0.15107 -0.14538 -0.10576 -0.04867  0.15382  0.57883
  0.59751  0.76183  0.97545  1.09989  1.18234  1.28788  1.58347  1.58971
                               OCCUPATION 
  1.00000  1.00000  1.00000  1.00000  1.00000  1.01550  0.00000  0.00000
  0.00000  0.00000  0.00000  0.00000  0.00000  0.00000  0.00000  0.00000
 NKP=   14  NGP=       296  K=( -0.35523  0.45672  0.65971)  WKP= 0.0165
                              EIGEN VALUE 
 -0.21414 -0.16439 -0.14719 -0.14470 -0.10738 -0.02452  0.11461  0.54054
  0.62652  0.78046  0.94634  1.08154  1.22270  1.37437  1.46151  1.55551
                               OCCUPATION 
  1.00000  1.00000  1.00000  1.00000  1.00000  0.00000  0.00000  0.00000
  0.00000  0.00000  0.00000  0.00000  0.00000  0.00000  0.00000  0.00000
 NKP=   15  NGP=       299  K=( -0.45672  0.55821  0.76120)  WKP= 0.0165
                              EIGEN VALUE 
 -0.23409 -0.16519 -0.15830 -0.14399 -0.11792 -0.08241  0.25841  0.52188
  0.69852  0.82479  0.94179  1.05676  1.17876  1.27421  1.39343  1.66208
                               OCCUPATION 
  1.00000  1.00000  1.00000  1.00000  1.00000  1.00000  0.00000  0.00000
  0.00000  0.00000  0.00000  0.00000  0.00000  0.00000  0.00000  0.00000
 NKP=   16  NGP=       300  K=( -0.55821  0.65971  0.86269)  WKP= 0.0165
                              EIGEN VALUE 
 -0.28898 -0.17005 -0.15068 -0.14004 -0.13172 -0.10835  0.44482  0.53498
  0.79575  0.87579  0.94801  1.00560  1.08844  1.24148  1.34843  1.52388
                               OCCUPATION 
  1.00000  1.00000  1.00000  1.00000  1.00000  1.00000  0.00000  0.00000
  0.00000  0.00000  0.00000  0.00000  0.00000  0.00000  0.00000  0.00000
 NKP=   17  NGP=       301  K=( -0.65971  0.76120  0.96419)  WKP= 0.0165
                              EIGEN VALUE 
 -0.33701 -0.16382 -0.14751 -0.14610 -0.13131 -0.12090  0.57185  0.66019
  0.82407  0.89869  0.94241  1.03475  1.07570  1.21385  1.23706  1.35548
                               OCCUPATION 
  1.00000  1.00000  1.00000  1.00000  1.00000  1.00000  0.00000  0.00000
  0.00000  0.00000  0.00000  0.00000  0.00000  0.00000  0.00000  0.00000
 NKP=   18  NGP=       303  K=(  0.05075  0.05075  0.45672)  WKP= 0.0082
                              EIGEN VALUE 
 -0.28063 -0.17932 -0.14413 -0.13170 -0.12685 -0.11463  0.53122  0.58257
  0.63216  0.67989  0.77979  1.28867  1.31211  1.35714  1.43380  1.49114
                               OCCUPATION 
  1.00000  1.00000  1.00000  1.00000  1.00000  1.00000  0.00000  0.00000
  0.00000  0.00000  0.00000  0.00000  0.00000  0.00000  0.00000  0.00000
 NKP=   19  NGP=       302  K=( -0.05075  0.15224  0.55821)  WKP= 0.0165
                              EIGEN VALUE 
 -0.23865 -0.18566 -0.14897 -0.12490 -0.11378 -0.09691  0.41557  0.49616
  0.52505  0.71051  0.82074  1.22854  1.35404  1.44181  1.51764  1.62179
                               OCCUPATION 
  1.00000  1.00000  1.00000  1.00000  1.00000  1.00000  0.00000  0.00000
  0.00000  0.00000  0.00000  0.00000  0.00000  0.00000  0.00000  0.00000
 NKP=   20  NGP=       298  K=( -0.15224  0.25373  0.65971)  WKP= 0.0165
                              EIGEN VALUE 
 -0.20711 -0.18467 -0.15486 -0.12909 -0.10454 -0.03151  0.24043  0.43302
  0.49679  0.71523  0.98080  1.15530  1.30625  1.45016  1.60211  1.68238
                               OCCUPATION 
  1.00000  1.00000  1.00000  1.00000  1.00000  0.00000  0.00000  0.00000
  0.00000  0.00000  0.00000  0.00000  0.00000  0.00000  0.00000  0.00000
 NKP=   21  NGP=       296  K=( -0.25373  0.35523  0.76120)  WKP= 0.0165
                              EIGEN VALUE 
 -0.19545 -0.18058 -0.15752 -0.13341 -0.10708  0.05872  0.11678  0.37166
  0.53165  0.73585  1.08413  1.19404  1.25912  1.37681  1.47282  1.57380
                               OCCUPATION 
  1.00000  1.00000  1.00000  1.00000  1.00000  0.00000  0.00000  0.00000
  0.00000  0.00000  0.00000  0.00000  0.00000  0.00000  0.00000  0.00000
 NKP=   22  NGP=       293  K=( -0.35523  0.45672  0.86269)  WKP= 0.0165
                              EIGEN VALUE 
 -0.19858 -0.17235 -0.16902 -0.13424 -0.11772 -0.02156  0.23884  0.34315
  0.59890  0.78276  1.04484  1.17453  1.22043  1.36945  1.44314  1.53625
                               OCCUPATION 
  1.00000  1.00000  1.00000  1.00000  1.00000  0.00000  0.00000  0.00000
  0.00000  0.00000  0.00000  0.00000  0.00000  0.00000  0.00000  0.00000
 NKP=   23  NGP=       299  K=( -0.45672  0.55821  0.96419)  WKP= 0.0165
                              EIGEN VALUE 
 -0.23531 -0.17289 -0.15970 -0.13704 -0.12613 -0.08030  0.33382  0.42795
  0.69161  0.85033  0.96345  1.07524  1.14403  1.29925  1.43744  1.61668
                               OCCUPATION 
  1.00000  1.00000  1.00000  1.00000  1.00000  1.00000  0.00000  0.00000
  0.00000  0.00000  0.00000  0.00000  0.00000  0.00000  0.00000  0.00000
 NKP=   24  NGP=       299  K=( -0.55821  0.65971  1.06568)  WKP= 0.0165
                              EIGEN VALUE 
 -0.28128 -0.16709 -0.15086 -0.14565 -0.12357 -0.11051  0.36831  0.62729
  0.78250  0.82446  0.96720  1.00308  1.11557  1.19924  1.31975  1.49167
                               OCCUPATION 
  1.00000  1.00000  1.00000  1.00000  1.00000  1.00000  0.00000  0.00000
  0.00000  0.00000  0.00000  0.00000  0.00000  0.00000  0.00000  0.00000
 NKP=   25  NGP=       305  K=(  0.05075  0.05075  0.65971)  WKP= 0.0082
                              EIGEN VALUE 
 -0.22559 -0.19474 -0.12190 -0.11470 -0.10688 -0.08900  0.39886  0.44630
  0.48666  0.63136  0.72668  1.42876  1.45699  1.58534  1.60990  1.65072
                               OCCUPATION 
  1.00000  1.00000  1.00000  1.00000  1.00000  1.00000  0.00000  0.00000
  0.00000  0.00000  0.00000  0.00000  0.00000  0.00000  0.00000  0.00000
 NKP=   26  NGP=       297  K=( -0.05075  0.15224  0.76120)  WKP= 0.0165
                              EIGEN VALUE 
 -0.21451 -0.19721 -0.12651 -0.11149 -0.10325 -0.01784  0.30484  0.35539
  0.43384  0.67337  0.78464  1.35215  1.52223  1.64059  1.67365  1.71954
                               OCCUPATION 
  1.00000  1.00000  1.00000  1.00000  1.00000  0.00000  0.00000  0.00000
  0.00000  0.00000  0.00000  0.00000  0.00000  0.00000  0.00000  0.00000
 NKP=   27  NGP=       293  K=( -0.15224  0.25373  0.86269)  WKP= 0.0165
                              EIGEN VALUE 
 -0.20220 -0.19218 -0.14232 -0.11898 -0.10379  0.08649  0.20182  0.24886
  0.45964  0.69560  0.96200  1.26970  1.42869  1.44280  1.60656  1.75262
                               OCCUPATION 
  1.00000  1.00000  1.00000  1.00000  1.00000  0.00000  0.00000  0.00000
  0.00000  0.00000  0.00000  0.00000  0.00000  0.00000  0.00000  0.00000
 NKP=   28  NGP=       292  K=( -0.25373  0.35523  0.96419)  WKP= 0.0165
                              EIGEN VALUE 
 -0.18982 -0.18453 -0.16000 -0.12832 -0.10984  0.07514  0.15827  0.28373
  0.52076  0.73084  1.14212  1.18228  1.29813  1.32481  1.48730  1.64003
                               OCCUPATION 
  1.00000  1.00000  1.00000  1.00000  1.00000  0.00000  0.00000  0.00000
  0.00000  0.00000  0.00000  0.00000  0.00000  0.00000  0.00000  0.00000
 NKP=   29  NGP=       296  K=( -0.35523  0.45672  1.06568)  WKP= 0.0165
                              EIGEN VALUE 
 -0.20583 -0.16943 -0.15880 -0.14043 -0.11226 -0.02099  0.16879  0.43599
  0.60806  0.78275  0.99371  1.14701  1.26447  1.36222  1.42797  1.49169
                               OCCUPATION 
  1.00000  1.00000  1.00000  1.00000  1.00000  0.00000  0.00000  0.00000
  0.00000  0.00000  0.00000  0.00000  0.00000  0.00000  0.00000  0.00000
 NKP=   30  NGP=       298  K=( -0.45672  0.55821  1.16717)  WKP= 0.0165
                              EIGEN VALUE 
 -0.23229 -0.15711 -0.15031 -0.14798 -0.11006 -0.08631  0.19287  0.62331
  0.71146  0.78222  0.93023  1.00586  1.13375  1.29741  1.46898  1.62604
                               OCCUPATION 
  1.00000  1.00000  1.00000  1.00000  1.00000  1.00000  0.00000  0.00000
  0.00000  0.00000  0.00000  0.00000  0.00000  0.00000  0.00000  0.00000
 NKP=   31  NGP=       302  K=(  0.05075  0.05075  0.86269)  WKP= 0.0082
                              EIGEN VALUE 
 -0.21910 -0.20276 -0.10663 -0.10445 -0.10020  0.00940  0.22446  0.40455
  0.44141  0.61317  0.70912  1.53478  1.60246  1.69411  1.72744  1.76491
                               OCCUPATION 
  1.00000  1.00000  1.00000  1.00000  1.00000  0.00000  0.00000  0.00000
  0.00000  0.00000  0.00000  0.00000  0.00000  0.00000  0.00000  0.00000
 NKP=   32  NGP=       299  K=( -0.05075  0.15224  0.96419)  WKP= 0.0165
                              EIGEN VALUE 
 -0.21427 -0.19979 -0.11920 -0.10992 -0.10043  0.03308  0.22955  0.34219
  0.42004  0.66635  0.77806  1.40824  1.57174  1.58396  1.72130  1.78481
                               OCCUPATION 
  1.00000  1.00000  1.00000  1.00000  1.00000  0.00000  0.00000  0.00000
  0.00000  0.00000  0.00000  0.00000  0.00000  0.00000  0.00000  0.00000
 NKP=   33  NGP=       295  K=( -0.15224  0.25373  1.06568)  WKP= 0.0165
                              EIGEN VALUE 
 -0.20232 -0.18982 -0.14761 -0.12283 -0.10356  0.02673  0.21634  0.32889
  0.47217  0.70196  0.96837  1.21479  1.38072  1.50279  1.58853  1.68428
                               OCCUPATION 
  1.00000  1.00000  1.00000  1.00000  1.00000  0.00000  0.00000  0.00000
  0.00000  0.00000  0.00000  0.00000  0.00000  0.00000  0.00000  0.00000
 NKP=   34  NGP=       296  K=( -0.25373  0.35523  1.16717)  WKP= 0.0165
                              EIGEN VALUE 
 -0.20499 -0.17332 -0.15418 -0.13983 -0.10511  0.00418  0.12557  0.47702
  0.55339  0.74613  1.02614  1.17761  1.21356  1.34208  1.48285  1.64334
                               OCCUPATION 
  1.00000  1.00000  1.00000  1.00000  1.00000  0.00000  0.00000  0.00000
  0.00000  0.00000  0.00000  0.00000  0.00000  0.00000  0.00000  0.00000
 NKP=   35  NGP=       294  K=( -0.35523  0.45672  1.26867)  WKP= 0.0082
                              EIGEN VALUE 
 -0.22120 -0.15959 -0.15176 -0.13021 -0.10516 -0.04208  0.09254  0.64282
  0.66135  0.77140  0.91599  0.99942  1.13183  1.47319  1.49328  1.61279
                               OCCUPATION 
  1.00000  1.00000  1.00000  1.00000  1.00000 -0.02676  0.00000  0.00000
  0.00000  0.00000  0.00000  0.00000  0.00000  0.00000  0.00000  0.00000
 NKP=   36  NGP=       302  K=(  0.05075  0.05075  1.06568)  WKP= 0.0082
                              EIGEN VALUE 
 -0.21976 -0.19999 -0.10990 -0.10904 -0.10306 -0.04024  0.29754  0.41882
  0.45685  0.61912  0.71465  1.48767  1.53453  1.65006  1.70536  1.76773
                               OCCUPATION 
  1.00000  1.00000  1.00000  1.00000  1.00000 -0.00149  0.00000  0.00000
  0.00000  0.00000  0.00000  0.00000  0.00000  0.00000  0.00000  0.00000
 NKP=   37  NGP=       301  K=( -0.05075  0.15224  1.16717)  WKP= 0.0165
                              EIGEN VALUE 
 -0.21947 -0.19231 -0.13867 -0.11694 -0.10746 -0.06729  0.37981  0.40783
  0.46068  0.68781  0.79849  1.28889  1.44532  1.55606  1.61381  1.71686
                               OCCUPATION 
  1.00000  1.00000  1.00000  1.00000  1.00000  1.00000  0.00000  0.00000
  0.00000  0.00000  0.00000  0.00000  0.00000  0.00000  0.00000  0.00000
 NKP=   38  NGP=       301  K=( -0.15224  0.25373  1.26867)  WKP= 0.0165
                              EIGEN VALUE 
 -0.22327 -0.17789 -0.15820 -0.13593 -0.10801 -0.07438  0.27425  0.52875
  0.55174  0.73657  0.99739  1.10168  1.22080  1.34130  1.55129  1.68720
                               OCCUPATION 
  1.00000  1.00000  1.00000  1.00000  1.00000  1.00000  0.00000  0.00000
  0.00000  0.00000  0.00000  0.00000  0.00000  0.00000  0.00000  0.00000
 NKP=   39  NGP=       305  K=(  0.05075  0.05075  1.26867)  WKP= 0.0082
                              EIGEN VALUE 
 -0.24594 -0.18758 -0.13844 -0.12287 -0.11412 -0.11072  0.48348  0.51426
  0.52917  0.65067  0.74716  1.36993  1.37740  1.47366  1.51646  1.57544
                               OCCUPATION 
  1.00000  1.00000  1.00000  1.00000  1.00000  1.00000  0.00000  0.00000
  0.00000  0.00000  0.00000  0.00000  0.00000  0.00000  0.00000  0.00000
 NKP=   40  NGP=       300  K=( -0.05075  0.15224  1.37016)  WKP= 0.0165
                              EIGEN VALUE 
 -0.27204 -0.17805 -0.15016 -0.13308 -0.12342 -0.10943  0.45997  0.54395
  0.64703  0.74309  0.85251  1.17016  1.24708  1.35622  1.41155  1.54542
                               OCCUPATION 
  1.00000  1.00000  1.00000  1.00000  1.00000  1.00000  0.00000  0.00000
  0.00000  0.00000  0.00000  0.00000  0.00000  0.00000  0.00000  0.00000
 NKP=   41  NGP=       301  K=(  0.05075  0.05075  1.47165)  WKP= 0.0082
                              EIGEN VALUE 
 -0.31700 -0.17093 -0.14295 -0.13984 -0.13441 -0.11841  0.58574  0.64520
  0.70581  0.75439  0.83717  1.18649  1.24806  1.26293  1.34837  1.38907
                               OCCUPATION 
  1.00000  1.00000  1.00000  1.00000  1.00000  1.00000  0.00000  0.00000
  0.00000  0.00000  0.00000  0.00000  0.00000  0.00000  0.00000  0.00000
 NKP=   42  NGP=       304  K=(  0.15224  0.15224  0.15224)  WKP= 0.0027
                              EIGEN VALUE 
 -0.34736 -0.16033 -0.14924 -0.14924 -0.12594 -0.12594  0.56394  0.81519
  0.81519  0.81827  1.04876  1.07201  1.07201  1.12292  1.12292  1.29786
                               OCCUPATION 
  1.00000  1.00000  1.00000  1.00000  1.00000  1.00000  0.00000  0.00000
  0.00000  0.00000  0.00000  0.00000  0.00000  0.00000  0.00000  0.00000
 NKP=   43  NGP=       299  K=(  0.05075  0.25373  0.25373)  WKP= 0.0082
                              EIGEN VALUE 
 -0.31710 -0.16582 -0.14834 -0.14403 -0.13244 -0.11623  0.50444  0.59423
  0.88912  0.93529  0.94214  0.95120  1.03982  1.19155  1.29526  1.43421
                               OCCUPATION 
  1.00000  1.00000  1.00000  1.00000  1.00000  1.00000  0.00000  0.00000
  0.00000  0.00000  0.00000  0.00000  0.00000  0.00000  0.00000  0.00000
 NKP=   44  NGP=       299  K=( -0.05075  0.35523  0.35523)  WKP= 0.0082
                              EIGEN VALUE 
 -0.26364 -0.17073 -0.15385 -0.13972 -0.13137 -0.09685  0.38525  0.47729
  0.81561  0.82591  0.98605  1.00810  1.09698  1.23209  1.38847  1.57119
                               OCCUPATION 
  1.00000  1.00000  1.00000  1.00000  1.00000  1.00000  0.00000  0.00000
  0.00000  0.00000  0.00000  0.00000  0.00000  0.00000  0.00000  0.00000
 NKP=   45  NGP=       295  K=( -0.15224  0.45672  0.45672)  WKP= 0.0082
                              EIGEN VALUE 
 -0.21851 -0.16241 -0.15954 -0.14420 -0.11682 -0.05835  0.20900  0.47461
  0.71198  0.75520  1.00852  1.03863  1.27506  1.28500  1.39333  1.56561
                               OCCUPATION 
  1.00000  1.00000  1.00000  1.00000  1.00000  1.00000  0.00000  0.00000
  0.00000  0.00000  0.00000  0.00000  0.00000  0.00000  0.00000  0.00000
 NKP=   46  NGP=       294  K=( -0.25373  0.55821  0.55821)  WKP= 0.0082
                              EIGEN VALUE 
 -0.21007 -0.16757 -0.14727 -0.14495 -0.10608 -0.00090  0.09955  0.50451
  0.63989  0.71403  1.03700  1.06829  1.25624  1.34623  1.47799  1.54914
                               OCCUPATION 
  1.00000  1.00000  1.00000  1.00000  1.00000  0.00000  0.00000  0.00000
  0.00000  0.00000  0.00000  0.00000  0.00000  0.00000  0.00000  0.00000
 NKP=   47  NGP=       299  K=( -0.35523  0.65971  0.65971)  WKP= 0.0082
                              EIGEN VALUE 
 -0.22017 -0.17031 -0.15636 -0.14215 -0.10432 -0.06560  0.20801  0.56510
  0.60437  0.70002  1.08340  1.09364  1.12309  1.28242  1.61269  1.66825
                               OCCUPATION 
  1.00000  1.00000  1.00000  1.00000  1.00000  1.00000  0.00000  0.00000
  0.00000  0.00000  0.00000  0.00000  0.00000  0.00000  0.00000  0.00000
 NKP=   48  NGP=       298  K=( -0.45672  0.76120  0.76120)  WKP= 0.0082
                              EIGEN VALUE 
 -0.26443 -0.17603 -0.15237 -0.13856 -0.11289 -0.11102  0.38464  0.60693
  0.64830  0.71162  0.93581  1.14399  1.17667  1.27817  1.44966  1.53798
                               OCCUPATION 
  1.00000  1.00000  1.00000  1.00000  1.00000  1.00000  0.00000  0.00000
  0.00000  0.00000  0.00000  0.00000  0.00000  0.00000  0.00000  0.00000
 NKP=   49  NGP=       300  K=(  0.15224  0.15224  0.35523)  WKP= 0.0082
                              EIGEN VALUE 
 -0.29838 -0.16921 -0.14874 -0.14378 -0.12475 -0.11628  0.43641  0.66845
  0.72221  0.80203  0.96223  1.05813  1.13649  1.20060  1.32883  1.43478
                               OCCUPATION 
  1.00000  1.00000  1.00000  1.00000  1.00000  1.00000  0.00000  0.00000
  0.00000  0.00000  0.00000  0.00000  0.00000  0.00000  0.00000  0.00000
 NKP=   50  NGP=       299  K=(  0.05075  0.25373  0.45672)  WKP= 0.0165
                              EIGEN VALUE 
 -0.25601 -0.17573 -0.15571 -0.13443 -0.12529 -0.09700  0.39319  0.48363
  0.66622  0.83602  0.93072  1.05135  1.18823  1.33466  1.40919  1.58151
                               OCCUPATION 
  1.00000  1.00000  1.00000  1.00000  1.00000  1.00000  0.00000  0.00000
  0.00000  0.00000  0.00000  0.00000  0.00000  0.00000  0.00000  0.00000
 NKP=   51  NGP=       298  K=( -0.05075  0.35523  0.55821)  WKP= 0.0165
                              EIGEN VALUE 
 -0.21051 -0.17630 -0.16636 -0.13119 -0.11843 -0.05289  0.29070  0.38769
  0.56724  0.87601  0.94184  1.07585  1.25932  1.40930  1.49714  1.57076
                               OCCUPATION 
  1.00000  1.00000  1.00000  1.00000  1.00000  1.00000  0.00000  0.00000
  0.00000  0.00000  0.00000  0.00000  0.00000  0.00000  0.00000  0.00000
 NKP=   52  NGP=       295  K=( -0.15224  0.45672  0.65971)  WKP= 0.0165
                              EIGEN VALUE 
 -0.19537 -0.17795 -0.16098 -0.13497 -0.10810  0.03075  0.13866  0.40676
  0.49405  0.83093  0.97549  1.23187  1.28224  1.33159  1.44167  1.60072
                               OCCUPATION 
  1.00000  1.00000  1.00000  1.00000  1.00000  0.00000  0.00000  0.00000
  0.00000  0.00000  0.00000  0.00000  0.00000  0.00000  0.00000  0.00000
 NKP=   53  NGP=       297  K=( -0.25373  0.55821  0.76120)  WKP= 0.0165
                              EIGEN VALUE 
 -0.19975 -0.17879 -0.16173 -0.13262 -0.10695 -0.00298  0.18391  0.44790
  0.46208  0.80852  0.99837  1.12295  1.30483  1.41628  1.47141  1.63884
                               OCCUPATION 
  1.00000  1.00000  1.00000  1.00000  1.00000  0.00000  0.00000  0.00000
  0.00000  0.00000  0.00000  0.00000  0.00000  0.00000  0.00000  0.00000
 NKP=   54  NGP=       299  K=( -0.35523  0.65971  0.86269)  WKP= 0.0165
                              EIGEN VALUE 
 -0.22562 -0.18184 -0.15902 -0.12717 -0.11678 -0.07703  0.34982  0.44073
  0.54160  0.80382  0.90950  1.09633  1.30878  1.43209  1.49363  1.63872
                               OCCUPATION 
  1.00000  1.00000  1.00000  1.00000  1.00000  1.00000  0.00000  0.00000
  0.00000  0.00000  0.00000  0.00000  0.00000  0.00000  0.00000  0.00000
 NKP=   55  NGP=       298  K=(  0.15224  0.15224  0.55821)  WKP= 0.0082
                              EIGEN VALUE 
 -0.23283 -0.18322 -0.15278 -0.13202 -0.10654 -0.09094  0.34114  0.53093
  0.55506  0.67914  0.90560  1.22521  1.23299  1.37760  1.57719  1.65598
                               OCCUPATION 
  1.00000  1.00000  1.00000  1.00000  1.00000  1.00000  0.00000  0.00000
  0.00000  0.00000  0.00000  0.00000  0.00000  0.00000  0.00000  0.00000
 NKP=   56  NGP=       298  K=(  0.05075  0.25373  0.65971)  WKP= 0.0165
                              EIGEN VALUE 
 -0.20873 -0.18745 -0.15482 -0.12033 -0.10962 -0.04018  0.31539  0.40623
  0.42634  0.77985  0.89200  1.14863  1.43023  1.52471  1.58534  1.61716
                               OCCUPATION 
  1.00000  1.00000  1.00000  1.00000  1.00000 -0.00131  0.00000  0.00000
  0.00000  0.00000  0.00000  0.00000  0.00000  0.00000  0.00000  0.00000
 NKP=   57  NGP=       294  K=( -0.05075  0.35523  0.76120)  WKP= 0.0165
                              EIGEN VALUE 
 -0.19515 -0.18354 -0.16211 -0.12325 -0.10440  0.05122  0.23208  0.33474
  0.34643  0.86931  0.97015  1.09145  1.35799  1.52559  1.61704  1.70951
                               OCCUPATION 
  1.00000  1.00000  1.00000  1.00000  1.00000  0.00000  0.00000  0.00000
  0.00000  0.00000  0.00000  0.00000  0.00000  0.00000  0.00000  0.00000
 NKP=   58  NGP=       291  K=( -0.15224  0.45672  0.86269)  WKP= 0.0165
                              EIGEN VALUE 
 -0.18919 -0.17847 -0.16997 -0.12709 -0.10452  0.09346  0.17890  0.29688
  0.37799  0.90006  1.00150  1.12410  1.24359  1.49799  1.62483  1.69273
                               OCCUPATION 
  1.00000  1.00000  1.00000  1.00000  1.00000  0.00000  0.00000  0.00000
  0.00000  0.00000  0.00000  0.00000  0.00000  0.00000  0.00000  0.00000
 NKP=   59  NGP=       297  K=( -0.25373  0.55821  0.96419)  WKP= 0.0165
                              EIGEN VALUE 
 -0.19658 -0.18060 -0.16772 -0.12573 -0.11081 -0.00863  0.25643  0.35694
  0.45078  0.87920  0.95057  1.07371  1.39243  1.45298  1.52163  1.59138
                               OCCUPATION 
  1.00000  1.00000  1.00000  1.00000  1.00000  0.00000  0.00000  0.00000
  0.00000  0.00000  0.00000  0.00000  0.00000  0.00000  0.00000  0.00000
 NKP=   60  NGP=       299  K=(  0.15224  0.15224  0.76120)  WKP= 0.0082
                              EIGEN VALUE 
 -0.21000 -0.19470 -0.13417 -0.11818 -0.10224 -0.00077  0.28172  0.31332
  0.48592  0.64906  0.86775  1.34324  1.38360  1.62921  1.64010  1.69339
                               OCCUPATION 
  1.00000  1.00000  1.00000  1.00000  1.00000  0.00000  0.00000  0.00000
  0.00000  0.00000  0.00000  0.00000  0.00000  0.00000  0.00000  0.00000
 NKP=   61  NGP=       294  K=(  0.05075  0.25373  0.86269)  WKP= 0.0165
                              EIGEN VALUE 
 -0.20590 -0.19381 -0.13850 -0.11617 -0.10051  0.07004  0.24023  0.27904
  0.37257  0.75628  0.87449  1.26095  1.42500  1.59851  1.73315  1.78975
                               OCCUPATION 
  1.00000  1.00000  1.00000  1.00000  1.00000  0.00000  0.00000  0.00000
  0.00000  0.00000  0.00000  0.00000  0.00000  0.00000  0.00000  0.00000
 NKP=   62  NGP=       293  K=( -0.05075  0.35523  0.96419)  WKP= 0.0165
                              EIGEN VALUE 
 -0.19702 -0.18481 -0.15687 -0.12310 -0.10054  0.11437  0.21855  0.25994
  0.32624  0.86273  0.97878  1.12424  1.28883  1.62109  1.72352  1.79250
                               OCCUPATION 
  1.00000  1.00000  1.00000  1.00000  1.00000  0.00000  0.00000  0.00000
  0.00000  0.00000  0.00000  0.00000  0.00000  0.00000  0.00000  0.00000
 NKP=   63  NGP=       294  K=( -0.15224  0.45672  1.06568)  WKP= 0.0082
                              EIGEN VALUE 
 -0.18624 -0.18513 -0.16490 -0.12999 -0.10566  0.08479  0.12848  0.38368
  0.39146  0.87698  0.97458  1.18842  1.26297  1.40814  1.52570  1.71303
                               OCCUPATION 
  1.00000  1.00000  1.00000  1.00000  1.00000  0.00000  0.00000  0.00000
  0.00000  0.00000  0.00000  0.00000  0.00000  0.00000  0.00000  0.00000
 NKP=   64  NGP=       294  K=(  0.15224  0.15224  0.96419)  WKP= 0.0082
                              EIGEN VALUE 
 -0.20986 -0.19721 -0.12763 -0.11362 -0.10244  0.05311  0.23418  0.27045
  0.47138  0.64367  0.86048  1.39989  1.44361  1.55668  1.61257  1.81062
                               OCCUPATION 
  1.00000  1.00000  1.00000  1.00000  1.00000  0.00000  0.00000  0.00000
  0.00000  0.00000  0.00000  0.00000  0.00000  0.00000  0.00000  0.00000
 NKP=   65  NGP=       294  K=(  0.05075  0.25373  1.06568)  WKP= 0.0165
                              EIGEN VALUE 
 -0.20533 -0.19163 -0.14538 -0.11668 -0.10401  0.01403  0.29086  0.32066
  0.38465  0.76408  0.88027  1.20715  1.49793  1.53048  1.63911  1.71254
                               OCCUPATION 
  1.00000  1.00000  1.00000  1.00000  1.00000  0.00000  0.00000  0.00000
  0.00000  0.00000  0.00000  0.00000  0.00000  0.00000  0.00000  0.00000
 NKP=   66  NGP=       303  K=(  0.15224  0.15224  1.16717)  WKP= 0.0082
                              EIGEN VALUE 
 -0.21471 -0.18981 -0.14504 -0.12486 -0.10350 -0.05394  0.30655  0.41613
  0.51424  0.66040  0.88266  1.28145  1.31137  1.50279  1.70575  1.71801
                               OCCUPATION 
  1.00000  1.00000  1.00000  1.00000  1.00000  1.00000  0.00000  0.00000
  0.00000  0.00000  0.00000  0.00000  0.00000  0.00000  0.00000  0.00000
 NKP=   67  NGP=       302  K=(  0.25373  0.25373  0.25373)  WKP= 0.0027
                              EIGEN VALUE 
 -0.29061 -0.16210 -0.14937 -0.14937 -0.11959 -0.11959  0.35968  0.78018
  0.78018  0.78944  0.97683  0.97683  1.04909  1.24607  1.24607  1.40767
                               OCCUPATION 
  1.00000  1.00000  1.00000  1.00000  1.00000  1.00000  0.00000  0.00000
  0.00000  0.00000  0.00000  0.00000  0.00000  0.00000  0.00000  0.00000
 NKP=   68  NGP=       296  K=(  0.15224  0.35523  0.35523)  WKP= 0.0082
                              EIGEN VALUE 
 -0.25844 -0.16509 -0.15328 -0.14636 -0.12316 -0.09950  0.30896  0.57115
  0.81192  0.81970  0.93228  0.97862  1.19542  1.19770  1.32664  1.58783
                               OCCUPATION 
  1.00000  1.00000  1.00000  1.00000  1.00000  1.00000  0.00000  0.00000
  0.00000  0.00000  0.00000  0.00000  0.00000  0.00000  0.00000  0.00000
 NKP=   69  NGP=       295  K=(  0.05075  0.45672  0.45672)  WKP= 0.0082
                              EIGEN VALUE 
 -0.21468 -0.17049 -0.16440 -0.13793 -0.12336 -0.05692  0.28233  0.38077
  0.70294  0.75544  1.07122  1.08368  1.18081  1.29244  1.47822  1.55986
                               OCCUPATION 
  1.00000  1.00000  1.00000  1.00000  1.00000  1.00000  0.00000  0.00000
  0.00000  0.00000  0.00000  0.00000  0.00000  0.00000  0.00000  0.00000
 NKP=   70  NGP=       289  K=( -0.05075  0.55821  0.55821)  WKP= 0.0082
                              EIGEN VALUE 
 -0.19227 -0.17776 -0.16388 -0.13260 -0.11471  0.02061  0.19438  0.30853
  0.60624  0.70275  1.17187  1.17536  1.28789  1.28843  1.39823  1.58249
                               OCCUPATION 
  1.00000  1.00000  1.00000  1.00000  1.00000  0.00000  0.00000  0.00000
  0.00000  0.00000  0.00000  0.00000  0.00000  0.00000  0.00000  0.00000
 NKP=   71  NGP=       296  K=( -0.15224  0.65971  0.65971)  WKP= 0.0082
                              EIGEN VALUE 
 -0.19834 -0.18558 -0.15236 -0.12904 -0.10492  0.04743  0.15246  0.34572
  0.54091  0.67207  1.07135  1.21443  1.25228  1.49538  1.50992  1.58258
                               OCCUPATION 
  1.00000  1.00000  1.00000  1.00000  1.00000  0.00000  0.00000  0.00000
  0.00000  0.00000  0.00000  0.00000  0.00000  0.00000  0.00000  0.00000
 NKP=   72  NGP=       298  K=(  0.25373  0.25373  0.45672)  WKP= 0.0082
                              EIGEN VALUE 
 -0.24195 -0.16286 -0.15520 -0.14681 -0.10762 -0.09907  0.24969  0.65317
  0.67908  0.73199  1.01731  1.04540  1.09482  1.23159  1.48575  1.57271
                               OCCUPATION 
  1.00000  1.00000  1.00000  1.00000  1.00000  1.00000  0.00000  0.00000
  0.00000  0.00000  0.00000  0.00000  0.00000  0.00000  0.00000  0.00000
 NKP=   73  NGP=       296  K=(  0.15224  0.35523  0.55821)  WKP= 0.0165
                              EIGEN VALUE 
 -0.21348 -0.17064 -0.16170 -0.13876 -0.11117 -0.05157  0.21665  0.48115
  0.57603  0.81988  0.96039  1.12987  1.19982  1.34120  1.50353  1.57683
                               OCCUPATION 
  1.00000  1.00000  1.00000  1.00000  1.00000  1.00003  0.00000  0.00000
  0.00000  0.00000  0.00000  0.00000  0.00000  0.00000  0.00000  0.00000
 NKP=   74  NGP=       292  K=(  0.05075  0.45672  0.65971)  WKP= 0.0165
                              EIGEN VALUE 
 -0.18809 -0.18021 -0.16921 -0.12963 -0.11087  0.02915  0.20390  0.31528
  0.48429  0.83685  1.01876  1.15928  1.31974  1.35526  1.50918  1.60120
                               OCCUPATION 
  1.00000  1.00000  1.00000  1.00000  1.00000  0.00000  0.00000  0.00000
  0.00000  0.00000  0.00000  0.00000  0.00000  0.00000  0.00000  0.00000
 NKP=   75  NGP=       292  K=( -0.05075  0.55821  0.76120)  WKP= 0.0165
                              EIGEN VALUE 
 -0.19334 -0.18576 -0.15776 -0.12480 -0.10438  0.12493  0.14854  0.26793
  0.41848  0.79338  1.06660  1.13516  1.29538  1.46665  1.62244  1.70662
                               OCCUPATION 
  1.00000  1.00000  1.00000  1.00000  1.00000  0.00000  0.00000  0.00000
  0.00000  0.00000  0.00000  0.00000  0.00000  0.00000  0.00000  0.00000
 NKP=   76  NGP=       296  K=(  0.25373  0.25373  0.65971)  WKP= 0.0082
                              EIGEN VALUE 
 -0.20561 -0.17891 -0.15511 -0.13588 -0.10345 -0.01553  0.17538  0.45065
  0.56665  0.68246  1.08028  1.15051  1.18998  1.38744  1.59384  1.64879
                               OCCUPATION 
  1.00000  1.00000  1.00000  1.00000  1.00000  0.00000  0.00000  0.00000
  0.00000  0.00000  0.00000  0.00000  0.00000  0.00000  0.00000  0.00000
 NKP=   77  NGP=       294  K=(  0.15224  0.35523  0.76120)  WKP= 0.0165
                              EIGEN VALUE 
 -0.19349 -0.18457 -0.15986 -0.12750 -0.10508  0.05975  0.16093  0.35353
  0.42939  0.79869  1.04182  1.11885  1.36326  1.39918  1.54446  1.70164
                               OCCUPATION 
  1.00000  1.00000  1.00000  1.00000  1.00000  0.00000  0.00000  0.00000
  0.00000  0.00000  0.00000  0.00000  0.00000  0.00000  0.00000  0.00000
 NKP=   78  NGP=       294  K=(  0.05075  0.45672  0.86269)  WKP= 0.0082
                              EIGEN VALUE 
 -0.19285 -0.17383 -0.17124 -0.12643 -0.10054  0.15954  0.16900  0.28223
  0.29349  0.96180  0.99665  1.06897  1.20681  1.63590  1.70637  1.80095
                               OCCUPATION 
  1.00000  1.00000  1.00000  1.00000  1.00000  0.00000  0.00000  0.00000
  0.00000  0.00000  0.00000  0.00000  0.00000  0.00000  0.00000  0.00000
 NKP=   79  NGP=       290  K=(  0.25373  0.25373  0.86269)  WKP= 0.0082
                              EIGEN VALUE 
 -0.19620 -0.18869 -0.15007 -0.12362 -0.10743  0.11199  0.13921  0.26189
  0.52784  0.66721  1.06610  1.27665  1.30196  1.41502  1.49109  1.69284
                               OCCUPATION 
  1.00000  1.00000  1.00000  1.00000  1.00000  0.00000  0.00000  0.00000
  0.00000  0.00000  0.00000  0.00000  0.00000  0.00000  0.00000  0.00000
 NKP=   80  NGP=       296  K=(  0.35523  0.35523  0.35523)  WKP= 0.0027
                              EIGEN VALUE 
 -0.23978 -0.15348 -0.15348 -0.13146 -0.10928 -0.10928  0.18530  0.76057
  0.76566  0.76566  0.89799  0.89799  1.05471  1.41772  1.41772  1.53842
                               OCCUPATION 
  1.00000  1.00000  1.00000  1.00000  1.00000  1.00000  0.00000  0.00000
  0.00000  0.00000  0.00000  0.00000  0.00000  0.00000  0.00000  0.00000
 NKP=   81  NGP=       296  K=(  0.25373  0.45672  0.45672)  WKP= 0.0082
                              EIGEN VALUE 
 -0.22311 -0.15910 -0.15014 -0.14130 -0.11047 -0.06226  0.14729  0.57840
  0.72918  0.75484  0.94222  0.99300  1.17299  1.38027  1.45648  1.57497
                               OCCUPATION 
  1.00000  1.00000  1.00000  1.00000  1.00000  1.00000  0.00000  0.00000
  0.00000  0.00000  0.00000  0.00000  0.00000  0.00000  0.00000  0.00000
 NKP=   82  NGP=       297  K=(  0.15224  0.55821  0.55821)  WKP= 0.0082
                              EIGEN VALUE 
 -0.20007 -0.17397 -0.15663 -0.13841 -0.11017  0.01922  0.13176  0.39914
  0.61751  0.70632  1.10307  1.12697  1.30892  1.37568  1.38975  1.48995
                               OCCUPATION 
  1.00000  1.00000  1.00000  1.00000  1.00000  0.00000  0.00000  0.00000
  0.00000  0.00000  0.00000  0.00000  0.00000  0.00000  0.00000  0.00000
 NKP=   83  NGP=       298  K=(  0.35523  0.35523  0.55821)  WKP= 0.0082
                              EIGEN VALUE 
 -0.22016 -0.16092 -0.15015 -0.13723 -0.10431 -0.04450  0.10939  0.61669
  0.67293  0.72713  0.97966  1.00073  1.14884  1.36941  1.58060  1.62352
                               OCCUPATION 
  1.00000  1.00000  1.00000  1.00000  1.00000  0.24981  0.00000  0.00000
  0.00000  0.00000  0.00000  0.00000  0.00000  0.00000  0.00000  0.00000
 NKP=   84  NGP=       298  K=(  0.25373  0.45672  0.65971)  WKP= 0.0082
                              EIGEN VALUE 
 -0.20485 -0.17153 -0.15248 -0.14150 -0.10635  0.01586  0.10368  0.50598
  0.51971  0.81216  0.94808  1.19299  1.28619  1.32403  1.39513  1.64963
                               OCCUPATION 
  1.00000  1.00000  1.00000  1.00000  1.00000  0.00000  0.00000  0.00000
  0.00000  0.00000  0.00000  0.00000  0.00000  0.00000  0.00000  0.00000
 NKP=   85  NGP=       302  K=(  0.45672  0.45672  0.45672)  WKP= 0.0014
                              EIGEN VALUE 
 -0.22764 -0.15548 -0.15548 -0.10464 -0.10464 -0.07924  0.08946  0.74896
  0.76385  0.76385  0.86781  0.86781  1.05752  1.57956  1.57956  1.63761
                               OCCUPATION 
  1.00000  1.00000  1.00000  1.00000  1.00000  1.00000  0.00000  0.00000
  0.00000  0.00000  0.00000  0.00000  0.00000  0.00000  0.00000  0.00000
 
 QMDQMDQMDQMDQMDQMDQMDQMDQMDQMDQMDQMDQMDQMDQMDQMDQMDQMDQMDQMDQMDQMDQMDQM

 MD ITERATION NR.      1:013          TOTAL CPU TIME =      9.30 SECONDS

                       CONVERGED ENERGY AND FORCES 
   NIT     TotalEnergy     f_max     f_rms      edel      vdel      fdel
     1    -59.76552851  0.000000  0.000000  0.28D-10  0.70D-08  0.28D-10

    ATOM              COORDINATES                        FORCES
MD:    1
MD:    1 Cu   0.000000   0.000000   0.000000   0.00000 -0.00000  0.00000
 
CHGPRO:     0.0000      0.2966768944     -0.4890867547      0.1563397101
CHGPRO:     0.1520      0.2913821777     -0.4896352258      0.1513061091
CHGPRO:     0.3040      0.2760865673     -0.4912542588      0.1364439868
CHGPRO:     0.4560      0.2524463189     -0.4940521668      0.1124984484
CHGPRO:     0.6080      0.2229196477     -0.4979782258      0.0809251934
CHGPRO:     0.7600      0.1904285359     -0.5026354419      0.0441159062
CHGPRO:     0.9120      0.1579530260     -0.5073385315      0.0055235954
CHGPRO:     1.0640      0.1280789342     -0.5108246509     -0.0306370600
CHGPRO:     1.2160      0.1026040613     -0.5115308203     -0.0604980212
CHGPRO:     1.3680      0.0823197598     -0.5075272861     -0.0812571785
CHGPRO:     1.5200      0.0670617519     -0.4970728489     -0.0911309955
CHGPRO:     1.6720      0.0560449064     -0.4797914454     -0.0898712445
CHGPRO:     1.8240      0.0483135015     -0.4572859327     -0.0796144799
CHGPRO:     1.9760      0.0430529911     -0.4342228483     -0.0648330022
CHGPRO:     2.1280      0.0396736569     -0.4153427463     -0.0507921843
CHGPRO:     2.2800      0.0377861549     -0.4022144933     -0.0413219785
CHGPRO:     2.4320      0.0371782384     -0.3971136337     -0.0380538992
CHGPRO:     2.5839      0.0377861549     -0.4022144933     -0.0413219785
CHGPRO:     2.7359      0.0396736569     -0.4153427463     -0.0507921843
CHGPRO:     2.8879      0.0430529911     -0.4342228483     -0.0648330022
CHGPRO:     3.0399      0.0483135015     -0.4572859327     -0.0796144799
CHGPRO:     3.1919      0.0560449064     -0.4797914454     -0.0898712445
CHGPRO:     3.3439      0.0670617519     -0.4970728489     -0.0911309955
CHGPRO:     3.4959      0.0823197598     -0.5075272861     -0.0812571785
CHGPRO:     3.6479      0.1026040613     -0.5115308203     -0.0604980212
CHGPRO:     3.7999      0.1280789342     -0.5108246509     -0.0306370600
CHGPRO:     3.9519      0.1579530260     -0.5073385315      0.0055235954
CHGPRO:     4.1039      0.1904285359     -0.5026354419      0.0441159062
CHGPRO:     4.2559      0.2229196477     -0.4979782258      0.0809251934
CHGPRO:     4.4079      0.2524463189     -0.4940521668      0.1124984484
CHGPRO:     4.5599      0.2760865673     -0.4912542588      0.1364439868
CHGPRO:     4.7119      0.2913821777     -0.4896352258      0.1513061091

 *I* wavefunction data written in zaj.data

 *I* writing eko_l

 *I* writing fsr_l, fsi_l

 *I* potential data written in potential.data

           <<<  Atomic Charge >>>
  ia is   rd d_rd  Charge(1)  Charge(2)  Charge(3)
   1  1 2.30 0.10   9.837159  10.066060  10.302426

 ***********************************************************************
 *                                                                     *
 *                               TIMING                                *
 *                                                                     *
 ***********************************************************************
      SUBROUTINE        CALLS        TOTAL CPU TIME           <CPU TIME>
             SCF            1                8.7076               8.7076
          WF_Dav           14                8.2980               0.5927
     diagonalize         3570                6.0087               0.0017
        dav_hphi         3570                0.9255               0.0003
         fftw3c3         8245                0.7624               0.0001
           kbint            1                0.5735               0.5735
         swffftx         3570                0.3786               0.0001
         dav_mgs         2380                0.3510               0.0001
        swffftx2         3570                0.3386               0.0001
       dav_mgs_2         2380                0.2758               0.0001
         dav_hij         3570                0.1659               0.0000
 dav_band2g_hphi         3570                0.1543               0.0000
      dav_nonloc         3570                0.1502               0.0000
          Chgfft           13                0.1259               0.0097
             Dos            2                0.1227               0.0613
  dav_residual_1         2380                0.1091               0.0000
          swffft         1105                0.1073               0.0001
         Writing            1                0.0966               0.0966
    dav_residual         2380                0.0741               0.0000
    dav_nonloc_2        22218                0.0732               0.0000
      dav_sumset         2380                0.0700               0.0000
  dav_band2g_phi         1275                0.0634               0.0000
    dav_copy_fsr         1190                0.0579               0.0000
      xc_gga_chg           26                0.0574               0.0022
      dav_precon         2380                0.0549               0.0000
     fdchgq0_fft           13                0.0539               0.0041
       dav_mgs_3         2380                0.0411               0.0000
    dav_nonloc_3        22218                0.0405               0.0000
    dav_sumset_2         2380                0.0367               0.0000
           Force            1                0.0363               0.0363
   fdchgq0_fft_1           13                0.0362               0.0028
           fd_vq           13                0.0360               0.0028
           pspot            1                0.0350               0.0350
    dav_sumset_1         2380                0.0301               0.0000
        fdforce0            1                0.0301               0.0301
       dav_mgs_1         2380                0.0291               0.0000
 dav_refresh_phi         1190                0.0212               0.0000
      dav_grmsmd            1                0.0207               0.0207
    dav_nonloc_1         3570                0.0189               0.0000
         FFT_SET            1                0.0156               0.0156
       dav_mgs_t           85                0.0123               0.0001
           Fermi           13                0.0123               0.0009
 ***********************************************************************

 =======================================================================
 TASK                   CALLS        TOTAL CPU TIME           <CPU TIME>
 FFT SingleProc          8245                0.7671               0.0001
 FFT MPI                  321                0.0347               0.0001
 FFTW MPI1                 27                0.0027               0.0001
  
 ALLREDUCE               8452                0.0334               0.0000
 ALLREDUCE_G               45                0.0019               0.0000
 ALLREDUCE_K            17935                0.1672               0.0000
 ALLGATHERV                68                0.0032               0.0000
 ALLGATHERV_KG           3655                0.0486               0.0000
 ALLGATHERV_K            2380                0.0336               0.0000
 GATHERV                    2                0.0001               0.0000
 ALLTOALLV                180                0.0081               0.0000
 ALLTOALLV_KG            9945                0.3052               0.0000
 TOTAL TIME FOR COMMUNICATION                0.6014
 =======================================================================

 TOTAL CPU TIME:  00 HOURS 00 MINUTES  9.57 SECONDS

 PROGRAM STATE ENDED AT: Jul  1 11:49:08 2025
  
 HHHHHHHHHHHHHHHHHHHHHHHHHHHHHHHHHHHHHHHHHHHHHHHHHHHHHHHHHHHHHHHHH
 HHHHHHHHHHHHHHHHHHHHHHHHHHHHHHHHHHHHHHHHHHHHHHHHHHHHHHHHHHHHHHHHH
                           _______________________
     __________   _______/______v______v______v___]
    D          | |                                 |
    D   A A    | | Congratulations!                |  C( > < )D
  --  =(^.^)=  | |  The calculation has converged. |    = o =
 |     @@@@@   | |                                 |    (    )~
 /--=O=-+-=O=---+--=O=--+--==O==--+--==O==--+--=O=-+--=O=---=O=-/
  
 HHHHHHHHHHHHHHHHHHHHHHHHHHHHHHHHHHHHHHHHHHHHHHHHHHHHHHHHHHHHHHHHH
 HHHHHHHHHHHHHHHHHHHHHHHHHHHHHHHHHHHHHHHHHHHHHHHHHHHHHHHHHHHHHHHHH
